0 0 
1 313 136 147 107 139 261 171 170 282 307 166 268 226 253 286 29 215 96 72 83 311 200 181 183 161 203 51 217 134 49 131 154 304 23 43 99 266 40 164 252 291 54 38 176 195 100 174 33 30 115 35 225 53 121 158 84 81 194 239 224 69 8 6 78 185 119 91 73 28 243 302 204 229 114 122 125 255 186 42 201 284 288 318 300 289 129 148 117 280 297 126 105 305 47 76 80 251 87 233 267 137 167 58 306 310 149 207 209 132 143 94 61 74 165 153 157 12 178 205 212 218 244 285 177 113 64 88 152 57 77 32 34 264 242 263 278 123 65 22 156 92 16 11 25 75 3 10 191 283 211 159 9 199 2 223 246 124 48 67 232 270 210 70 98 26 85 71 150 15 221 220 66 86 187 196 303 101 27 104 314 37 7 97 202 315 258 39 110 197 193 265 257 274 116 36 89 184 287 145 271 79 106 103 213 127 240 276 128 44 249 254 234 144 290 259 109 299 312 45 146 260 231 192 250 24 82 4 135 112 169 228 68 237 247 179 301 219 227 238 20 214 188 95 62 317 216 21 93 206 162 50 133 160 118 46 120 262 293 108 222 295 155 189 294 236 277 309 63 19 180 190 308 245 248 173 198 55 281 292 130 316 151 17 60 273 182 269 52 18 175 31 14 142 272 279 275 296 90 256 230 5 59 41 56 208 241 140 235 172 168 13 163 102 298 141 111 138 : 5093.75
0 1 
1 37 307 239 7 10 208 137 182 186 257 290 254 173 122 266 164 271 217 293 223 247 135 3 35 18 102 63 150 70 52 210 283 106 303 213 225 241 282 60 218 78 235 222 33 31 45 94 146 67 85 69 281 259 310 204 55 200 216 144 123 111 80 177 160 286 297 119 294 249 245 132 193 168 306 121 29 27 12 103 14 75 191 314 151 163 296 175 30 288 198 154 107 219 157 42 91 82 43 100 256 264 221 243 8 16 130 74 252 284 5 176 172 159 15 133 262 275 287 300 6 47 141 108 165 253 251 181 21 203 169 87 46 292 317 214 250 142 36 305 23 40 84 17 61 104 278 224 120 113 49 316 261 38 230 229 9 58 315 240 54 131 206 65 138 185 309 174 99 196 53 260 148 93 299 180 228 62 96 86 234 129 167 98 68 231 226 26 72 242 279 143 295 83 276 265 115 255 258 194 201 195 220 246 308 248 209 105 153 212 155 57 28 73 158 298 302 270 32 50 187 289 268 207 178 97 244 90 272 269 88 77 59 238 139 126 312 311 318 227 25 20 114 134 76 166 117 2 64 56 263 34 179 118 277 237 39 101 140 109 125 41 199 145 48 189 51 313 170 95 301 24 116 183 192 205 161 267 285 190 197 274 13 149 44 89 79 233 81 71 215 147 112 110 211 236 171 66 92 136 127 152 124 273 304 291 280 184 188 162 11 4 22 156 232 128 19 202 : 5071.75
0 2 
1 160 82 73 95 312 79 111 46 143 224 11 131 26 238 153 93 85 262 304 285 16 316 62 104 29 171 113 116 205 36 163 223 134 166 99 208 269 140 129 51 154 72 272 124 145 96 273 206 257 173 37 127 162 189 255 191 76 236 267 268 220 121 207 270 284 106 50 174 221 182 164 274 293 259 266 279 198 61 18 17 126 150 19 190 219 214 110 15 2 9 20 175 288 13 180 276 258 218 237 40 43 137 222 144 242 210 101 34 80 70 71 81 271 53 64 118 216 296 45 31 23 264 260 201 87 172 183 165 112 292 14 146 125 281 301 185 161 155 97 148 89 91 65 94 305 243 169 105 44 298 179 132 5 35 212 254 188 7 211 149 197 291 309 133 128 27 3 102 92 307 4 202 275 294 289 299 151 83 256 249 287 213 157 142 317 310 245 63 109 300 152 194 78 74 75 228 250 59 86 88 318 66 167 246 231 303 315 192 302 204 136 103 47 130 241 184 168 52 41 239 56 176 203 248 283 290 195 54 68 265 25 57 6 278 10 187 135 234 230 217 123 280 141 282 286 90 28 122 261 158 252 247 295 98 232 225 235 60 253 147 233 215 58 240 199 227 311 39 297 181 226 314 114 77 117 55 108 196 159 32 8 178 38 21 119 244 186 177 33 308 115 22 263 170 138 69 84 24 30 42 67 313 139 277 193 48 156 209 251 100 200 107 12 120 229 306 49 : 5128.66
0 3 
1 80 191 144 259 117 224 260 265 206 246 116 18 173 39 261 143 52 36 308 245 31 142 226 307 208 140 162 154 300 87 107 72 125 106 104 135 8 64 292 279 274 174 278 181 82 67 183 93 137 276 200 192 151 185 170 237 108 121 289 169 218 29 23 153 123 20 186 219 157 22 194 49 257 238 203 267 283 229 242 251 51 163 286 220 233 178 304 311 309 252 175 38 212 33 317 11 25 127 254 88 262 110 235 256 95 47 68 12 250 102 287 214 141 255 65 299 130 60 232 217 86 92 145 147 30 81 293 184 100 298 176 19 223 318 35 112 213 249 314 43 53 198 312 294 266 258 128 90 129 236 305 280 264 240 168 209 230 55 150 124 16 44 91 84 201 281 24 188 159 243 316 120 79 167 138 74 306 13 131 70 85 296 282 94 37 56 161 42 310 270 231 179 99 204 105 27 3 7 71 215 109 158 295 228 315 97 62 96 263 241 244 210 253 275 89 2 155 165 46 136 73 115 119 187 50 40 58 205 61 114 222 290 101 45 34 9 189 221 211 126 132 149 160 156 197 190 171 6 32 248 297 303 193 118 216 48 180 134 4 41 288 269 277 234 182 76 98 164 273 225 172 69 14 199 122 139 239 111 207 166 268 177 227 195 78 77 28 272 148 26 57 59 5 15 83 301 291 146 63 103 133 285 247 202 313 54 284 271 21 75 66 196 10 17 152 302 113 : 5067.51
1 0 
1 134 292 196 207 51 117 182 204 278 248 155 141 211 72 264 89 29 62 53 257 253 295 179 99 307 267 284 19 48 36 214 136 212 259 163 138 273 74 315 185 132 4 38 115 24 260 209 32 73 13 25 113 157 120 198 250 128 313 123 258 270 20 122 309 88 106 176 64 3 240 83 84 302 296 41 184 213 131 239 189 167 243 195 318 291 12 173 39 92 95 18 42 118 146 121 280 100 241 218 219 125 144 70 194 110 247 186 202 300 235 298 301 66 22 271 200 165 265 151 299 103 119 220 232 63 26 35 142 297 276 223 203 233 181 158 76 56 50 37 164 52 101 249 17 9 135 150 127 210 162 217 21 5 65 96 159 160 304 277 263 238 227 289 97 91 14 205 272 174 178 69 45 224 82 86 8 222 130 312 226 171 288 305 191 105 303 251 87 61 137 145 40 180 23 283 261 244 85 216 242 293 308 237 6 31 175 10 44 55 294 255 306 285 290 287 311 129 310 60 161 34 78 140 149 46 316 49 67 152 139 143 199 112 124 114 75 317 228 183 108 231 81 282 206 54 116 188 102 30 236 262 147 59 192 15 107 111 197 229 133 2 16 43 93 154 245 234 275 246 225 279 252 230 11 256 221 57 27 104 208 170 201 169 153 94 77 156 80 286 148 79 215 269 254 126 281 177 190 274 266 109 268 90 68 98 7 71 47 193 28 33 172 187 58 168 166 314 : 5110.01
1 1 
1 179 20 70 111 138 173 68 13 251 183 301 250 117 208 235 271 281 244 28 119 102 34 7 2 124 279 185 176 79 94 280 165 216 313 200 285 160 264 42 224 127 54 270 245 180 225 276 288 181 274 236 78 47 105 25 145 263 149 95 129 67 205 227 223 163 198 267 66 243 305 97 85 43 144 286 77 53 318 113 249 130 155 6 8 174 170 266 38 5 277 135 82 191 161 15 296 3 150 37 29 121 103 73 131 178 132 315 104 196 46 10 316 88 241 202 69 81 172 291 164 242 118 32 86 90 44 273 189 162 26 27 49 139 140 171 74 169 226 215 220 312 192 61 17 311 278 282 314 262 187 154 116 58 257 238 50 299 188 100 23 11 21 80 96 158 292 175 93 75 182 211 256 45 293 63 128 199 289 136 9 260 59 4 89 56 204 218 153 259 201 186 300 122 146 230 228 114 210 83 133 195 294 168 214 229 283 65 167 190 101 197 275 268 272 126 317 120 290 147 209 14 55 261 18 19 108 247 62 57 177 239 156 110 107 237 255 219 308 91 39 87 302 295 203 141 143 152 52 254 232 212 76 35 22 12 125 240 106 51 92 115 222 151 84 99 269 137 41 142 157 71 60 48 40 64 112 213 253 193 306 298 207 109 217 246 304 206 72 148 309 123 33 134 16 36 231 284 310 265 221 159 194 184 31 307 166 248 258 303 234 287 297 24 98 233 252 30 : 5114.22
1 2 
1 15 31 281 203 251 145 207 44 51 270 286 157 38 21 79 67 64 78 6 129 252 8 163 74 43 182 298 93 266 277 132 20 185 41 308 242 170 49 13 27 60 91 280 262 257 172 264 45 11 56 66 243 81 94 9 19 92 209 26 307 131 24 164 103 133 297 102 306 14 302 259 299 291 263 214 284 282 276 35 108 139 149 283 217 177 130 201 317 123 162 278 84 206 290 269 258 235 218 113 83 85 165 247 179 63 65 232 296 116 87 245 295 166 272 144 109 23 167 55 104 250 271 305 194 168 184 100 289 241 304 212 267 121 171 181 150 169 98 143 274 294 210 33 40 117 57 223 204 300 288 318 211 233 239 110 134 10 279 151 77 292 146 221 32 141 312 285 268 226 106 18 261 29 190 196 311 240 114 230 224 202 195 189 70 191 4 89 52 73 309 137 12 197 71 155 119 225 228 122 246 136 30 120 135 3 2 219 215 227 80 124 154 199 220 176 115 99 69 158 255 315 178 5 248 86 95 39 186 59 111 147 208 265 54 47 36 213 301 118 256 253 188 142 34 187 25 231 200 260 237 273 229 236 216 222 148 112 75 161 138 46 198 101 174 314 156 16 105 76 82 88 152 42 90 126 254 37 238 175 303 58 28 193 313 62 192 249 287 153 17 50 53 61 127 107 48 96 160 159 22 68 275 128 183 7 125 72 140 316 293 97 173 310 180 205 244 234 : 5111.81
1 3 
1 215 236 22 62 216 314 6 134 300 48 184 264 261 170 289 140 102 65 73 49 128 222 85 142 246 181 202 156 272 166 104 71 118 110 33 315 278 194 252 93 57 131 37 257 313 193 14 116 107 127 125 269 86 188 316 17 69 235 218 141 137 8 72 77 30 21 61 301 302 296 113 212 119 309 169 12 26 279 7 234 263 20 31 45 307 290 177 206 43 259 92 271 227 148 109 108 132 155 160 225 115 3 210 120 238 139 40 15 172 254 318 288 219 203 247 16 28 135 175 277 294 159 138 217 157 205 99 223 282 249 260 106 200 237 226 221 230 233 267 168 54 186 178 306 228 36 239 197 196 111 251 275 95 152 11 182 286 273 96 55 29 38 154 81 76 58 56 91 41 130 136 164 220 174 268 298 229 51 179 276 97 265 9 242 145 143 255 198 183 89 165 232 98 18 23 122 303 207 158 299 153 44 192 68 34 5 209 253 149 151 88 101 39 258 274 241 64 66 185 312 292 63 84 176 67 208 83 147 195 224 59 25 144 305 248 201 187 146 124 245 244 4 74 256 60 162 126 214 35 287 291 283 240 150 167 24 163 133 295 262 285 280 281 213 211 250 243 304 231 308 284 53 78 75 270 266 173 311 114 19 103 117 297 204 47 13 10 180 171 191 32 80 46 90 123 190 70 82 52 189 2 105 79 129 161 310 199 293 42 112 27 317 50 100 121 87 94 : 4981.45
2 0 
1 87 167 88 115 16 102 184 176 183 128 13 262 187 69 188 168 108 135 185 77 194 244 217 298 233 53 203 156 316 3 272 248 277 163 7 15 91 103 192 231 10 41 200 44 155 138 249 142 126 14 70 204 123 257 209 120 190 173 181 151 159 51 52 36 54 305 251 239 197 149 71 63 189 93 283 270 9 105 27 161 4 67 130 111 287 275 264 273 255 236 58 243 219 225 177 124 31 318 290 172 79 59 95 82 144 146 45 311 280 303 98 302 224 247 162 2 60 26 19 32 125 114 38 73 313 178 220 296 265 165 62 21 119 186 150 8 216 121 43 198 113 253 118 252 315 256 300 223 122 258 116 141 309 299 271 34 55 46 291 286 278 47 104 250 281 90 267 129 222 212 314 89 17 213 232 143 18 145 68 35 284 134 245 205 94 66 160 30 158 196 166 263 266 293 259 84 64 154 214 28 211 308 208 169 175 65 83 195 230 80 85 171 29 215 132 201 57 137 268 5 153 274 289 193 12 106 139 39 182 37 117 50 92 240 99 24 107 307 241 48 81 294 127 97 100 227 229 285 96 72 148 180 101 86 61 254 33 199 112 42 78 202 11 110 136 25 20 206 297 310 207 306 237 301 218 242 164 40 221 140 238 292 261 6 23 317 260 269 76 49 131 234 109 228 157 282 246 133 191 179 295 288 152 279 170 276 304 235 56 312 22 74 210 226 147 75 174 : 5111.51
2 1 
1 70 99 106 291 130 268 144 249 78 107 231 309 192 295 142 217 88 141 188 292 29 245 134 124 2 273 303 100 84 237 259 279 177 246 227 201 59 284 156 163 90 8 83 72 170 301 287 66 102 7 21 186 300 317 137 276 266 315 236 47 80 45 42 318 63 210 299 185 152 179 220 125 164 277 167 122 235 190 189 283 37 3 65 128 13 252 94 62 157 33 165 16 46 31 160 50 39 282 225 172 281 38 104 296 253 285 57 149 151 223 168 87 213 256 310 294 254 12 120 181 136 224 126 265 52 43 241 19 32 25 17 131 154 36 145 56 76 221 233 139 22 49 251 111 193 86 23 77 18 4 9 48 5 110 113 305 257 286 209 55 316 117 123 44 195 275 175 222 108 293 207 211 191 115 105 34 153 30 140 269 135 313 262 280 234 184 27 15 304 215 232 132 129 96 198 302 243 114 81 82 240 147 247 169 199 312 203 202 6 200 148 212 10 92 103 258 314 250 270 146 216 69 194 219 79 109 118 93 176 297 311 306 180 85 121 14 242 53 161 40 73 91 238 67 51 20 61 308 298 267 230 75 101 35 182 97 68 218 248 54 64 60 206 196 127 178 278 11 74 58 95 288 187 197 260 138 255 98 89 162 264 244 263 205 204 183 158 239 274 166 41 71 307 208 271 26 112 150 226 229 214 272 143 228 133 155 24 159 261 119 116 289 174 28 173 290 171 : 5178.31
2 2 
1 81 18 194 14 45 41 54 67 187 128 152 162 35 294 232 300 190 271 243 174 192 107 211 218 109 13 295 251 247 96 3 11 314 157 77 85 279 311 135 131 315 236 205 90 26 219 75 278 169 46 304 258 184 289 6 138 139 114 173 301 103 166 305 224 237 101 19 202 246 196 121 170 241 156 130 51 40 141 283 183 98 269 167 158 265 281 299 110 125 235 216 122 32 127 126 203 286 52 302 15 176 59 188 204 102 56 47 257 33 38 293 275 112 104 5 154 292 160 195 61 91 129 264 134 111 268 95 78 64 233 142 317 208 259 309 228 231 136 21 31 120 272 255 20 49 124 266 177 198 100 70 55 34 106 60 28 210 71 179 168 285 263 42 99 65 151 155 39 215 227 146 87 193 57 297 94 63 185 207 105 186 88 270 261 253 222 280 36 69 116 140 201 68 245 274 260 313 133 123 287 288 82 316 80 22 30 72 29 150 76 79 242 180 153 53 74 62 118 149 7 25 276 312 310 212 209 277 200 191 307 220 214 290 161 164 148 248 113 117 9 230 303 306 145 2 318 213 254 250 234 221 17 12 244 10 240 282 256 223 163 16 89 37 159 144 73 206 8 267 296 108 189 27 165 83 132 291 171 226 48 178 298 273 284 58 197 97 252 93 249 84 217 4 119 229 147 239 24 181 44 199 143 262 43 225 137 238 308 86 182 66 172 175 92 50 23 115 : 5181.35
2 3 
1 231 220 150 287 160 271 246 268 311 245 258 218 194 191 224 222 108 166 35 281 260 119 304 43 65 225 94 174 71 143 299 279 36 217 7 107 8 318 53 290 48 51 181 178 18 64 17 57 49 202 205 140 173 289 232 40 114 294 292 134 11 155 23 28 117 5 248 244 198 41 101 128 274 176 58 90 2 80 237 234 74 264 120 226 93 92 238 163 123 87 208 44 169 179 52 306 283 209 159 183 73 45 54 305 262 104 32 184 46 151 187 142 228 167 19 127 27 25 76 235 6 20 282 99 301 288 193 105 297 256 125 22 313 280 221 69 24 9 133 55 10 26 113 243 103 158 106 131 195 307 285 110 211 172 109 4 177 214 312 310 66 316 136 59 38 78 180 61 98 3 60 130 146 204 263 277 267 275 293 269 236 168 223 216 219 165 121 149 257 100 249 33 30 122 31 47 115 112 21 14 185 63 153 254 156 141 171 62 242 233 212 210 72 111 241 286 296 203 102 229 75 309 97 81 42 255 157 308 261 207 317 88 91 302 170 13 213 77 197 144 314 196 206 67 86 259 34 96 161 284 190 129 152 89 276 186 70 83 252 240 192 147 82 135 145 164 189 270 230 278 315 37 29 12 56 84 148 291 132 215 162 154 251 118 273 239 139 247 227 182 265 200 250 266 188 199 137 39 95 298 272 138 295 253 50 68 303 300 201 124 175 85 79 126 16 116 15 : 5139.72
3 0 
1 77 267 200 301 158 97 42 61 60 54 31 178 310 307 291 201 287 72 172 233 136 116 37 289 308 241 263 314 254 89 28 133 149 91 67 25 58 176 168 276 129 169 4 179 38 107 122 22 57 82 59 231 228 70 92 146 119 132 85 192 265 50 161 144 274 189 76 305 309 64 30 242 84 73 55 45 259 131 10 316 157 275 278 105 148 247 232 191 9 110 234 248 177 18 102 90 153 127 181 69 300 251 188 208 103 140 246 215 264 293 297 174 195 279 151 238 303 295 183 315 281 182 207 204 159 262 117 26 197 121 24 294 141 223 190 175 3 101 290 164 99 213 145 266 113 225 123 205 206 87 74 138 268 95 63 150 230 252 35 120 209 98 226 227 306 285 112 152 14 240 39 78 53 6 147 11 19 29 166 317 173 115 211 111 193 249 167 282 239 106 143 256 216 36 255 155 32 86 75 313 245 180 160 88 312 277 272 34 156 250 220 125 222 137 21 283 235 199 170 40 237 214 292 108 203 261 44 139 124 104 48 27 49 280 270 162 41 217 187 210 224 114 218 62 80 43 51 68 81 128 71 20 23 202 66 13 79 196 271 165 186 298 296 260 12 2 142 5 221 269 93 219 229 130 52 273 244 17 134 185 253 109 163 311 83 15 258 8 257 302 288 171 65 126 194 56 7 33 135 243 46 16 96 198 318 154 184 299 212 118 286 284 236 94 47 304 100 : 5098.56
3 1 
1 84 39 225 175 265 109 83 27 193 159 111 217 262 234 108 250 202 112 93 32 123 44 38 95 66 153 76 45 213 110 231 260 29 247 233 254 157 257 49 22 316 79 240 124 81 136 315 212 125 215 31 85 59 289 304 268 239 312 277 259 145 296 258 142 152 63 183 42 149 137 106 58 244 200 252 220 266 222 147 17 41 174 3 23 172 132 160 280 6 191 40 71 199 18 292 272 310 237 235 186 285 14 138 317 51 19 2 131 148 167 196 36 37 255 48 47 77 122 195 162 308 311 69 282 99 188 309 297 135 68 238 314 236 245 318 129 170 102 276 166 214 7 70 227 96 120 165 64 189 121 300 146 67 20 267 103 221 61 203 249 307 187 275 279 133 176 113 141 313 288 155 271 281 184 43 150 35 269 291 30 143 126 190 100 114 115 116 13 80 16 128 57 246 107 242 130 224 204 171 293 82 181 243 299 86 78 218 290 264 230 161 73 104 21 28 229 139 223 305 55 173 301 98 105 90 261 232 253 151 72 134 97 50 201 74 306 117 192 87 53 177 205 75 52 180 164 154 54 185 274 241 228 298 206 34 5 273 294 88 226 127 8 156 210 9 15 287 284 263 12 11 33 169 182 62 179 216 158 10 25 94 198 256 251 248 118 140 101 46 208 209 303 4 219 302 197 65 163 26 144 207 194 295 270 178 283 60 91 56 92 278 286 119 89 168 211 24 : 5156.83
3 2 
1 137 96 269 263 169 242 290 195 142 38 308 54 145 103 177 234 8 27 92 33 133 271 240 149 261 235 270 91 88 212 12 108 165 273 311 219 77 56 288 138 31 253 312 286 42 3 150 226 6 275 61 162 60 208 135 10 7 50 259 314 63 122 130 184 116 230 310 99 186 146 83 51 183 188 172 132 112 106 11 175 291 156 190 239 139 104 9 41 274 58 45 28 90 25 214 241 232 16 127 174 202 143 166 157 297 289 203 168 97 78 294 284 258 233 303 309 164 159 278 82 15 2 170 87 151 198 17 154 107 131 4 216 70 128 24 277 67 281 301 315 280 264 115 205 182 46 125 110 192 152 238 39 37 295 173 229 317 136 113 211 279 285 255 35 180 307 59 148 30 161 120 55 123 204 79 52 49 185 181 206 187 251 68 85 191 260 221 114 32 250 66 34 140 227 179 231 217 218 318 268 222 158 223 201 266 196 40 126 75 57 21 22 14 101 276 153 94 207 124 246 213 26 144 215 189 265 245 256 262 210 74 72 283 155 20 69 252 119 163 64 209 302 134 73 100 287 305 65 105 194 167 89 199 129 109 298 313 293 300 147 292 248 13 117 18 225 171 282 141 62 176 257 224 299 160 249 76 48 200 306 244 243 102 95 178 304 267 47 121 5 29 193 197 296 43 98 86 44 53 220 84 247 272 228 237 118 236 316 80 19 81 93 71 111 23 254 36 : 5104.78
3 3 
1 54 117 100 195 60 19 292 160 187 52 15 298 307 199 94 166 279 184 258 194 66 150 16 78 21 174 51 271 213 193 87 64 165 257 202 256 277 45 8 226 276 139 120 154 208 214 272 132 144 218 183 68 88 108 232 96 69 31 240 302 291 249 278 152 53 127 13 189 7 2 243 285 289 293 274 192 29 115 50 206 264 311 301 268 314 219 221 251 210 167 118 135 159 63 308 57 138 6 41 3 230 121 171 168 73 75 205 46 110 244 294 148 79 76 175 134 178 11 37 241 228 196 282 102 56 39 286 61 310 133 27 28 253 188 265 306 261 295 280 157 315 130 47 49 112 164 95 119 89 71 93 81 98 169 58 80 300 181 250 77 201 290 209 70 204 145 146 92 155 142 283 259 233 190 235 109 263 83 303 123 223 238 141 212 242 9 269 245 267 266 14 158 36 234 305 180 128 84 22 312 42 113 151 116 248 43 24 74 106 170 90 67 162 17 252 275 313 203 126 227 220 222 185 34 287 297 172 200 299 44 20 270 198 97 207 62 140 30 33 18 104 105 86 318 35 55 82 10 143 131 163 129 254 48 23 38 236 246 237 255 156 26 177 101 281 211 136 216 316 149 161 262 186 191 309 103 4 99 288 304 125 111 217 124 197 72 32 5 284 224 107 247 273 176 137 182 12 122 229 239 85 40 260 225 65 153 231 25 179 215 147 114 296 173 317 91 59 : 5159.68
4 0 
1 111 141 95 34 219 101 127 73 175 210 109 310 254 117 61 113 50 119 118 110 135 156 88 96 25 107 297 58 246 267 285 56 121 146 230 272 35 286 253 298 208 212 300 307 45 179 186 83 281 306 291 294 258 57 38 92 171 209 163 252 85 27 16 151 39 145 313 48 220 217 116 120 29 19 89 53 9 176 99 228 100 78 165 302 215 105 235 224 133 184 199 162 164 315 140 185 65 201 60 168 62 308 233 293 280 226 200 91 157 20 316 150 63 296 122 247 279 283 312 98 69 77 4 7 234 309 153 221 147 125 211 40 189 287 232 270 259 222 75 13 43 123 161 238 245 192 114 97 68 74 188 303 205 82 2 104 36 46 237 264 15 124 225 196 6 148 236 52 10 21 130 129 213 314 231 54 318 41 87 290 277 311 284 191 18 240 271 158 255 251 66 182 275 204 14 292 44 173 178 155 262 257 102 273 170 239 299 304 305 154 32 12 108 103 24 167 190 23 42 263 206 244 243 174 8 30 3 22 223 216 197 203 94 248 64 202 26 37 269 198 84 76 242 80 106 128 143 301 47 241 260 265 138 11 282 139 90 160 172 31 131 159 256 268 218 227 132 183 193 194 177 214 250 278 180 229 28 55 70 115 144 295 266 93 79 72 51 149 112 249 136 17 317 152 166 207 187 276 33 5 289 71 86 195 142 49 81 59 274 67 181 169 261 134 126 137 288 : 5108.58
4 1 
1 138 250 140 60 15 178 11 293 206 142 153 27 174 162 260 290 63 279 286 263 119 20 127 120 34 170 203 71 47 288 229 220 315 249 306 318 186 65 152 192 289 287 304 297 272 195 205 243 254 64 257 116 255 181 136 313 280 100 194 88 38 125 147 114 155 277 190 56 105 79 83 292 14 123 46 202 112 256 90 43 10 94 159 130 139 110 132 89 300 265 262 242 183 234 8 149 236 133 126 225 171 141 69 296 166 191 117 267 154 240 57 227 207 184 145 76 66 232 164 197 29 86 77 314 284 4 81 55 303 276 308 213 37 182 51 31 204 50 49 109 111 241 28 23 101 237 39 40 58 44 22 299 99 251 93 82 156 146 150 3 98 61 309 275 189 253 302 201 317 78 96 128 222 157 13 73 87 91 95 129 25 121 24 124 187 163 173 17 108 211 252 226 228 285 48 104 6 32 215 238 258 264 217 283 12 210 67 33 41 248 266 245 45 106 134 261 310 271 218 231 196 259 35 158 2 36 97 74 84 68 19 102 70 53 103 278 52 169 188 21 30 42 26 144 311 199 291 122 316 209 305 7 307 301 180 185 59 246 273 16 212 172 193 167 282 54 5 80 198 294 92 75 161 143 62 214 235 160 270 224 298 295 239 148 85 9 176 268 233 177 18 175 179 72 216 219 208 247 131 151 135 274 221 165 269 118 312 137 281 200 107 223 115 168 230 244 113 : 5015.56
4 2 
1 70 167 281 289 100 91 276 40 305 20 168 127 62 139 178 177 76 69 244 39 64 16 10 5 7 148 161 54 169 174 307 118 189 115 284 288 85 58 205 291 217 251 229 311 268 308 157 285 266 318 163 162 267 123 186 84 175 145 192 59 198 182 197 208 306 271 219 57 202 43 179 278 250 313 227 212 151 294 143 273 14 98 137 196 200 279 270 185 245 195 224 233 230 82 216 126 300 112 68 89 99 135 49 252 130 131 149 116 27 160 125 295 171 66 232 153 166 78 9 203 77 280 317 53 83 44 31 117 242 32 45 79 191 61 204 226 81 298 180 187 259 234 235 181 29 156 158 110 109 241 223 290 147 296 253 73 114 225 34 36 63 254 120 133 215 248 301 12 106 46 55 211 94 30 6 159 71 101 140 60 261 231 222 28 269 103 33 50 286 113 35 172 138 134 75 119 213 275 141 188 277 184 8 209 283 237 274 102 154 107 26 258 150 87 260 257 3 236 264 199 96 272 316 239 128 48 88 314 255 243 95 92 80 122 302 17 37 4 144 129 297 152 41 206 249 246 13 22 23 121 190 90 93 193 74 47 72 293 146 207 282 194 21 56 38 173 247 86 51 25 299 176 65 263 228 214 287 52 24 310 304 132 142 220 240 105 292 265 18 19 238 218 262 97 155 256 11 2 111 315 303 210 136 42 15 165 170 309 124 164 312 201 67 104 183 108 221 : 5230.45
4 3 
1 101 70 301 189 110 10 37 53 274 311 15 224 108 268 213 193 261 255 259 304 234 87 127 155 158 159 34 83 21 9 79 172 118 141 66 187 295 126 47 210 214 288 139 151 244 149 11 198 26 226 289 116 267 115 250 216 169 220 49 89 308 86 138 131 146 157 176 103 57 292 55 190 207 40 241 59 4 5 121 119 280 282 196 88 64 25 145 154 197 231 233 100 175 271 260 152 237 306 85 82 318 135 24 31 69 95 245 167 102 92 50 44 113 202 195 6 106 2 188 12 27 218 81 23 32 125 117 212 43 208 303 22 185 203 205 30 291 315 48 35 17 7 194 254 137 120 162 144 270 223 272 192 109 305 296 252 229 73 68 104 284 219 209 256 16 168 182 67 36 286 160 235 142 136 20 41 54 153 183 240 65 309 283 99 201 94 191 228 181 28 247 312 294 56 80 39 174 111 310 293 281 173 206 199 130 77 72 78 277 19 140 13 276 222 232 150 63 14 3 221 285 165 275 75 133 124 238 161 71 278 225 179 123 52 166 122 215 264 18 60 93 204 114 236 98 74 90 96 263 107 246 45 147 163 33 307 97 186 170 217 178 253 251 230 314 257 266 290 287 76 317 29 316 211 112 313 128 105 299 300 269 258 184 248 156 61 42 129 148 273 297 46 62 242 262 265 302 132 84 51 171 8 298 180 279 58 239 134 143 91 38 177 243 227 249 200 164 : 5169.08
5 0 
1 185 52 8 47 116 133 28 2 10 86 9 204 228 313 119 107 299 122 63 59 89 40 19 3 70 105 79 189 198 209 269 294 225 253 53 27 67 214 223 178 125 73 143 129 95 34 13 57 199 110 240 150 41 154 220 15 235 315 270 126 272 295 136 94 252 197 249 137 130 44 12 82 309 280 187 153 20 177 300 217 171 131 258 216 318 251 224 218 49 138 192 77 85 71 17 127 248 226 146 163 16 305 284 283 213 32 238 279 190 123 56 104 18 5 149 263 60 25 33 316 61 191 210 147 141 139 256 170 135 221 232 259 287 278 282 275 132 308 100 38 90 96 306 290 271 120 268 46 6 87 167 317 75 74 51 23 152 261 36 245 78 273 231 183 176 239 134 281 155 142 26 166 68 307 181 156 168 14 202 265 92 180 262 24 233 303 264 222 288 200 128 65 162 62 103 201 101 108 115 69 304 312 165 159 207 246 76 4 113 84 145 186 208 175 118 121 21 219 237 274 164 124 298 184 117 206 255 310 193 151 277 234 112 196 215 257 161 81 37 30 80 247 173 211 55 241 227 54 11 29 158 243 7 45 31 102 42 35 296 72 88 48 157 311 172 182 114 301 276 160 302 286 148 174 22 242 43 91 93 236 140 205 97 83 64 195 169 66 188 58 212 109 285 293 267 194 289 254 144 39 106 203 292 266 314 99 98 297 179 229 260 250 111 230 244 50 291 : 5124.66
5 1 
1 192 162 17 50 174 171 303 297 101 22 28 289 72 191 47 24 147 45 170 18 248 238 301 19 255 151 306 134 315 73 93 157 273 212 144 287 213 219 294 178 77 195 308 57 71 105 54 89 80 114 276 160 107 266 14 200 227 300 23 36 85 317 112 38 127 10 25 15 225 262 161 66 205 216 236 247 60 91 133 249 302 307 58 13 136 7 110 272 223 314 129 280 43 3 42 31 53 215 220 313 46 92 283 108 189 40 99 33 285 177 260 199 103 149 128 239 35 56 70 186 197 201 21 115 311 180 76 271 193 169 83 204 259 230 148 8 221 217 270 139 250 95 150 79 16 131 256 232 278 94 183 126 243 120 68 265 245 2 55 27 6 176 234 288 292 172 290 82 41 67 269 210 310 188 279 113 100 130 164 293 298 62 155 312 87 187 63 218 268 267 228 32 123 264 281 284 158 37 109 309 51 274 275 229 214 211 143 52 125 179 194 34 49 198 203 304 295 59 156 166 159 5 233 104 48 111 20 138 88 124 152 146 286 11 74 78 75 118 209 102 196 154 64 61 244 299 65 318 44 240 190 277 222 246 81 69 140 167 4 137 153 291 119 29 207 168 296 142 224 185 257 202 141 208 26 258 30 135 145 261 90 86 316 97 175 254 116 181 182 96 241 226 184 98 106 163 165 173 206 122 252 9 132 121 305 237 39 12 282 251 263 235 84 253 117 242 231 : 5303.87
5 2 
1 112 289 171 50 15 48 108 169 227 304 24 318 136 91 104 5 205 125 83 172 262 285 274 297 46 77 121 288 210 272 263 270 216 269 298 160 275 151 250 144 218 207 259 257 37 81 206 97 198 115 156 186 7 255 57 316 101 22 31 92 182 303 43 16 268 100 188 177 73 293 12 116 71 52 87 222 174 223 245 242 6 76 61 131 148 21 240 280 135 241 228 192 203 283 312 221 217 36 150 175 261 224 184 214 168 114 44 244 190 196 199 292 310 159 106 82 29 10 2 254 118 51 26 34 30 45 11 25 265 165 113 149 20 64 311 236 53 27 247 86 132 183 306 308 103 277 213 215 226 253 129 85 162 93 110 75 89 18 191 246 23 248 58 157 243 126 134 3 41 307 68 139 264 185 122 33 220 166 163 235 167 90 96 4 66 193 313 282 130 94 161 17 153 271 281 99 238 234 65 14 119 314 189 231 251 300 147 123 239 232 173 197 201 296 195 299 278 170 284 47 152 55 138 155 294 225 212 56 124 111 32 120 154 35 8 273 219 267 9 315 13 208 200 84 176 233 74 88 194 39 260 302 164 229 286 181 80 109 28 60 137 211 266 305 290 38 72 42 140 158 95 54 98 256 230 63 107 237 258 276 179 187 133 301 143 141 295 178 291 142 19 128 145 317 146 117 279 127 309 249 70 202 204 67 49 78 79 102 59 209 69 105 62 252 180 287 40 : 5246.69
5 3 
1 55 119 252 291 167 208 112 268 197 284 314 236 240 210 127 139 265 140 86 99 114 262 153 126 125 213 219 19 222 92 30 98 177 225 80 70 82 190 78 187 96 278 308 307 54 48 7 93 49 45 277 227 76 25 259 288 212 301 279 251 100 215 300 312 283 232 135 110 237 191 64 72 179 165 223 220 124 248 73 61 145 115 311 172 221 297 130 170 235 159 35 317 217 148 12 103 31 108 247 142 75 176 266 150 106 117 156 173 171 286 194 185 193 59 10 295 293 144 69 97 83 53 154 26 22 18 2 274 198 209 57 200 310 91 56 133 8 74 67 261 5 111 121 143 298 183 33 28 101 180 50 87 158 245 17 188 161 182 39 128 275 272 280 269 163 289 254 138 77 169 224 66 157 206 231 162 141 174 230 287 276 37 116 216 6 160 306 60 256 85 186 196 270 273 43 40 84 94 47 318 205 27 184 14 181 294 234 164 178 105 244 71 195 88 263 155 299 168 281 189 120 109 149 257 102 282 226 3 207 13 20 21 246 201 296 302 316 9 65 107 151 44 309 95 63 290 123 260 241 214 211 229 62 131 16 132 305 38 250 285 58 129 23 4 113 239 292 51 46 41 29 15 81 242 24 122 90 218 315 147 34 134 228 166 238 271 253 137 255 136 258 304 192 146 36 32 11 267 104 42 52 233 313 243 68 202 175 89 79 303 203 249 152 204 118 264 199 : 5121.46
