0 0 
1 27 35 313 136 2 248 107 101 139 232 267 261 171 170 282 307 166 268 23 38 258 99 97 266 40 164 39 85 309 180 71 189 201 63 295 187 208 198 22 113 140 155 26 303 220 152 108 48 116 132 141 308 15 167 235 172 168 53 225 263 278 123 118 149 300 77 289 129 148 117 128 274 280 297 126 105 305 32 44 47 76 80 251 143 94 109 61 74 165 151 153 157 264 12 178 197 287 145 271 36 18 130 249 316 79 106 103 213 127 298 207 254 31 240 276 255 125 122 114 229 88 204 302 243 43 7 160 42 144 173 133 50 162 206 270 93 21 175 216 273 317 110 62 163 184 115 64 292 13 121 158 84 245 81 186 87 194 239 224 69 8 6 78 259 185 37 95 188 214 14 20 238 227 285 219 301 179 247 237 68 228 169 112 236 156 315 28 92 73 16 11 25 75 3 10 209 191 60 283 233 67 211 159 9 138 102 262 304 91 46 199 147 223 246 124 275 296 90 306 256 230 234 5 59 41 56 299 312 244 45 241 146 260 231 192 134 111 217 51 203 161 104 58 183 181 205 142 200 290 202 311 83 72 96 215 29 286 253 226 52 137 54 154 131 49 250 24 82 4 135 119 120 294 293 318 288 284 30 33 281 174 257 34 177 272 193 100 195 269 218 265 310 176 291 252 182 210 196 222 89 190 70 98 279 242 212 150 17 57 314 277 221 55 65 86 66 19 : 5427.92
0 1 
1 50 37 300 6 47 178 141 108 165 208 137 182 105 56 104 151 100 186 244 257 290 30 288 254 173 122 266 164 271 217 293 223 247 135 3 119 35 204 243 8 16 55 18 102 63 150 227 70 52 210 283 106 303 9 58 229 315 240 54 131 206 65 138 272 115 185 309 174 99 196 64 53 260 148 93 299 180 228 62 96 86 234 129 167 98 68 231 90 226 26 76 72 242 279 143 287 83 306 276 265 38 255 258 194 126 59 118 201 179 34 263 195 171 66 92 220 246 136 127 152 124 273 304 291 310 280 184 188 162 11 134 4 22 156 232 128 269 19 113 120 224 278 61 261 20 17 84 40 23 305 216 308 248 209 36 142 250 214 317 292 166 46 87 169 203 21 181 251 253 49 94 259 130 146 45 31 33 222 235 78 218 85 60 97 190 282 241 236 211 110 144 123 111 80 177 160 286 297 2 294 249 245 132 176 5 284 307 200 252 25 74 159 149 197 212 267 155 57 28 73 158 13 298 302 77 139 270 32 202 205 187 161 274 289 238 183 268 285 230 192 198 154 107 219 157 69 42 91 82 43 256 264 221 67 225 213 275 318 15 262 116 117 24 301 95 170 313 51 189 48 145 199 41 125 109 140 101 114 39 153 237 277 79 233 81 71 215 147 112 163 207 314 311 191 75 14 312 103 316 12 27 29 121 168 281 193 172 295 88 44 89 133 239 10 7 296 175 : 5357.26
0 2 
1 160 82 73 95 312 79 111 46 143 224 11 131 26 238 153 93 85 262 304 285 16 316 62 104 29 171 113 116 205 36 163 223 134 166 99 208 269 140 129 51 154 72 272 124 145 96 273 206 257 173 37 127 162 189 255 191 76 236 267 268 220 121 207 270 168 184 241 245 68 176 265 297 39 311 227 152 216 199 28 92 90 286 290 282 56 141 280 123 217 230 234 59 135 67 88 187 149 69 107 18 258 23 264 260 201 87 172 283 83 183 165 248 209 139 6 53 167 57 301 229 63 164 125 291 185 294 226 78 155 246 89 181 200 244 292 38 103 188 112 274 161 49 45 142 178 195 120 54 14 71 251 222 146 194 156 287 148 315 275 278 10 259 151 276 284 102 180 13 288 70 130 198 175 47 309 299 40 20 9 2 197 15 266 110 214 219 307 66 190 300 43 19 22 150 50 237 204 126 17 61 118 133 203 281 97 64 193 91 136 65 48 94 305 52 75 109 263 303 243 242 169 105 44 74 210 298 35 179 31 132 138 115 228 240 3 137 58 7 289 157 215 233 239 147 253 4 60 235 254 225 232 170 256 313 98 101 295 192 247 310 252 158 41 213 212 261 202 182 221 122 211 119 114 86 308 293 42 159 174 27 32 106 128 271 317 296 279 144 34 5 100 108 177 250 117 249 318 314 77 24 33 30 8 218 306 80 196 277 12 186 55 25 21 84 81 302 231 : 5334.13
0 3 
1 80 191 207 144 259 117 224 260 265 206 246 116 147 208 199 145 73 92 86 217 232 139 60 130 299 136 46 65 255 141 111 214 173 122 165 249 12 250 102 287 39 261 143 52 14 155 218 29 275 253 210 268 244 240 242 209 291 55 150 124 16 44 91 197 190 171 6 32 248 297 142 226 303 193 185 312 307 170 119 234 160 128 34 140 77 36 236 239 308 43 31 277 118 90 28 198 76 180 3 7 71 215 109 158 295 23 315 97 62 96 263 241 264 280 305 11 168 40 113 230 153 146 163 247 202 21 251 18 20 174 267 203 135 123 270 157 228 194 235 257 238 8 183 5 35 318 223 211 221 15 105 216 110 262 88 254 127 19 53 317 33 2 212 38 175 252 309 311 304 178 233 220 57 121 286 237 95 134 301 68 51 213 115 229 283 186 192 195 227 49 177 22 289 219 104 81 78 156 103 149 132 126 25 161 181 47 107 256 279 137 166 281 285 148 266 225 83 187 133 258 164 294 182 314 26 272 271 106 125 72 4 276 54 41 87 151 269 48 300 30 200 293 184 169 100 298 108 176 129 162 59 154 273 172 288 27 204 99 179 231 82 79 243 313 282 13 85 64 159 292 84 101 167 138 274 201 120 131 70 93 306 310 69 24 37 74 188 278 94 296 42 56 67 316 63 50 98 75 66 196 10 17 152 302 284 112 58 205 61 114 222 290 45 9 245 189 89 : 5352.3
1 0 
1 213 29 292 264 280 196 193 131 210 237 217 21 5 126 65 96 28 169 248 208 104 57 122 218 11 100 279 225 146 118 42 108 231 206 229 204 54 62 43 116 154 74 89 188 171 288 305 221 105 202 99 119 251 149 194 70 75 186 172 179 254 139 60 290 285 85 255 294 134 318 143 199 216 12 274 226 130 164 6 52 10 112 246 287 170 138 260 283 275 312 102 4 132 95 147 249 9 135 150 127 133 243 177 189 161 34 55 44 306 41 101 311 129 310 2 16 259 93 136 245 234 114 152 36 67 49 316 160 315 257 302 53 156 47 153 239 59 201 128 120 286 168 236 30 155 166 33 141 71 253 167 198 195 185 291 173 92 250 270 88 38 115 24 48 209 19 157 113 144 106 176 247 64 3 300 284 298 301 66 293 308 187 242 72 244 261 23 180 40 145 137 61 87 303 191 103 220 232 63 26 35 297 276 223 45 233 181 158 281 56 50 37 121 159 81 78 282 77 39 124 110 17 7 84 140 238 222 8 86 82 224 203 69 178 174 272 205 14 91 97 289 227 263 277 46 80 235 125 219 241 31 175 111 107 192 15 27 265 76 162 142 25 295 182 266 197 98 109 256 163 230 252 258 184 148 79 317 215 268 228 183 269 307 278 68 212 117 51 190 90 262 313 123 314 94 20 309 304 58 22 271 200 165 151 299 214 13 83 211 273 240 296 18 32 207 267 73 : 5354.54
1 1 
1 179 44 20 100 70 111 173 206 68 214 13 251 301 250 117 208 235 271 281 5 244 135 82 191 161 15 296 3 150 83 133 274 236 78 47 105 25 145 263 149 95 129 67 205 227 140 223 163 198 195 158 59 66 267 199 289 24 109 207 298 183 180 288 243 245 270 217 54 33 123 309 148 72 304 246 43 85 97 305 222 115 92 51 106 237 107 2 102 41 280 279 110 196 74 168 216 229 283 65 167 190 101 197 275 28 272 49 126 317 120 290 147 181 14 55 261 18 19 108 247 276 57 177 239 156 164 171 220 294 226 215 268 134 46 192 61 17 48 278 178 282 182 262 187 32 189 154 116 58 257 238 50 299 63 188 169 26 23 11 21 80 96 312 292 175 93 75 311 211 256 45 293 314 128 136 9 260 224 4 89 56 204 212 153 259 201 186 300 316 209 230 228 114 210 219 308 91 39 131 87 302 295 203 141 143 202 152 52 254 232 225 76 35 22 12 125 104 240 264 119 142 42 132 86 7 160 79 88 313 124 165 269 157 60 285 185 71 137 200 94 34 176 99 84 151 38 266 170 174 81 8 139 6 155 130 242 249 113 318 118 277 53 77 286 241 144 306 62 193 253 213 90 273 103 112 64 73 40 27 218 127 16 69 36 10 146 231 284 310 265 221 159 194 184 31 307 122 166 248 291 258 121 29 138 303 234 37 287 255 315 297 98 233 252 162 172 30 : 5364.07
1 2 
1 15 31 281 301 208 203 251 235 218 113 83 44 165 175 95 308 86 13 248 5 178 315 255 158 77 292 99 115 176 220 32 112 154 124 63 65 41 137 164 296 311 87 245 295 166 80 120 30 153 287 249 192 62 313 127 193 28 58 303 54 238 217 283 149 182 108 35 104 276 282 284 214 263 169 98 143 274 294 210 33 40 209 117 57 223 141 300 185 200 318 211 233 12 239 106 134 132 277 266 199 107 136 93 298 34 43 74 201 163 8 252 129 6 49 38 21 265 155 79 67 64 157 10 279 151 257 116 146 221 232 139 312 285 268 226 179 18 261 29 190 196 247 240 17 14 85 259 299 291 150 181 171 307 26 92 19 9 94 81 243 66 56 11 45 264 172 78 135 3 2 219 215 227 272 144 109 262 121 267 212 304 241 194 100 184 168 82 76 231 302 152 42 90 126 254 270 237 91 145 48 224 297 197 71 125 101 7 55 138 183 273 128 111 275 102 234 244 205 180 310 173 289 293 316 140 72 131 24 97 103 133 16 195 280 314 69 198 46 204 161 4 159 213 51 61 174 22 47 68 89 202 186 70 229 25 36 23 288 75 52 191 96 253 50 260 189 118 60 130 177 306 256 188 236 167 170 258 269 290 206 84 105 278 162 225 123 317 230 309 250 271 305 147 53 207 286 37 156 216 242 228 187 122 246 59 119 114 142 27 148 88 20 73 160 222 110 39 : 5329
1 3 
1 140 310 161 93 289 252 137 39 278 59 33 110 224 118 195 104 147 272 192 44 153 158 207 303 122 23 18 65 98 232 101 85 260 194 89 183 142 202 47 270 13 10 230 57 221 222 226 237 200 106 181 165 249 282 223 99 49 128 205 77 30 246 21 61 157 69 235 218 141 166 170 261 215 206 236 314 25 8 72 156 56 58 216 62 22 76 81 154 38 29 55 264 184 48 300 134 6 199 293 180 220 174 268 298 229 51 179 299 283 291 287 35 214 126 315 162 60 256 74 4 244 245 124 146 187 201 248 305 144 116 285 262 102 295 133 163 24 255 198 302 296 113 212 228 309 36 239 197 71 196 111 251 275 95 152 11 182 286 273 96 119 169 12 26 279 240 150 167 143 145 242 9 265 97 276 7 234 263 20 31 45 307 290 177 43 258 193 129 79 105 2 189 52 82 70 123 94 87 63 313 121 100 50 317 27 112 42 233 267 168 54 186 178 306 115 3 210 120 238 139 40 15 172 254 318 288 219 203 68 34 5 209 253 149 247 151 88 73 274 241 64 66 185 292 16 84 176 67 208 83 28 135 175 277 294 159 138 217 225 266 160 117 103 155 132 108 109 148 227 271 312 92 114 19 259 204 80 32 311 191 171 46 90 173 301 91 41 130 136 164 297 75 78 53 284 308 231 304 243 250 211 213 281 280 14 17 316 188 86 269 125 257 127 37 131 190 107 : 5350.81
2 0 
1 171 186 60 280 181 64 203 167 193 266 279 116 9 300 55 3 317 107 273 191 43 195 261 111 163 106 255 118 147 198 188 305 286 316 8 149 35 49 47 173 220 313 179 156 222 120 62 98 76 74 129 56 122 233 217 11 276 17 269 22 18 84 312 213 235 196 10 212 310 123 246 117 109 87 278 112 281 239 176 155 21 83 166 263 119 174 267 82 29 245 257 306 168 184 197 183 236 12 247 27 287 42 19 32 228 252 175 251 143 240 226 113 139 26 299 165 264 309 45 214 24 169 115 208 134 298 307 102 304 249 39 221 182 138 44 185 57 37 200 135 230 80 85 36 54 121 114 93 283 260 308 302 207 189 215 270 52 51 210 311 201 159 162 132 282 91 272 248 277 158 30 20 244 194 77 145 250 103 104 128 38 68 170 224 53 161 211 275 130 232 150 141 71 94 63 34 58 314 284 209 7 190 315 271 6 151 16 253 223 274 160 153 110 5 205 23 137 88 202 40 294 242 218 146 33 50 301 99 105 133 108 15 4 268 142 126 78 241 234 25 48 81 164 14 127 70 178 144 28 259 97 100 154 73 265 227 229 295 285 96 72 131 297 296 258 148 180 293 101 86 61 237 254 65 204 303 95 59 256 79 152 89 172 290 318 41 31 124 289 177 225 157 231 219 243 2 206 291 46 199 292 238 140 136 216 69 187 262 13 92 67 90 192 288 75 66 125 : 5364.39
2 1 
1 6 68 7 50 289 224 2 136 306 313 168 302 141 95 172 81 177 245 151 198 250 299 255 247 90 46 98 135 181 166 74 317 119 266 179 303 272 314 82 83 211 223 231 158 58 213 110 62 133 59 210 258 96 270 42 54 92 23 37 61 301 229 9 159 283 101 38 41 123 40 105 285 221 45 199 308 234 89 18 76 55 10 184 200 204 220 218 310 134 33 51 30 44 13 5 243 196 195 274 290 153 287 293 156 117 232 112 305 111 121 147 167 73 4 17 236 20 36 279 125 189 235 27 12 106 113 120 3 170 295 292 225 31 281 165 276 65 238 175 127 263 208 242 122 140 25 66 205 149 254 188 273 71 239 215 244 228 271 56 192 257 26 294 307 298 214 53 11 128 296 160 187 150 16 212 34 315 69 197 72 28 267 201 84 107 138 129 103 251 169 57 77 60 183 126 174 43 64 157 24 256 222 154 190 88 145 309 132 130 91 219 203 142 312 47 14 260 139 32 29 268 162 176 178 144 248 280 316 39 237 230 253 193 118 164 191 240 15 87 288 261 269 146 48 206 171 86 104 75 94 249 52 182 131 70 207 264 173 109 262 49 8 35 227 297 252 202 67 143 63 102 277 241 318 209 185 186 161 163 226 246 278 259 148 233 152 291 286 275 115 282 311 216 97 85 93 78 79 19 180 80 116 114 22 304 300 21 99 284 124 108 137 217 265 194 155 100 : 5311.01
2 2 
1 81 18 194 14 45 41 54 67 187 128 152 162 35 294 232 300 190 271 243 174 192 107 211 218 109 13 295 251 247 96 3 11 314 157 77 85 279 311 135 131 315 236 205 90 26 219 75 278 169 46 304 258 184 289 6 138 139 114 173 301 103 166 305 224 237 101 19 202 246 196 121 170 241 156 130 51 40 141 283 183 98 269 167 158 265 281 299 110 125 235 216 122 32 127 126 203 286 52 302 15 176 59 188 204 102 56 47 257 33 38 293 275 112 104 5 154 292 160 195 61 91 129 264 134 111 268 95 78 64 233 142 317 208 259 309 228 231 136 21 31 120 272 255 20 49 124 266 177 198 100 70 55 34 106 60 28 210 71 179 168 285 263 42 99 65 151 155 39 215 227 146 87 193 57 297 94 63 185 207 105 186 88 270 261 253 222 280 36 69 116 140 201 68 245 274 260 313 133 123 287 288 82 316 80 22 30 72 29 150 76 79 242 180 153 53 74 62 118 149 7 25 276 312 310 212 209 277 200 191 307 220 214 290 161 164 148 248 113 117 9 230 303 306 145 2 318 213 254 250 234 221 17 12 244 10 240 282 256 223 163 16 89 37 159 144 73 206 8 267 296 108 189 27 165 83 132 291 171 226 48 178 298 273 284 58 197 97 252 93 249 84 217 4 119 229 147 239 24 181 44 199 143 262 43 225 137 238 308 86 182 66 172 175 92 50 23 115 : 5181.35
2 3 
1 231 37 312 279 177 311 202 36 307 195 110 131 136 47 71 214 230 12 3 298 145 143 310 316 217 61 34 190 204 263 277 147 161 140 173 289 232 25 127 167 228 142 187 151 104 305 207 45 73 183 100 257 149 121 165 219 216 223 168 236 238 180 174 225 65 205 98 164 66 13 77 59 97 42 81 91 192 135 240 88 267 76 235 6 20 282 99 301 288 193 105 297 256 125 22 169 185 179 52 306 283 209 249 39 95 272 138 295 31 222 224 191 194 218 278 189 29 211 109 4 299 122 129 152 89 276 70 83 252 271 137 10 199 188 86 35 102 203 286 241 111 176 90 2 80 237 264 120 226 93 92 253 50 68 303 300 201 132 291 148 84 55 9 24 221 79 215 154 251 118 273 239 139 247 14 21 112 115 182 265 304 113 243 158 106 49 261 17 302 18 178 181 51 48 53 63 43 64 75 309 234 124 62 19 94 210 133 285 266 163 72 69 57 16 32 44 186 27 33 268 26 175 108 30 38 128 260 315 275 119 227 46 116 162 245 58 290 172 274 15 78 284 308 166 255 171 96 184 296 293 262 157 160 159 85 54 258 287 103 28 74 280 153 56 60 130 146 144 246 196 206 67 8 107 233 259 213 40 114 294 292 134 254 11 155 23 117 5 248 244 198 41 101 156 150 141 220 242 82 314 200 197 250 269 123 87 208 313 229 317 270 126 212 170 281 318 7 : 5349.49
3 0 
1 208 302 190 134 192 257 237 312 44 39 317 289 182 145 30 60 199 233 24 48 221 206 153 242 2 10 46 219 28 287 103 186 274 245 264 195 161 258 25 309 173 59 146 247 49 102 104 96 297 23 41 113 162 291 189 121 222 244 138 3 120 300 261 160 241 236 130 32 295 283 278 62 191 116 181 217 211 94 70 88 311 271 220 55 53 223 273 228 43 269 255 243 17 177 303 172 74 52 141 140 226 148 290 316 158 155 136 318 73 98 301 69 179 31 99 207 97 133 51 7 144 22 81 76 83 115 11 66 214 209 263 201 79 93 213 262 100 232 67 64 122 137 110 248 124 86 279 304 307 292 216 294 285 151 184 156 142 34 215 108 40 310 238 117 26 5 246 193 58 105 288 231 230 127 180 174 14 265 183 87 157 254 91 118 106 150 187 45 37 15 296 276 194 204 203 89 63 129 12 111 229 75 20 21 54 152 71 286 272 175 95 128 6 33 42 77 147 315 166 275 196 18 35 227 251 218 234 85 57 170 143 27 126 112 38 92 198 256 56 168 139 119 61 280 165 266 29 212 267 197 259 252 164 9 82 313 149 239 13 78 80 188 68 176 268 107 205 281 131 125 305 306 284 293 90 224 277 210 4 270 253 109 178 8 65 72 159 225 235 298 250 308 299 114 135 314 84 154 163 202 132 171 240 101 260 36 47 282 169 19 16 185 167 249 123 50 200 : 5337.57
3 1 
1 84 39 225 175 265 109 83 27 193 159 111 217 262 234 108 250 202 112 93 32 123 44 38 95 66 153 76 45 213 110 231 260 29 247 233 254 157 257 49 22 316 79 240 124 81 136 315 212 125 215 31 85 59 289 304 268 239 312 277 259 145 296 258 142 152 63 183 42 149 137 106 58 244 200 252 220 266 222 147 17 41 174 3 23 172 132 160 280 6 191 40 71 199 18 292 272 310 237 235 186 285 14 138 317 51 19 2 131 148 167 196 36 37 255 48 47 77 122 195 162 308 311 69 282 99 188 309 297 135 68 238 314 236 245 318 129 170 102 276 166 214 7 70 227 96 120 165 64 189 121 300 146 67 20 267 103 221 61 203 249 307 187 275 279 133 176 113 141 313 288 155 271 281 184 43 150 35 269 291 30 143 126 190 100 114 115 116 13 80 16 128 57 246 107 242 130 224 204 171 293 82 181 243 299 86 78 218 290 264 230 161 73 104 21 28 229 139 223 305 55 173 301 98 105 90 261 232 253 151 72 134 97 50 201 74 306 117 192 87 53 177 205 75 52 180 164 154 54 185 274 241 228 298 206 34 5 273 294 88 226 127 8 156 210 9 15 287 284 263 12 11 33 169 182 62 179 216 158 10 25 94 198 256 251 248 118 140 101 46 208 209 303 4 219 302 197 65 163 26 144 207 194 295 270 178 283 60 91 56 92 278 286 119 89 168 211 24 : 5156.83
3 2 
1 137 96 269 263 169 242 290 45 142 38 308 306 145 103 177 234 121 27 92 134 302 209 64 163 119 252 69 20 155 283 72 74 210 262 256 147 59 148 58 161 120 28 55 123 204 79 52 49 185 181 206 187 251 68 85 191 260 221 114 32 250 66 34 140 227 179 231 217 124 207 94 153 276 101 14 22 21 57 75 126 40 196 266 201 223 158 222 268 318 218 246 213 26 144 215 189 265 307 180 35 255 285 279 31 24 128 70 216 4 131 195 154 17 198 151 87 170 2 15 82 133 159 67 309 303 233 258 18 294 78 97 168 203 289 297 8 166 143 202 174 127 16 232 241 214 25 90 99 30 274 41 9 104 139 239 190 156 291 175 11 106 112 132 172 188 183 51 83 146 186 270 310 230 116 184 164 122 63 314 259 50 7 10 135 208 60 162 61 275 6 226 150 3 42 286 312 253 211 113 136 317 229 173 125 37 39 225 152 192 110 54 46 182 205 115 264 280 315 301 281 295 277 138 288 56 77 219 33 278 271 240 149 73 100 287 305 65 105 194 167 89 199 129 109 298 313 293 300 193 292 248 13 117 107 157 171 282 141 62 176 257 224 299 160 249 76 48 200 238 244 261 235 284 91 88 212 12 108 165 273 311 243 102 95 178 304 267 47 245 5 29 130 197 296 43 98 86 44 53 220 84 247 272 228 237 118 236 316 80 19 81 93 71 111 23 254 36 : 5112.65
3 3 
1 236 210 120 4 302 243 201 49 192 165 189 27 112 79 199 269 124 158 127 275 6 267 26 18 159 155 77 253 64 153 10 5 190 185 14 19 13 53 25 142 160 23 42 69 44 128 123 260 179 223 305 85 111 143 261 246 58 170 244 94 164 100 59 180 173 207 240 37 74 295 194 280 263 200 239 139 48 198 52 83 285 3 188 8 66 113 226 273 292 235 208 249 197 289 109 211 202 149 145 150 32 99 80 20 56 34 172 60 121 272 103 63 307 177 183 195 95 140 251 277 294 314 148 87 310 157 30 40 12 133 298 152 33 107 256 144 312 132 216 318 41 31 191 106 62 225 129 215 182 154 301 242 102 316 119 118 39 29 270 297 262 186 161 178 84 89 43 306 11 196 281 303 276 287 222 61 257 181 283 184 258 268 259 167 290 209 70 204 300 193 308 213 282 315 265 71 76 136 171 233 2 228 238 55 187 293 88 9 169 108 135 212 65 104 15 117 313 22 205 17 73 46 38 174 21 78 50 206 264 311 203 163 168 234 162 254 231 296 317 147 90 131 36 252 227 237 75 151 91 57 309 248 116 67 51 86 16 93 105 299 221 138 68 126 7 141 214 122 241 278 97 220 125 250 284 304 35 218 137 81 288 166 114 130 146 229 176 245 255 266 286 92 45 101 24 134 28 224 230 217 47 247 96 175 156 98 115 219 271 291 274 232 110 54 72 279 82 : 5358.91
4 0 
1 64 165 300 212 61 145 225 136 269 237 46 223 205 123 112 24 192 43 63 65 59 203 218 302 94 18 307 293 74 68 283 139 282 89 160 216 126 38 11 286 209 97 243 265 194 260 197 116 210 241 309 301 143 279 236 272 164 35 153 106 15 66 178 253 82 173 298 14 135 20 199 217 249 138 6 280 219 221 235 202 101 45 81 88 105 39 96 25 107 297 58 57 246 313 84 220 267 196 56 121 10 85 146 207 232 244 140 7 80 261 172 288 306 21 19 128 134 230 169 226 52 83 228 181 67 98 294 40 274 133 156 275 184 17 87 77 258 114 72 170 79 36 78 104 270 71 86 175 69 142 49 204 292 295 185 312 73 182 214 251 180 141 195 147 242 41 318 54 231 314 213 129 111 233 109 222 281 310 254 234 117 168 285 268 211 113 50 317 119 118 144 115 70 55 28 229 284 278 239 151 16 27 259 250 252 163 287 95 171 92 291 193 177 30 8 257 150 264 224 48 148 9 200 245 53 99 183 152 132 47 227 315 149 37 51 125 262 155 201 137 91 76 44 198 127 157 110 316 162 4 176 29 305 166 187 93 75 33 26 122 5 186 289 296 189 238 263 206 60 179 103 23 167 266 190 303 130 2 32 34 100 273 174 304 124 62 102 188 208 31 154 276 299 277 158 240 120 12 108 248 247 255 191 215 271 256 42 311 290 159 131 3 22 90 161 13 308 : 5399.32
4 1 
1 138 250 81 46 60 93 103 13 236 133 66 171 141 69 184 265 145 76 197 310 271 231 196 259 96 112 242 147 183 156 263 286 290 161 308 86 248 266 30 269 21 167 193 172 212 16 152 190 155 114 256 90 31 182 37 117 267 154 240 57 227 207 303 221 168 108 281 230 75 173 51 273 94 219 216 143 62 214 235 160 298 148 85 9 176 297 257 177 258 213 151 170 203 288 229 102 64 109 245 314 61 312 67 251 181 264 238 215 268 233 125 45 316 209 305 284 87 91 95 25 121 24 124 7 307 301 180 185 136 313 280 149 157 222 226 228 285 48 104 6 178 11 243 293 83 79 105 56 195 205 254 165 47 41 38 72 100 194 65 186 318 306 249 315 32 68 84 74 97 36 2 35 317 54 82 88 309 89 199 241 128 191 80 299 198 92 99 278 78 129 18 187 188 302 179 5 206 272 275 17 189 276 14 73 283 277 217 164 134 232 296 234 311 200 144 244 113 246 153 27 262 225 174 158 260 63 279 119 40 122 120 34 211 175 70 223 140 126 53 218 107 26 220 204 77 10 159 3 131 252 208 115 192 253 304 169 20 142 291 287 130 210 300 224 295 261 163 4 294 146 162 239 274 270 289 118 43 42 71 58 111 116 247 110 166 55 49 202 23 127 150 137 19 28 15 292 39 12 59 44 201 123 22 237 33 132 255 101 135 8 139 50 29 98 52 106 282 : 5293.46
4 2 
1 293 8 124 159 2 306 250 284 296 260 287 313 155 86 227 212 38 85 182 36 103 217 242 294 263 30 195 245 270 279 200 83 196 199 137 271 14 44 123 273 240 136 12 122 288 258 69 18 268 266 110 233 318 132 230 82 31 50 62 45 222 216 126 16 269 5 7 106 54 169 219 276 214 281 157 274 237 162 93 22 41 297 300 112 68 89 181 29 156 154 309 193 188 158 280 77 92 186 90 63 65 292 203 118 257 286 189 208 168 172 145 251 254 13 84 299 9 278 108 78 64 100 253 315 120 261 166 107 150 283 312 316 272 109 117 223 206 153 163 174 66 48 142 19 176 34 171 295 125 72 167 27 116 67 190 149 248 32 121 221 15 21 243 161 101 231 267 131 139 119 241 291 244 133 130 178 79 301 205 311 148 305 23 247 225 236 308 175 47 147 220 249 49 164 26 52 310 138 232 228 252 88 128 98 285 290 204 94 46 129 59 146 35 152 160 224 259 194 177 209 51 96 127 185 179 39 143 57 81 76 53 282 40 25 317 20 135 239 99 6 151 255 60 302 10 95 71 73 87 56 277 74 140 207 256 235 307 238 264 24 37 234 229 91 42 70 304 134 11 173 144 4 115 246 198 187 17 213 275 141 102 114 184 211 33 180 262 97 28 111 303 210 192 298 165 170 201 104 183 289 265 105 58 113 215 226 314 197 61 191 80 202 3 55 43 218 75 : 5335.87
4 3 
1 93 101 119 121 5 4 59 241 40 207 190 204 55 292 240 57 103 176 157 63 150 232 222 276 13 140 279 19 277 78 72 269 158 159 256 65 309 283 99 50 94 191 209 228 34 44 16 202 195 27 67 36 217 286 160 219 83 142 186 284 297 273 26 163 11 149 290 22 303 246 107 77 130 32 125 173 48 8 171 45 51 187 10 84 295 37 102 132 302 141 265 66 262 242 47 62 79 172 210 118 24 313 211 53 46 23 168 182 12 73 230 148 127 129 252 126 147 310 201 280 268 304 288 180 165 194 264 296 42 61 156 248 231 305 314 174 128 112 317 29 97 31 316 39 181 80 294 260 56 52 123 179 225 205 278 71 106 161 238 124 133 75 275 285 221 110 3 14 146 131 138 86 308 89 49 220 169 254 251 68 104 7 21 235 287 28 229 136 113 301 213 95 20 41 145 185 87 203 154 54 153 30 6 234 315 206 199 259 255 261 193 218 289 170 25 116 267 115 216 137 120 177 35 162 17 58 239 266 188 2 96 90 74 98 236 114 164 200 249 227 243 298 38 91 307 9 184 144 270 223 272 192 82 281 109 282 178 189 70 258 263 300 69 257 312 299 247 253 198 226 81 318 117 212 43 208 76 143 33 105 183 155 166 111 108 122 214 224 291 15 311 274 250 92 245 244 167 151 139 135 233 100 175 271 152 237 306 215 18 197 85 293 64 134 88 196 60 : 5329.43
5 0 
1 47 154 86 288 95 175 85 206 197 178 3 164 112 213 203 260 142 231 234 311 241 208 141 168 10 107 42 309 77 58 152 283 182 37 187 137 162 89 76 25 286 271 170 250 6 84 226 52 124 169 253 263 20 150 163 40 257 300 280 121 215 267 278 202 219 57 207 44 73 39 233 69 12 66 289 147 176 313 184 139 140 201 98 276 212 256 94 74 145 307 100 228 110 103 127 26 32 60 180 243 166 109 304 254 284 198 196 264 242 158 223 122 217 33 129 314 189 181 54 111 144 232 272 101 195 53 38 235 113 157 318 305 303 285 209 165 224 13 61 29 91 19 239 92 97 117 262 27 194 273 248 49 179 102 281 72 43 126 41 274 295 106 227 204 199 291 88 87 220 244 149 293 151 99 9 128 82 55 252 118 130 261 216 205 297 312 131 119 159 185 173 238 265 225 186 34 62 123 174 7 114 133 155 56 80 50 292 2 132 14 51 146 23 28 135 93 81 71 75 269 46 90 310 59 64 96 282 317 172 68 17 287 308 296 222 138 115 31 18 160 301 183 211 275 230 108 236 251 11 21 153 193 229 221 148 22 48 246 116 259 83 4 36 200 247 134 65 210 136 105 67 8 177 24 5 161 270 191 45 120 306 258 70 104 302 15 299 30 125 78 266 167 214 35 190 249 279 218 16 277 156 188 298 240 171 290 143 268 192 237 255 245 315 294 79 316 63 : 5312.63
5 1 
1 192 162 17 50 174 171 303 297 101 22 28 289 72 191 47 24 147 45 170 18 248 238 301 19 255 151 306 134 315 73 93 157 273 212 144 287 213 219 294 178 77 195 308 57 71 105 54 89 80 114 276 160 25 10 127 38 112 317 85 36 23 300 227 200 14 266 67 15 225 262 161 66 205 216 236 247 60 91 133 249 302 307 58 13 136 7 110 272 223 314 129 280 43 3 42 31 53 215 220 313 46 92 283 108 189 40 99 33 285 177 260 199 103 149 128 239 35 56 70 186 197 201 21 115 311 180 76 271 193 169 83 204 259 230 148 8 221 217 270 139 250 95 150 79 16 131 130 256 232 278 94 183 126 243 120 68 265 245 2 55 27 6 176 234 288 292 172 290 82 41 107 269 210 310 69 81 246 222 100 277 190 240 44 318 65 299 244 48 61 64 154 196 102 209 118 75 279 78 74 11 286 113 146 152 124 88 138 20 111 104 233 5 159 166 156 59 295 304 203 198 49 316 194 179 125 52 143 211 214 229 275 274 51 309 109 37 158 284 281 264 123 32 228 267 268 218 63 187 87 312 155 62 298 293 164 188 140 167 4 137 153 291 119 29 207 168 296 142 224 185 257 202 141 208 26 258 30 135 145 261 90 86 34 97 175 254 116 181 182 96 241 226 184 98 106 163 165 173 206 122 252 9 132 121 305 237 39 12 282 251 263 235 84 253 117 242 231 : 5350.62
5 2 
1 112 289 171 50 15 48 108 169 227 304 24 318 136 91 104 5 205 125 83 172 262 285 274 297 46 77 121 288 210 272 263 270 216 269 298 160 275 151 250 144 218 207 259 257 37 81 206 97 198 115 156 186 7 255 57 316 101 22 31 92 182 303 43 16 268 100 188 177 73 293 12 116 71 52 87 222 174 223 245 242 6 76 61 131 148 21 240 280 135 241 228 192 203 283 312 221 217 36 150 175 261 224 184 214 168 114 44 244 190 196 199 292 310 159 106 82 29 10 2 254 118 51 26 34 30 45 11 25 265 165 113 149 20 64 311 236 53 27 247 86 132 183 306 308 103 277 213 215 226 253 129 85 162 93 110 75 89 18 191 246 23 248 58 157 243 126 134 3 41 307 68 139 264 185 122 33 220 166 163 235 167 90 96 4 66 193 313 282 130 94 161 17 153 271 281 99 238 234 65 14 119 314 189 231 251 300 147 123 239 232 173 197 201 296 195 299 278 170 284 47 152 55 138 155 294 225 212 56 124 111 32 120 154 35 8 273 219 267 9 315 13 208 200 84 176 233 74 88 194 39 260 302 164 229 286 181 80 109 28 60 137 211 266 305 290 38 72 42 140 158 95 54 98 256 230 63 107 237 258 276 179 187 133 301 143 141 295 178 291 142 19 128 145 317 146 117 279 127 309 249 70 202 204 67 49 78 79 102 59 209 69 105 62 252 180 287 40 : 5246.69
5 3 
1 204 119 252 291 167 24 122 90 315 170 265 140 86 49 93 55 48 54 307 308 278 208 112 268 82 190 187 135 275 240 260 202 127 62 63 149 2 77 185 231 314 216 156 40 245 105 198 30 37 75 207 32 6 235 103 250 7 230 126 64 28 69 236 215 81 68 70 274 42 251 306 72 232 255 197 146 29 13 159 209 161 31 228 18 134 27 17 47 150 14 128 160 294 234 217 298 205 59 94 19 141 102 92 101 270 212 25 21 176 166 211 267 164 210 136 253 65 279 181 56 183 155 301 100 316 192 313 194 286 171 113 258 84 67 51 78 193 85 189 41 138 263 290 173 168 292 271 116 71 178 302 16 117 299 195 206 11 23 34 304 282 244 224 120 60 66 273 12 201 241 157 163 261 144 8 177 272 46 318 186 39 98 80 196 143 266 52 4 76 50 247 88 289 158 269 184 281 219 225 108 233 106 257 96 309 123 280 87 288 9 142 162 133 296 74 35 5 317 129 58 285 38 305 132 276 283 312 300 53 154 26 22 174 110 237 191 147 179 165 223 220 124 248 73 61 99 114 262 153 221 172 311 259 131 95 310 15 107 222 180 91 43 254 109 111 33 182 169 44 57 115 145 45 277 227 256 218 246 139 20 242 287 226 3 83 97 104 293 295 188 36 10 121 151 148 284 137 229 200 238 130 297 125 213 243 214 175 89 79 303 203 249 152 118 239 264 199 : 5323.27
