0 0 
1 21 103 30 31 104 96 97 83 88 70 99 207 201 100 306 301 193 168 163 257 266 253 263 215 229 228 211 212 222 144 147 230 226 234 232 165 313 237 235 238 227 224 259 260 166 180 169 295 296 303 281 282 283 280 297 285 294 289 310 299 270 249 272 315 275 318 276 305 309 244 121 143 258 139 314 225 221 219 245 223 247 214 218 216 117 118 122 213 220 109 114 132 250 269 254 286 279 291 293 192 181 87 191 155 236 123 127 120 125 158 240 140 183 145 141 175 174 185 196 90 64 59 47 52 46 25 37 22 29 20 28 27 19 12 23 36 51 54 210 178 194 170 146 150 153 66 188 186 173 189 177 187 167 273 300 298 284 239 142 157 209 133 124 115 135 116 137 45 40 49 24 17 18 41 43 60 129 138 34 126 134 154 151 252 243 111 112 9 26 38 148 164 172 5 4 106 108 113 110 217 242 233 271 251 261 267 61 176 202 65 69 73 91 72 77 78 71 67 74 85 79 82 84 86 89 102 76 81 63 190 206 197 94 95 98 75 42 13 14 136 128 107 8 3 6 7 2 10 11 15 48 57 56 44 62 105 58 55 53 317 32 33 16 35 39 159 152 156 162 161 160 131 256 198 195 248 246 268 262 265 199 290 274 302 308 200 288 287 311 312 184 182 203 149 130 208 231 119 241 255 264 278 277 292 304 171 179 204 307 205 101 68 92 93 80 316 50 : 1840.02
0 1 
1 6 7 10 26 18 19 23 20 17 25 77 91 86 73 81 95 196 100 201 172 183 210 176 173 189 177 188 60 182 190 175 168 179 149 153 160 158 114 106 115 119 118 225 162 156 150 111 112 125 128 137 155 71 59 15 28 47 57 72 76 92 96 93 45 103 21 11 40 49 55 94 157 241 208 13 9 12 145 38 35 34 161 194 66 87 61 54 104 105 44 69 74 101 83 79 43 41 316 317 67 78 84 197 198 102 98 202 204 311 159 129 130 132 251 226 240 214 223 143 171 170 301 192 256 262 263 169 187 131 108 14 141 163 152 165 292 264 250 295 287 199 284 276 146 151 261 259 110 252 279 193 195 203 207 180 185 281 294 283 266 258 269 315 280 297 310 305 306 267 247 271 275 309 299 308 272 248 254 215 224 249 238 124 123 127 138 117 116 120 134 136 135 126 222 220 217 246 235 233 109 213 227 219 236 245 234 257 231 147 154 144 133 113 42 16 24 56 32 29 3 8 5 4 107 313 237 244 253 304 290 278 288 293 302 200 205 312 184 174 186 307 303 300 274 296 260 255 286 166 97 88 209 142 121 122 140 230 243 270 268 282 289 277 285 298 318 218 239 216 212 211 221 228 229 314 273 291 265 139 242 232 164 39 63 62 51 50 48 36 46 58 85 68 64 75 65 191 206 99 70 90 53 52 148 167 178 181 80 89 82 37 33 31 30 27 22 2 : 1886.53
0 2 
1 45 48 79 64 105 63 81 91 102 72 71 74 188 186 193 273 249 255 240 139 221 213 216 220 245 280 287 257 260 289 178 151 152 150 38 52 75 187 194 169 65 104 32 23 24 103 21 31 29 49 89 96 82 78 86 93 101 85 76 73 183 198 172 190 191 275 276 308 304 268 123 124 145 161 162 272 167 142 154 181 185 87 66 173 92 100 95 203 88 196 201 60 182 97 67 33 18 36 37 47 53 40 317 316 25 26 61 39 35 134 117 109 118 113 121 132 119 243 238 234 226 227 237 235 242 122 163 282 301 170 291 269 264 279 285 309 277 267 135 133 144 262 254 263 315 296 252 244 248 246 241 209 210 174 199 297 300 278 253 247 232 239 233 313 219 217 229 140 236 218 266 270 314 250 284 286 165 180 175 176 281 305 283 306 312 197 202 204 195 164 68 84 77 83 69 98 59 55 56 44 51 57 43 41 15 7 6 2 10 11 12 22 20 28 30 34 126 127 208 107 4 5 138 111 224 223 230 147 155 153 160 157 158 184 179 136 50 19 27 114 125 128 222 225 258 146 156 211 215 148 159 137 130 116 112 106 110 212 141 131 129 108 115 8 17 16 58 54 80 99 94 62 70 90 207 206 189 143 256 310 298 271 318 251 228 214 231 259 166 292 295 290 293 294 288 261 311 205 299 303 307 302 192 171 200 274 265 149 120 14 168 177 42 46 13 9 3 : 1934.61
0 3 
1 47 79 86 92 98 99 100 197 178 308 305 294 288 176 66 183 201 202 90 102 84 93 81 69 63 62 42 53 54 105 67 174 180 205 277 171 158 156 148 146 151 314 259 168 162 164 153 160 159 163 209 144 195 166 199 203 312 281 278 274 266 254 268 248 226 235 224 214 215 223 227 246 245 249 280 284 297 285 286 193 192 88 94 74 89 44 51 48 45 71 80 75 73 52 33 36 24 30 10 2 3 8 9 5 4 230 241 133 125 13 134 117 38 135 289 275 293 253 143 269 228 219 232 16 17 18 26 136 127 14 137 208 126 120 141 121 129 138 39 142 167 243 237 251 240 257 217 212 110 114 109 231 140 216 229 247 218 225 118 244 236 139 233 313 213 112 111 157 149 179 186 207 206 87 172 165 282 300 255 264 260 261 283 292 303 276 263 256 262 318 272 258 273 309 298 304 307 301 306 295 311 310 299 270 271 315 265 267 252 234 222 242 239 221 122 108 115 210 296 302 200 194 191 184 182 189 173 154 46 43 41 15 12 34 128 107 106 116 113 124 119 211 152 161 187 175 181 185 58 57 59 50 72 85 68 82 78 97 101 96 77 76 64 56 55 49 317 91 83 70 65 188 170 204 169 132 123 145 150 155 104 316 31 29 21 103 20 7 6 11 22 23 28 32 40 190 196 198 95 177 60 287 291 290 279 250 238 220 130 131 147 35 61 27 19 37 25 : 1713.76
1 0 
1 20 28 36 44 316 59 56 48 317 77 83 49 45 40 50 47 51 46 53 63 62 90 192 271 275 280 200 306 283 298 273 256 269 270 224 214 258 261 264 249 247 232 204 278 294 146 209 164 158 61 66 198 201 75 94 97 78 84 71 68 65 197 174 173 156 161 149 210 150 60 185 186 195 277 191 179 202 87 100 206 194 199 205 302 248 304 281 285 171 315 257 295 286 284 262 260 212 109 211 221 233 235 139 313 230 239 225 228 213 215 223 245 166 176 180 178 168 250 314 251 254 236 289 276 266 113 129 128 121 131 117 133 126 125 115 207 189 183 203 311 303 287 288 169 172 88 196 181 188 187 190 95 99 93 76 72 58 54 57 105 67 80 55 33 23 24 32 31 12 103 21 22 29 96 64 155 157 148 145 137 132 124 136 134 120 116 111 106 35 17 104 41 42 52 98 102 89 101 82 85 91 92 86 79 73 69 74 81 70 182 175 167 301 307 193 165 144 184 177 160 154 138 14 123 122 147 151 162 135 208 141 253 265 259 163 34 8 3 2 10 11 6 15 30 43 38 39 127 13 108 107 5 9 4 112 114 159 153 142 140 143 240 263 227 226 222 216 217 110 220 229 118 119 130 231 234 241 243 218 219 246 255 268 279 274 300 296 309 282 290 312 293 292 170 291 299 310 297 305 308 318 272 267 244 252 237 238 242 152 26 19 25 18 16 27 37 7 : 1668.86
1 1 
1 7 6 11 15 103 20 29 28 22 21 31 33 317 56 45 51 8 9 106 108 121 218 233 239 225 140 157 155 150 196 194 186 204 202 63 64 37 27 19 24 23 32 40 316 105 85 66 97 99 86 113 114 109 211 216 119 230 251 234 236 256 266 260 269 268 296 273 300 294 265 158 159 210 187 185 178 177 100 167 127 135 232 241 246 318 245 213 223 229 228 219 227 243 237 222 110 231 244 249 280 272 275 298 299 281 287 261 253 263 288 200 147 151 181 238 217 131 134 124 130 133 139 122 117 116 4 107 111 112 208 148 240 252 264 286 315 259 314 242 146 143 262 274 308 309 310 304 297 271 267 166 277 289 292 295 307 198 207 173 172 169 311 302 154 152 191 87 81 75 69 74 73 72 62 59 55 71 84 91 93 90 88 188 52 46 53 65 162 149 156 168 175 165 257 221 118 220 163 153 179 278 199 203 305 306 301 293 291 270 279 276 282 285 192 171 182 197 206 312 193 284 205 303 170 137 34 35 145 38 39 160 184 201 95 180 290 283 254 255 250 142 132 125 128 126 12 10 3 226 214 215 258 247 235 141 120 123 129 161 60 43 104 36 26 42 61 189 96 77 48 78 68 57 50 44 47 54 83 67 49 25 136 209 138 5 115 14 13 212 224 248 313 144 195 94 174 70 101 92 102 79 58 76 82 80 89 98 164 183 190 176 41 18 17 16 30 2 : 1817.85
1 2 
1 32 31 20 28 15 7 6 19 23 24 27 71 92 81 89 87 190 74 134 135 125 124 132 142 122 238 263 269 253 227 226 236 217 113 108 114 243 158 152 148 175 193 310 304 303 293 192 268 216 313 213 223 249 246 251 242 225 232 241 144 140 259 255 143 296 305 308 288 287 312 278 281 290 297 276 273 254 228 264 111 5 208 138 123 130 222 318 271 272 180 196 97 101 96 91 93 79 72 57 56 40 317 41 49 198 205 200 294 307 309 300 306 199 203 189 188 292 284 283 285 295 202 88 99 73 80 64 68 77 82 47 42 37 16 17 25 18 13 14 3 9 4 107 100 206 94 70 61 173 76 58 66 195 149 155 176 150 156 181 145 39 209 161 163 146 120 159 166 34 60 59 45 29 21 10 11 103 12 22 26 8 35 126 127 128 141 136 117 118 280 289 171 302 291 282 274 234 110 212 237 214 211 275 178 184 197 75 95 183 187 85 78 102 84 51 52 33 46 63 86 182 169 67 83 105 53 54 48 36 62 168 240 239 314 252 262 260 106 112 115 116 137 133 129 121 131 221 224 219 109 119 233 220 231 139 315 248 218 235 230 229 247 286 261 256 250 277 299 279 265 258 165 167 174 311 301 257 267 298 270 245 215 244 266 170 186 147 151 157 160 177 38 154 162 179 191 65 153 210 185 204 207 201 98 90 69 43 44 30 104 316 50 172 194 164 55 2 : 1907.64
1 3 
1 6 7 12 15 20 103 37 51 47 46 30 23 22 29 31 32 24 19 27 26 35 126 5 106 216 237 245 244 170 256 227 223 225 232 140 250 314 233 144 120 112 107 4 111 115 116 13 14 137 197 95 201 196 74 76 78 67 71 317 28 104 33 21 11 10 2 3 8 9 108 109 220 295 296 276 270 315 168 159 145 158 209 258 279 277 257 242 252 124 122 212 211 221 234 247 241 240 313 238 117 128 127 134 133 114 118 229 224 219 218 141 142 125 130 132 113 143 139 243 230 246 235 214 215 222 282 300 200 195 304 286 265 253 236 119 110 217 213 147 155 150 185 194 204 207 92 82 75 202 65 182 176 175 205 193 294 268 267 261 239 228 226 249 251 259 298 291 280 312 307 274 288 167 165 264 269 305 299 278 166 297 310 308 289 292 311 178 169 66 60 161 156 146 263 318 248 271 275 283 199 287 192 301 309 306 206 190 188 187 183 173 90 100 94 152 160 154 210 174 191 87 177 189 179 151 39 38 184 186 254 88 44 36 73 83 70 59 62 53 42 54 80 63 105 68 85 84 97 101 316 45 56 57 58 55 50 49 40 48 64 79 86 89 81 102 91 98 77 72 69 172 43 41 52 99 93 96 164 153 180 61 148 157 138 135 136 129 121 131 231 123 34 208 149 162 163 171 290 273 266 272 281 260 255 262 285 284 198 203 302 303 293 181 17 18 25 16 : 1731.01
2 0 
1 190 311 199 229 181 165 154 172 35 273 127 136 242 244 224 198 91 86 83 78 52 19 20 103 73 209 5 167 85 189 170 179 141 267 219 309 206 32 22 58 104 46 68 67 129 195 284 89 95 178 156 310 162 233 227 133 9 287 314 235 40 274 296 106 31 94 313 302 92 271 139 54 249 207 79 112 6 220 253 241 280 99 230 293 48 169 66 132 186 204 41 24 134 126 75 113 163 270 308 80 71 76 277 201 180 306 183 255 272 116 210 93 57 148 188 205 37 118 149 50 59 246 114 290 130 258 147 111 252 303 285 312 61 174 300 193 191 208 291 254 102 261 268 245 260 120 316 3 2 97 30 18 217 173 90 221 257 256 251 161 159 232 12 153 211 7 27 140 64 202 146 307 276 315 144 53 215 238 231 223 151 122 158 96 292 182 98 56 43 55 45 44 84 82 15 110 234 177 269 225 212 131 218 194 259 16 175 60 11 17 305 289 124 318 264 236 228 171 150 184 216 38 283 135 109 105 29 176 197 63 39 263 297 164 81 69 279 240 203 87 222 4 62 168 187 304 301 196 243 23 200 160 145 295 155 128 262 125 185 214 275 107 213 28 192 25 36 88 288 101 100 237 265 74 72 8 248 26 278 282 47 13 294 266 317 21 42 115 226 250 143 49 152 286 108 33 121 70 14 65 51 281 123 119 299 157 34 239 10 298 77 142 166 117 137 138 247 : 5083.56
2 1 
1 270 261 128 40 113 125 296 260 241 83 69 26 289 213 136 108 172 185 86 267 183 287 143 313 122 297 286 35 178 144 194 200 264 90 291 8 12 63 79 37 232 205 279 272 230 303 141 100 4 164 5 111 187 244 228 171 175 238 130 135 16 57 273 23 168 307 302 242 179 211 284 214 278 271 154 92 81 217 52 156 306 127 50 176 152 96 65 49 42 24 215 139 162 58 93 151 237 119 14 186 163 41 145 225 36 110 245 248 181 177 311 193 165 258 66 61 170 259 226 236 299 202 72 102 97 196 68 11 7 6 265 117 231 254 221 184 27 89 155 275 206 77 132 191 304 78 71 44 219 53 315 98 94 158 255 266 283 101 218 39 160 268 51 46 59 134 105 82 316 43 30 28 38 88 140 210 203 73 54 201 21 243 103 32 277 308 269 280 257 80 106 250 197 76 138 310 207 233 22 48 131 318 282 235 188 239 208 274 64 91 13 150 246 180 240 95 124 107 298 62 123 148 3 25 60 56 292 182 294 285 309 262 223 129 9 189 301 31 33 253 249 45 75 142 293 295 195 112 18 146 149 167 281 317 70 312 84 116 115 114 247 166 74 67 147 229 121 222 19 159 173 120 34 109 157 20 300 153 190 169 256 234 174 251 85 126 104 137 2 87 161 212 55 133 15 209 224 220 216 227 288 192 99 252 276 305 263 198 314 118 204 199 47 29 290 10 17 : 5066.61
2 2 
1 45 222 221 312 226 170 97 56 42 127 117 173 63 277 282 134 270 39 19 33 239 253 150 241 259 185 201 234 188 55 81 258 74 223 260 9 216 220 49 44 169 307 199 284 46 231 310 272 187 120 159 262 250 99 5 136 3 67 12 300 171 122 265 124 298 243 25 126 285 207 16 87 110 90 196 153 224 235 314 229 238 292 294 191 59 82 116 156 230 4 166 202 84 89 225 236 118 22 291 195 140 228 145 24 209 14 293 288 147 94 40 18 214 34 157 263 48 200 114 119 227 36 158 172 53 155 254 183 112 306 176 279 308 311 52 317 64 268 43 17 96 179 93 247 168 274 315 28 128 267 215 143 219 290 256 162 206 70 37 47 60 23 198 132 57 35 212 95 73 30 54 283 58 190 245 103 31 21 125 160 51 27 78 72 11 98 299 141 301 175 32 50 29 92 180 318 186 208 261 249 251 255 83 313 240 109 177 264 232 266 139 133 257 192 237 66 309 244 278 146 213 131 26 242 88 102 71 149 286 62 41 211 248 276 295 65 86 85 182 194 205 7 6 246 273 137 271 101 178 108 189 218 38 121 105 10 20 15 61 181 280 111 163 106 233 210 69 104 174 281 269 275 203 68 80 302 167 316 289 144 129 130 13 8 252 135 154 123 304 100 197 297 296 161 151 164 204 165 217 305 148 138 152 113 142 115 107 193 91 77 287 303 184 76 79 75 2 : 5020.06
2 3 
1 127 134 135 271 211 227 140 257 301 261 268 264 152 19 126 270 73 288 196 201 294 113 240 129 74 121 148 122 117 112 124 291 27 204 286 252 254 282 312 79 72 50 68 84 101 197 145 38 202 315 208 8 147 215 258 114 123 4 188 218 245 275 146 18 181 318 106 153 157 226 225 154 150 306 88 230 231 260 9 116 185 269 209 46 316 29 45 52 238 228 51 34 242 247 274 195 67 250 192 289 96 104 33 23 317 206 308 279 166 276 285 49 85 48 47 64 66 190 176 277 287 110 235 65 174 180 295 191 210 17 39 43 98 58 155 131 160 54 57 70 161 184 283 158 194 95 199 36 25 111 133 296 220 302 243 310 305 13 255 162 132 221 239 241 229 303 141 236 144 75 309 183 253 100 248 219 115 108 313 304 167 177 178 300 212 109 171 139 163 311 69 76 80 107 266 118 232 214 262 272 175 149 233 256 170 297 290 280 14 128 265 120 234 263 281 173 193 249 142 61 77 207 102 92 71 30 22 60 198 179 168 182 200 299 165 223 222 267 137 246 224 5 12 284 217 273 99 103 125 278 251 156 82 105 94 186 213 298 24 26 16 37 83 32 40 187 89 28 11 6 7 10 21 151 119 244 216 130 159 42 164 169 205 307 293 41 31 44 53 81 59 78 97 189 292 314 143 35 136 138 237 203 62 55 86 91 63 87 90 20 2 3 259 15 56 93 172 : 4048.26
3 0 
1 215 271 247 262 312 162 61 179 81 89 74 51 52 318 111 153 92 126 302 233 307 64 37 220 32 161 191 87 235 222 246 98 221 3 196 236 13 22 152 295 314 310 88 234 56 134 238 49 128 124 214 103 19 181 270 158 294 151 86 112 285 137 35 20 229 263 84 260 264 301 292 228 218 17 274 298 299 232 223 139 127 244 140 147 231 251 184 305 195 197 100 99 91 69 101 68 308 60 48 40 11 7 141 39 6 146 105 145 242 316 24 240 15 10 27 25 175 279 34 113 163 70 95 172 63 67 71 78 43 41 79 207 304 209 171 65 206 73 54 261 268 210 185 57 83 300 186 155 174 217 159 276 118 97 237 53 47 104 26 125 36 120 138 142 173 130 169 284 250 267 50 93 58 200 132 202 115 131 144 182 203 168 31 154 204 258 266 114 33 4 119 12 21 23 30 80 102 187 123 224 252 129 269 8 176 256 249 243 280 254 297 156 199 165 133 44 82 122 291 219 212 253 143 227 106 116 248 230 225 313 177 136 283 287 77 75 213 42 201 183 14 2 135 108 208 272 107 282 309 164 96 28 38 29 5 90 193 306 150 66 166 170 315 149 9 94 290 16 239 275 72 216 59 45 317 46 110 211 311 289 281 241 190 257 255 62 277 167 288 76 194 286 198 85 180 178 109 117 278 296 121 303 18 192 259 55 148 160 293 265 226 273 189 157 245 205 188 : 4871.24
3 1 
1 316 101 91 68 204 184 311 304 131 130 127 149 154 160 148 117 14 2 24 126 240 195 67 164 225 246 176 45 55 261 247 172 262 271 282 75 115 174 40 287 54 32 237 208 229 85 46 90 307 211 203 133 7 202 312 230 264 215 168 241 216 105 167 186 140 163 258 272 243 239 6 10 175 265 99 111 190 125 293 193 302 120 205 158 121 59 74 95 166 269 135 268 279 43 177 116 9 49 182 231 284 270 119 259 114 180 61 151 142 96 235 226 132 301 300 51 252 170 77 44 56 15 104 37 161 69 29 76 145 82 81 288 251 12 298 289 26 136 185 290 224 38 65 257 228 86 41 275 310 108 317 169 303 291 314 79 206 97 191 72 23 27 124 221 196 165 22 33 277 153 218 64 273 98 276 134 35 137 200 210 30 50 80 89 107 109 260 285 309 150 103 122 280 179 199 292 281 274 299 313 254 201 242 94 58 57 214 249 232 123 47 144 318 256 156 183 171 141 28 188 220 159 306 78 207 155 17 129 178 106 209 92 62 297 305 34 48 234 233 219 223 286 52 66 25 31 222 102 138 294 87 248 227 143 266 250 146 118 84 3 4 42 53 73 189 213 11 83 236 16 21 39 296 308 238 263 70 212 255 139 113 173 278 19 217 88 147 152 162 110 8 13 253 187 60 20 315 71 112 128 18 63 100 197 36 198 295 192 267 93 5 283 245 157 194 244 181 : 5102.48
3 2 
1 27 210 135 125 286 52 104 47 86 77 44 169 83 264 306 291 247 162 285 149 131 146 92 275 278 85 158 230 184 294 276 287 289 302 315 248 313 227 280 191 257 205 245 199 55 234 292 179 185 147 63 151 124 34 130 4 5 66 172 220 106 244 236 84 30 298 250 17 62 176 126 70 213 273 43 10 281 201 138 98 304 99 140 134 312 224 167 242 116 222 45 87 251 115 32 111 56 148 137 31 57 268 279 239 93 272 295 300 297 159 103 117 33 160 20 68 186 174 277 120 243 141 152 61 19 96 114 261 263 254 180 65 15 9 203 73 309 142 89 40 90 91 35 129 228 165 67 144 215 121 69 229 153 235 212 259 51 102 145 181 196 156 166 139 119 133 255 308 190 157 223 46 50 53 237 231 136 238 232 112 48 283 60 252 269 249 274 296 183 214 3 23 110 265 122 72 270 256 318 253 163 262 13 105 128 8 161 97 173 314 109 150 258 267 178 12 58 187 192 100 282 29 49 82 182 80 202 71 14 171 132 293 2 143 195 188 288 170 54 317 59 75 21 28 316 36 107 246 123 193 25 18 127 221 219 240 79 76 301 303 88 216 95 241 113 200 155 198 39 211 26 226 225 290 305 266 284 7 94 6 64 74 217 260 164 206 101 81 42 78 310 218 37 16 22 108 24 204 207 175 209 38 307 208 118 41 11 168 194 271 177 299 311 233 189 197 154 : 5055.55
3 3 
1 6 7 20 23 24 62 77 258 38 140 222 216 127 152 93 268 12 5 4 48 102 160 281 32 29 88 91 172 198 167 168 147 223 252 227 238 225 109 263 129 226 108 218 240 248 310 244 18 16 19 33 104 201 291 79 279 220 273 156 292 157 233 142 236 76 40 301 111 272 234 122 237 161 261 60 295 105 208 130 128 138 257 229 235 255 165 290 283 199 180 171 230 318 298 300 276 181 197 95 101 66 68 53 182 119 241 187 217 15 10 103 21 22 317 71 97 64 307 288 271 215 164 141 125 61 205 306 251 169 153 210 183 200 100 289 228 214 299 269 96 83 54 58 41 282 184 99 81 75 70 39 192 163 26 43 65 212 219 266 155 158 254 37 69 148 8 313 189 196 296 174 126 112 132 136 113 278 267 286 98 86 294 256 207 154 173 78 84 74 57 42 47 185 250 293 247 149 82 178 280 285 114 265 287 118 135 134 124 264 277 137 232 115 203 224 73 202 72 55 260 270 275 46 28 27 206 106 209 25 107 253 259 166 297 176 131 316 44 67 133 177 305 243 14 191 49 303 312 315 302 59 51 194 308 170 87 63 179 213 110 239 150 175 221 143 151 193 31 121 211 246 262 204 94 92 56 50 144 162 195 123 120 3 34 11 45 9 89 36 52 186 90 245 249 145 35 30 188 159 13 117 116 146 17 139 242 231 314 304 284 274 311 190 309 85 80 2 : 4104.69
4 0 
1 3 8 9 5 4 108 112 111 106 107 125 174 162 267 261 246 282 299 199 305 298 310 295 170 151 157 39 137 128 132 13 116 114 109 119 220 239 240 225 208 129 35 61 179 191 169 177 188 173 149 147 144 278 275 256 315 263 262 257 247 230 242 314 313 234 237 236 228 231 233 221 254 301 304 296 277 285 293 200 198 186 95 206 201 207 156 172 164 79 90 42 60 53 50 56 71 77 57 43 44 64 76 100 150 127 138 142 148 146 66 65 97 91 67 72 68 74 81 69 317 32 131 124 135 121 126 133 134 159 153 163 181 185 180 175 194 203 195 192 280 252 223 251 269 281 284 288 286 290 318 272 264 260 265 250 140 292 276 283 309 274 289 165 302 307 193 279 303 297 287 308 268 253 244 235 227 219 218 217 110 241 258 271 270 245 224 214 248 229 249 197 176 306 204 312 205 311 70 82 96 102 92 94 187 154 14 120 117 209 145 51 183 158 266 255 139 130 122 211 212 216 259 123 115 113 215 213 118 222 243 226 238 232 143 152 155 160 141 210 196 54 52 46 98 101 63 45 78 85 105 59 80 86 93 202 58 316 40 23 24 27 19 161 178 167 38 166 273 291 190 88 87 75 84 83 73 47 12 16 25 26 18 17 104 48 89 99 189 184 182 168 34 136 171 294 300 37 62 41 55 36 33 29 22 21 103 7 6 2 10 11 15 20 28 31 49 30 : 1847.64
4 1 
1 7 6 10 11 22 32 31 52 51 54 69 75 76 99 201 101 96 84 77 85 86 91 100 197 63 71 67 97 72 82 59 80 70 92 102 202 191 185 181 169 172 182 177 167 154 34 145 124 129 125 208 134 127 209 81 74 93 98 89 90 88 183 87 187 207 196 66 173 42 26 17 18 16 25 115 4 117 114 39 35 138 128 222 236 234 221 239 212 109 156 148 141 130 122 238 227 213 9 15 29 44 21 23 24 37 135 116 131 220 119 230 211 216 118 184 176 73 83 78 68 55 56 317 316 50 48 33 14 3 8 5 13 46 45 40 79 43 104 27 19 47 49 64 105 41 28 20 12 30 36 53 57 58 61 60 180 198 95 188 295 304 292 210 160 149 123 120 142 126 121 146 235 226 217 228 249 245 215 113 110 244 214 313 247 240 243 139 164 190 94 206 203 204 162 150 278 281 311 192 179 174 251 318 271 252 170 241 147 175 194 199 306 282 166 262 264 256 258 274 193 298 291 276 310 303 305 308 312 205 200 65 62 137 153 158 186 189 165 269 266 106 108 133 136 107 112 111 218 250 265 267 315 155 161 132 231 229 225 140 143 246 219 237 232 260 259 268 257 279 290 286 284 287 277 195 302 275 270 296 293 280 294 307 168 144 285 273 297 300 223 248 224 233 242 171 288 283 301 309 299 289 272 254 314 261 255 253 263 163 157 178 152 151 159 38 103 2 : 1795.51
4 2 
1 28 20 22 30 12 23 29 103 36 19 31 32 40 41 53 58 59 16 18 26 42 54 61 179 310 270 263 253 271 276 285 307 205 309 304 297 284 265 147 186 210 158 117 125 116 120 208 93 96 97 98 201 295 234 238 153 146 38 79 90 67 78 180 175 281 278 300 200 195 95 188 66 64 75 169 193 161 160 155 154 145 163 171 165 305 275 302 311 203 187 189 207 190 87 184 181 194 301 267 249 254 252 241 240 243 230 314 246 227 231 225 110 235 226 213 245 122 144 266 283 257 264 258 286 315 109 214 219 216 112 106 5 108 107 4 115 128 138 131 141 139 259 191 183 176 242 168 174 250 313 143 277 296 274 237 135 113 233 114 121 129 119 232 118 132 13 134 126 123 130 157 162 149 156 272 215 223 255 273 251 222 256 260 279 312 198 206 197 88 182 294 196 202 173 65 57 37 17 104 49 47 44 48 56 74 105 71 81 89 46 62 70 83 84 55 316 317 85 92 102 82 77 68 91 86 178 167 290 298 247 221 220 217 212 211 140 137 159 148 150 151 34 35 39 152 63 51 101 99 72 43 52 164 136 166 287 288 303 299 289 293 308 14 209 124 111 8 3 7 6 21 15 10 11 33 27 24 25 9 133 229 224 244 248 280 291 292 170 100 94 172 177 185 204 199 306 192 282 318 262 261 236 268 228 218 269 239 142 127 60 45 50 69 76 80 73 2 : 1955.94
4 3 
1 136 137 162 60 188 185 198 207 99 175 203 306 172 169 168 290 254 258 279 298 280 285 251 247 314 255 256 252 293 194 294 248 276 270 284 313 212 109 240 224 263 267 315 223 268 291 144 265 237 249 250 165 167 156 160 150 142 121 124 132 138 127 126 120 111 107 106 4 112 128 115 116 134 129 108 14 141 151 209 39 38 35 61 210 161 155 153 34 125 133 208 9 147 87 76 86 79 82 84 92 71 67 64 41 52 51 57 55 56 77 54 63 80 81 101 72 59 48 47 45 316 317 73 85 91 102 307 200 66 176 90 89 98 74 170 281 299 292 146 269 178 189 190 95 201 88 283 272 308 297 273 244 227 242 241 139 140 143 257 264 266 278 261 230 234 228 253 246 229 225 118 221 110 117 122 222 232 220 119 123 130 113 233 211 218 235 166 275 274 171 288 289 300 196 62 44 36 135 13 17 37 27 103 11 10 2 3 8 16 26 5 49 15 7 6 25 22 29 32 30 19 18 40 24 33 21 31 75 96 69 68 105 50 78 83 97 93 182 177 302 303 205 199 192 282 305 271 318 215 219 260 163 173 184 204 186 152 149 158 193 311 301 145 195 295 312 309 296 287 277 180 131 114 217 226 236 245 214 243 239 238 216 213 231 286 304 310 262 259 183 179 181 174 154 148 157 159 164 65 187 94 202 100 191 197 206 70 58 53 46 42 43 104 28 23 20 12 : 1791.22
5 0 
1 136 135 109 244 139 262 281 196 62 49 47 316 178 223 216 195 310 147 39 81 296 83 270 148 217 291 95 312 284 259 277 5 200 153 97 317 70 198 293 218 189 188 100 166 241 260 227 94 85 82 54 269 187 93 86 55 104 27 113 107 155 240 89 58 185 23 275 123 44 212 60 268 158 92 133 179 40 285 272 301 255 9 174 202 6 102 307 67 26 103 119 315 305 168 106 289 57 41 287 162 164 183 7 31 46 11 10 37 88 112 161 283 282 245 146 53 115 149 308 303 175 90 91 249 111 159 209 30 222 114 80 190 306 125 131 22 311 215 176 15 63 207 299 237 51 117 274 199 193 191 197 43 233 156 206 186 169 118 304 184 98 226 314 246 297 280 17 203 108 211 220 87 243 300 182 50 79 73 96 201 42 48 172 298 318 167 141 279 194 309 132 247 16 250 157 165 33 143 253 99 110 224 205 288 134 181 18 116 239 263 35 69 278 271 210 105 75 74 256 52 34 273 313 14 127 221 65 171 77 252 128 232 122 235 225 264 129 258 248 276 38 61 8 154 151 261 234 238 140 251 286 59 84 45 229 295 72 32 29 21 28 20 36 101 64 68 71 66 160 173 292 180 144 294 254 231 213 142 214 257 130 137 4 25 19 12 24 265 2 13 208 236 219 242 3 78 76 177 228 170 230 163 126 204 192 302 290 152 56 267 266 138 145 150 120 124 121 : 4748.05
5 1 
1 42 5 216 110 244 200 123 213 239 268 191 197 17 172 84 306 260 298 201 4 14 209 296 171 35 177 275 304 235 60 309 79 63 219 300 206 128 137 114 87 288 141 85 269 242 315 246 124 49 33 72 43 192 224 159 314 252 151 113 147 62 181 27 102 20 104 45 118 263 251 211 317 95 56 92 264 16 93 105 154 44 103 91 161 225 140 301 94 295 100 155 282 193 34 153 194 125 281 24 53 302 198 277 279 245 212 266 129 80 284 180 210 303 230 139 243 262 74 51 28 11 2 64 13 58 40 165 36 305 276 250 253 21 169 106 283 6 127 220 259 187 310 265 90 70 202 292 195 273 231 99 29 96 312 179 221 208 89 135 18 258 83 173 255 132 8 214 109 122 81 134 66 101 31 71 254 241 149 175 199 294 131 313 222 207 152 223 150 238 233 115 138 3 130 120 121 143 232 293 32 163 117 162 164 205 68 274 23 54 30 160 237 25 75 12 39 61 249 270 215 248 229 47 77 271 203 156 15 10 55 111 82 185 57 182 41 186 286 289 234 280 107 166 217 196 297 290 76 167 78 190 22 7 38 116 65 189 307 267 112 247 227 240 119 257 144 86 278 256 59 316 136 183 146 188 46 318 174 97 308 67 26 184 88 69 73 176 311 218 157 170 261 108 9 158 236 204 145 272 228 291 285 299 178 287 50 148 142 37 133 168 19 48 98 126 52 226 : 5055.65
5 2 
1 261 251 314 312 125 166 252 224 217 152 269 196 61 48 99 65 44 39 267 191 248 128 235 265 274 316 163 47 162 268 272 140 179 189 207 188 136 102 293 22 273 35 144 259 174 97 59 181 198 21 3 138 86 72 215 220 209 249 275 286 271 244 240 202 206 167 104 300 88 277 151 218 130 115 228 194 106 313 255 126 148 146 223 212 123 6 241 292 315 257 182 107 147 190 49 289 192 42 51 159 208 112 58 254 197 71 281 25 124 155 119 305 284 101 46 66 173 96 18 62 60 195 185 79 95 23 160 199 221 237 54 83 232 70 117 143 276 41 68 288 172 303 280 19 177 64 229 253 67 105 63 33 258 247 318 285 278 256 309 8 43 164 243 132 180 165 246 226 161 170 13 57 94 100 233 230 236 245 200 210 122 296 310 74 299 53 135 127 158 110 156 219 38 242 137 178 270 311 186 193 283 145 108 45 50 266 103 28 204 90 4 34 40 93 80 81 77 250 304 2 84 263 205 9 52 184 153 118 225 37 76 82 30 157 73 55 238 134 109 211 214 222 11 29 31 294 69 129 302 10 295 89 14 239 291 56 85 150 5 262 290 213 231 282 307 168 298 113 121 234 120 260 183 279 227 203 142 149 175 308 111 154 317 26 92 17 169 216 91 24 201 75 139 287 301 36 133 12 15 7 297 98 20 171 306 87 27 187 176 32 78 16 116 141 114 131 264 : 5068.77
5 3 
1 10 11 22 29 316 55 30 49 180 91 18 172 141 318 290 134 107 14 278 307 85 308 48 281 269 288 45 56 59 92 103 20 27 135 280 274 110 113 283 62 300 263 267 163 109 149 26 194 286 139 120 115 116 126 31 32 54 90 249 256 108 309 218 251 161 222 230 223 247 117 232 112 244 310 199 168 277 259 140 248 156 231 238 292 81 52 104 86 102 202 88 221 176 106 224 167 201 169 74 303 162 42 35 25 24 157 235 144 179 210 197 61 125 133 213 121 227 215 119 220 193 148 195 301 287 236 252 272 273 204 207 190 80 131 13 237 229 216 127 183 314 209 58 36 46 173 66 306 205 260 255 257 313 225 282 178 95 239 105 75 70 28 23 12 96 312 214 132 291 158 67 160 185 40 41 19 82 72 114 211 145 245 302 170 33 317 51 50 137 262 39 299 188 9 128 208 266 217 271 147 233 243 265 155 153 150 187 87 34 57 47 21 83 184 97 76 129 151 295 289 315 171 142 200 99 84 5 228 64 73 89 77 79 175 186 311 250 166 240 276 203 174 189 164 65 196 254 212 138 136 261 16 177 191 111 253 258 123 122 226 143 130 38 246 219 198 78 53 43 37 44 124 69 94 71 159 152 60 4 264 305 297 154 296 8 3 2 6 7 15 284 234 118 241 165 192 304 275 294 279 182 17 68 98 206 100 63 270 298 242 293 285 268 146 93 101 181 : 3980.04
