0 0 
1 3 8 9 16 25 24 19 26 17 18 33 30 31 32 104 40 50 316 317 49 48 56 45 52 53 58 47 46 39 38 60 176 66 187 188 87 90 93 92 101 102 96 97 98 91 85 84 86 79 64 63 65 61 210 168 167 171 170 165 166 269 315 266 265 260 250 259 258 254 257 247 252 251 261 256 253 263 264 262 273 272 268 267 255 144 143 314 229 237 234 233 230 241 119 220 222 226 236 227 235 228 218 243 246 245 244 249 248 223 215 214 224 219 238 313 213 211 216 217 118 225 232 242 139 140 240 231 239 212 109 221 110 114 131 133 127 116 115 14 208 120 117 113 108 107 106 111 112 4 5 13 35 34 138 126 134 128 142 141 130 121 123 122 124 129 132 125 135 136 137 209 150 156 149 151 147 152 159 148 146 163 158 157 161 162 160 145 154 153 155 164 181 173 172 185 178 177 194 191 184 183 169 189 190 182 186 174 175 295 294 292 289 290 274 282 281 277 278 288 301 205 199 200 302 307 312 311 285 284 291 280 271 318 270 275 276 298 297 305 310 304 303 299 300 308 309 306 293 296 279 286 283 287 192 193 180 179 195 204 203 198 202 201 100 207 206 99 95 94 196 197 88 89 80 76 73 74 70 75 81 69 62 72 77 68 67 82 71 78 83 59 55 105 54 44 51 57 42 41 43 37 36 27 23 103 11 6 12 20 28 22 29 21 15 10 7 2 : 733.037
0 1 
1 6 7 3 125 121 130 123 122 131 132 129 138 141 142 147 159 162 160 155 154 156 152 151 157 163 158 168 197 188 183 87 202 201 195 200 199 312 306 311 307 205 303 308 309 305 310 304 297 298 276 299 296 286 283 290 289 282 294 295 292 287 277 278 281 279 284 300 291 280 275 318 270 271 268 272 273 285 293 288 302 301 192 193 170 171 274 315 256 254 314 238 220 225 219 215 214 223 224 248 249 244 245 253 252 267 262 251 261 257 263 246 247 236 228 226 218 213 211 110 212 216 221 217 109 118 239 139 140 119 222 227 229 234 237 240 241 313 232 231 233 230 243 235 242 143 144 259 250 264 258 260 265 266 255 269 165 166 175 186 172 173 66 190 189 179 180 169 185 194 204 100 94 95 206 207 203 198 196 88 176 177 182 184 174 167 161 210 178 181 191 187 65 70 69 64 62 63 46 47 51 58 53 52 43 104 44 54 57 55 50 49 45 40 48 56 67 71 80 90 89 93 99 98 96 101 102 97 92 91 85 78 84 72 83 82 86 79 68 77 73 76 75 81 74 105 59 317 316 22 8 9 17 18 37 36 27 33 25 26 16 116 5 115 4 111 107 106 112 108 114 113 124 135 137 136 120 127 14 13 128 133 117 208 126 134 35 34 39 164 61 60 150 153 145 209 149 146 148 38 41 42 29 28 23 12 19 24 31 32 30 21 10 11 15 103 20 2 : 770.738
0 2 
1 7 10 11 3 12 27 28 23 33 31 32 20 103 29 22 21 30 317 316 59 54 57 62 105 51 49 40 48 50 46 53 61 60 43 41 42 52 55 56 76 73 80 74 81 75 69 71 67 64 86 78 82 77 79 72 89 90 63 70 83 68 85 84 91 92 99 93 96 97 102 101 98 95 100 202 201 88 188 176 172 177 182 185 181 180 186 175 167 210 157 149 153 154 150 152 162 158 151 163 159 156 148 146 147 161 173 65 66 87 187 190 184 189 183 94 197 196 206 207 195 204 293 288 287 289 315 260 258 259 269 165 170 171 179 174 168 166 277 274 284 291 290 280 279 285 283 276 270 271 318 248 245 214 215 219 218 212 110 216 221 220 217 234 243 241 144 143 140 122 114 211 109 118 242 230 236 224 223 244 249 261 266 282 302 205 200 199 301 307 306 311 312 303 308 309 298 297 286 273 275 304 305 310 300 299 296 294 193 295 281 278 292 192 194 203 198 191 178 169 164 160 155 145 209 136 133 130 131 129 132 125 127 208 135 137 35 134 117 120 13 126 18 19 25 16 17 26 104 45 47 58 44 37 36 38 39 34 14 107 111 112 4 106 108 113 121 123 119 239 225 313 231 232 233 238 240 222 213 237 246 247 228 235 227 226 229 252 262 256 251 253 263 267 268 272 265 264 257 254 255 250 314 139 141 142 124 138 128 116 115 5 9 8 24 15 6 2 : 812.539
0 3 
1 7 6 11 10 23 31 32 33 24 26 25 18 16 20 12 17 3 8 19 27 36 37 42 53 46 57 54 51 56 55 50 48 45 49 40 47 44 316 317 59 105 78 83 82 71 68 67 85 93 102 96 101 97 91 92 84 77 80 76 73 79 98 99 100 94 207 206 95 88 87 66 60 61 65 190 188 176 172 173 177 181 179 186 185 189 184 191 198 197 201 202 196 203 312 309 308 310 304 305 298 297 276 273 271 270 275 280 285 284 283 290 291 279 286 282 278 277 288 170 281 292 295 294 296 192 193 293 289 287 300 299 303 302 307 205 311 301 306 199 200 204 194 195 180 175 174 169 182 178 171 166 274 272 315 251 252 254 250 258 255 259 266 257 264 267 265 260 261 268 263 318 248 249 262 253 256 314 243 246 247 235 245 244 224 223 214 215 219 218 236 228 226 227 233 225 230 240 118 109 110 211 213 216 217 212 220 221 222 234 237 229 238 241 242 239 231 313 232 140 139 143 144 269 165 168 167 163 158 152 159 151 157 156 149 145 154 39 38 153 150 209 142 123 128 125 208 34 35 14 9 112 111 117 121 114 122 119 113 108 106 5 4 107 115 116 13 120 126 127 133 135 137 136 134 129 124 130 131 138 132 141 148 147 146 161 162 210 155 160 164 183 187 90 81 74 75 89 86 72 64 69 70 63 62 58 52 43 41 104 28 22 29 30 21 103 15 2 : 706.477
1 0 
1 6 20 21 22 23 16 3 19 33 24 25 13 126 138 148 146 137 136 120 17 8 12 103 28 27 56 50 40 104 47 55 45 29 15 7 11 10 32 30 31 49 316 317 18 26 36 37 48 59 67 77 84 85 79 76 70 73 80 86 64 62 53 54 44 52 57 58 42 41 43 46 51 105 63 161 163 157 159 156 153 154 155 210 61 66 164 65 88 207 206 201 202 94 91 92 97 96 101 102 83 71 78 82 68 72 74 81 69 75 89 93 90 99 98 100 95 196 197 189 190 87 187 188 169 181 182 184 172 183 60 160 150 145 149 152 162 158 175 178 179 191 203 205 180 186 176 177 173 39 38 35 34 127 134 135 133 128 125 129 147 151 123 124 121 122 114 211 212 225 118 119 140 139 241 233 238 240 313 231 243 242 239 232 237 229 234 214 245 244 223 224 215 213 220 217 216 110 109 221 230 222 219 218 226 228 236 235 227 246 258 259 265 266 269 294 165 166 170 168 167 174 185 195 194 204 198 311 312 307 302 200 199 306 301 282 274 296 192 193 295 286 285 291 284 308 309 300 290 279 280 272 273 318 270 271 297 298 305 310 304 276 275 248 249 247 314 254 253 262 252 251 256 263 268 267 264 171 292 281 288 293 278 289 303 299 283 287 277 315 260 261 257 255 250 143 144 141 142 209 132 131 130 116 14 5 4 108 113 117 208 112 107 106 111 115 9 2 : 858.024
1 1 
1 2 10 11 32 40 45 48 50 55 59 57 58 105 71 78 84 79 81 74 80 63 65 66 176 182 185 174 175 172 191 181 179 195 193 282 289 287 294 295 192 171 288 302 307 306 205 311 312 199 200 204 203 187 183 173 201 100 202 207 206 186 194 180 167 168 156 164 169 210 153 145 38 39 209 136 154 152 147 163 151 144 143 250 243 229 235 228 227 236 252 249 244 245 215 223 224 237 234 214 218 222 231 313 225 239 119 110 216 118 242 139 140 241 232 233 230 238 246 251 256 253 257 248 318 270 271 275 276 298 305 297 300 299 309 308 304 310 286 280 284 279 296 277 170 165 260 265 258 255 263 264 254 247 226 219 211 212 221 220 213 240 109 217 114 130 113 117 120 134 135 128 150 158 157 148 166 281 293 301 303 292 278 274 283 285 290 291 273 272 315 267 262 268 261 266 269 259 314 142 141 123 122 121 132 124 131 133 208 126 108 112 115 4 107 106 116 14 111 129 125 138 137 34 37 36 44 42 43 51 41 46 52 47 53 60 155 160 161 162 146 149 159 61 188 177 184 178 197 189 198 95 94 196 190 88 87 89 93 98 90 99 97 102 101 96 92 91 85 82 68 67 72 64 76 73 86 83 77 75 70 69 62 54 317 49 56 316 104 30 103 24 26 17 35 127 13 5 9 8 3 12 27 16 25 18 19 20 23 21 15 29 31 33 28 22 7 6 : 860.52
1 2 
1 6 7 3 103 20 32 31 29 21 15 10 11 22 40 45 58 53 44 59 56 50 55 41 43 42 46 57 52 63 69 81 74 80 73 76 84 72 91 92 85 83 82 78 71 64 105 54 51 47 48 49 316 317 104 33 30 26 36 37 209 150 149 159 157 158 151 146 152 147 148 144 143 259 315 266 265 258 260 250 256 251 247 237 238 231 239 313 222 226 236 234 264 263 268 262 267 254 252 253 257 261 255 241 140 139 242 240 314 243 232 225 213 218 219 235 227 214 215 223 224 244 248 318 298 284 291 290 286 279 285 283 280 272 273 269 166 165 167 163 156 153 155 154 160 161 168 162 164 210 60 61 169 176 182 187 190 201 100 207 206 198 203 197 196 87 95 202 94 99 98 90 89 86 97 101 102 96 93 77 68 67 79 70 75 62 65 66 88 189 183 188 172 173 177 184 185 191 178 181 174 179 186 180 194 199 302 307 200 205 204 195 175 170 192 193 295 293 288 292 301 312 311 306 303 296 289 282 278 277 274 281 171 294 287 299 308 309 300 310 305 304 297 276 275 271 270 249 245 246 228 229 233 230 217 216 211 212 109 110 220 221 118 119 114 117 113 108 112 111 107 106 4 116 14 16 24 23 28 27 12 19 18 120 133 128 130 131 122 121 123 142 141 132 129 124 125 138 137 38 39 145 135 136 134 127 34 35 126 208 13 115 5 9 17 25 8 2 : 745.213
1 3 
1 6 7 21 22 32 33 19 26 25 18 17 8 9 16 37 36 41 42 60 65 177 182 190 189 187 188 183 184 191 185 169 168 167 179 181 159 163 151 157 149 156 162 161 164 61 75 76 71 84 83 97 101 96 91 92 102 93 81 74 69 70 63 58 52 46 43 38 39 34 138 136 127 111 107 115 112 108 106 4 5 116 13 14 137 133 128 125 120 126 135 208 129 121 130 122 131 123 113 114 212 211 217 110 109 216 119 220 221 118 225 313 231 239 242 232 230 229 236 227 224 214 215 223 245 244 249 318 270 276 298 310 305 304 297 300 299 309 308 303 301 302 295 193 306 307 171 170 277 274 283 272 273 250 255 260 258 265 266 264 261 256 253 251 263 262 268 252 247 246 233 238 240 241 139 140 148 158 210 160 153 154 146 147 152 155 150 145 209 35 134 117 124 132 141 142 143 144 165 166 315 267 269 259 257 243 314 254 237 234 226 222 213 218 219 228 235 248 271 275 280 285 291 279 284 296 293 292 294 286 282 290 289 287 278 281 288 192 311 312 205 199 200 203 204 87 66 176 173 172 178 180 186 174 175 195 194 198 196 94 95 88 197 201 202 206 207 100 90 98 99 85 82 78 67 72 89 86 77 79 73 80 62 55 49 45 44 47 51 57 53 54 56 48 50 317 316 59 68 64 105 40 104 24 27 31 30 29 28 23 20 12 3 11 15 103 10 2 : 723.66
2 0 
1 65 146 27 80 62 207 85 98 275 219 82 111 83 260 229 192 169 173 145 287 95 4 59 244 236 276 215 12 88 102 26 17 33 42 292 162 97 47 138 148 300 144 224 51 34 180 243 158 245 302 316 188 195 149 290 272 46 166 103 114 60 191 90 79 122 112 99 156 151 314 233 165 255 226 155 202 54 101 159 94 177 268 267 269 130 126 128 71 21 29 139 170 183 186 73 135 77 157 295 263 55 277 305 228 304 6 133 288 310 67 285 280 216 86 100 116 289 200 264 48 53 137 45 104 150 203 204 282 259 16 296 168 87 91 24 18 32 23 84 93 270 283 318 136 218 119 271 254 209 92 134 294 117 161 76 63 174 185 210 205 303 252 251 125 109 178 190 120 131 163 176 132 214 56 311 284 194 217 147 241 262 281 81 41 38 89 312 265 248 297 307 74 197 123 237 152 179 182 196 66 5 13 242 78 107 3 19 36 246 11 8 50 220 9 221 223 115 208 35 240 225 306 124 193 308 286 291 299 274 301 172 154 7 70 25 250 317 198 40 28 52 211 113 257 273 49 10 110 140 164 160 261 184 206 72 105 230 313 108 238 227 266 68 64 96 201 315 58 249 256 44 279 141 222 175 258 167 234 31 15 118 309 61 231 253 143 2 30 187 247 127 189 199 181 22 20 171 37 75 121 43 69 14 278 293 235 239 232 298 129 212 57 153 39 142 213 106 : 4877.97
2 1 
1 132 316 117 210 12 11 28 302 154 195 35 215 223 265 146 55 153 112 31 301 312 217 17 21 180 186 205 245 95 90 279 167 174 175 303 261 289 126 212 26 306 142 131 105 86 173 169 165 159 281 197 14 127 38 58 96 204 151 144 119 30 15 244 224 258 193 87 91 71 13 282 280 275 263 228 207 50 202 155 307 110 157 143 299 24 211 124 115 137 29 33 216 107 114 47 206 231 118 111 294 286 27 5 314 264 313 109 156 243 235 290 262 25 6 41 268 176 66 181 198 19 273 130 53 184 123 72 218 251 309 196 191 23 65 75 254 49 8 241 3 45 283 256 201 147 226 248 234 192 276 277 295 125 160 79 34 148 133 163 266 315 145 83 166 162 199 161 100 106 32 113 68 317 22 225 76 242 39 122 209 149 200 4 37 92 252 292 285 219 51 182 52 94 102 246 249 208 185 260 296 308 63 240 188 88 270 274 291 247 311 103 190 213 128 271 297 293 62 93 77 36 138 18 237 221 178 179 203 300 170 259 257 116 287 40 304 57 61 168 318 236 140 150 172 230 121 141 272 305 135 220 139 16 104 101 98 73 278 310 82 97 74 227 158 284 81 56 46 2 44 136 253 214 84 183 187 129 120 134 42 54 59 9 80 99 78 7 232 238 171 233 269 298 229 239 288 189 222 108 20 10 89 255 60 85 177 250 43 69 64 70 48 164 267 152 194 67 : 4802.13
2 2 
1 177 11 228 90 186 137 9 5 15 21 166 155 72 8 116 236 119 129 132 197 139 27 95 64 204 312 91 85 272 103 98 203 259 143 224 114 123 293 262 252 225 258 84 46 211 173 126 92 313 222 158 299 70 71 184 100 191 311 297 217 20 302 226 120 307 88 185 202 93 289 292 234 295 241 214 235 118 17 111 317 247 189 73 50 183 124 62 243 54 257 40 78 76 18 255 36 47 192 314 230 279 221 294 41 56 181 142 215 244 250 160 318 286 82 43 58 233 298 283 281 223 29 105 156 109 146 219 121 271 94 172 128 74 66 51 212 110 147 83 125 179 306 81 253 32 102 188 267 89 316 45 104 174 168 239 49 182 52 275 254 242 304 67 77 207 164 150 232 216 48 201 187 42 167 130 210 134 249 274 264 141 218 269 133 136 288 209 157 25 206 193 97 2 152 75 101 68 69 291 131 34 138 63 199 266 260 268 251 305 310 300 86 24 178 176 22 10 296 303 229 19 248 231 163 171 190 30 31 154 180 238 169 282 170 287 276 273 65 3 6 26 60 195 14 87 308 23 61 28 148 39 240 127 106 280 37 263 149 265 108 285 194 113 227 112 4 44 175 198 237 12 196 122 290 115 220 245 99 309 208 145 57 96 151 165 278 153 277 33 7 35 107 256 200 205 144 315 59 162 284 301 16 79 270 117 55 140 135 13 261 213 38 159 53 161 246 80 : 5119.98
2 3 
1 105 54 69 89 57 78 64 46 158 199 288 306 266 310 304 289 189 125 171 172 194 100 188 201 311 309 169 99 42 48 32 103 18 49 36 23 24 37 3 183 87 88 200 77 104 33 82 190 85 38 197 293 278 210 13 58 52 126 131 157 166 196 95 295 297 294 220 139 303 253 314 257 234 160 142 315 241 203 318 209 150 317 206 90 268 223 123 96 207 53 19 25 56 72 76 184 271 273 145 43 124 135 168 68 176 175 155 285 284 244 248 280 296 286 281 185 261 227 240 249 270 291 283 262 130 6 11 30 136 191 198 312 118 213 141 5 41 2 93 70 117 4 35 239 272 51 98 219 147 245 229 236 228 267 250 63 21 238 16 15 31 7 112 47 40 22 29 9 73 84 91 187 61 256 235 226 138 133 156 94 81 115 255 193 149 230 214 263 28 44 164 195 204 159 173 116 231 148 299 247 165 177 39 20 121 211 174 180 208 128 129 137 179 143 224 237 243 259 307 181 106 107 108 132 218 119 153 34 233 252 305 242 222 10 8 26 45 79 86 67 282 274 162 308 300 251 265 260 163 178 287 277 83 111 62 71 316 192 269 258 140 120 66 167 59 50 65 182 290 276 146 14 17 55 97 202 279 275 101 102 80 75 152 212 12 154 225 122 113 313 170 215 232 110 217 216 298 60 74 92 301 205 292 246 221 151 127 109 134 114 254 264 302 144 186 161 27 : 3590.24
3 0 
1 185 66 19 142 148 231 279 22 77 196 10 197 191 3 154 5 213 198 170 105 70 89 101 34 164 252 16 122 151 2 29 104 82 46 221 249 176 193 248 255 96 51 163 56 147 284 85 91 243 301 288 303 268 118 42 263 93 278 119 242 162 144 271 200 99 38 256 273 117 283 264 86 58 111 13 220 102 54 131 262 41 182 230 205 73 188 209 270 316 173 53 108 18 143 203 39 210 65 292 177 277 233 208 149 95 195 308 120 174 97 52 135 184 183 186 159 14 155 219 280 302 190 153 166 258 313 140 107 57 123 9 187 314 21 69 201 212 253 124 286 257 298 115 134 30 4 318 305 304 90 129 136 114 27 113 26 165 276 260 225 28 20 240 285 171 282 317 239 167 62 138 246 218 43 150 265 236 78 309 296 71 44 60 45 49 307 168 217 146 139 64 311 226 244 202 126 261 172 98 312 169 179 272 15 31 68 194 55 32 24 80 7 214 192 67 36 251 290 180 181 59 76 75 33 79 35 224 63 8 50 83 103 48 23 216 250 235 207 234 211 245 267 206 109 156 110 125 61 84 74 238 306 145 178 175 158 287 254 137 189 92 25 222 161 17 106 133 72 88 100 94 259 121 160 141 132 47 152 12 281 295 241 37 40 87 297 293 275 299 294 204 199 229 116 269 223 247 227 232 112 11 274 291 310 6 289 315 300 228 266 215 237 81 130 157 127 128 : 5009.09
3 1 
1 157 187 91 89 230 228 250 137 3 191 209 53 197 136 211 152 237 266 222 200 208 55 246 168 181 86 96 260 29 30 52 292 298 315 232 4 210 71 79 47 50 155 156 22 283 166 276 274 318 25 112 97 173 167 95 54 84 202 275 44 64 19 8 104 80 182 262 312 284 131 186 27 217 190 179 272 113 194 159 253 277 268 220 42 34 178 172 224 123 140 65 154 119 169 56 204 214 51 291 142 205 281 301 263 243 57 203 238 257 122 17 235 162 225 20 300 201 192 229 85 100 87 117 130 150 215 265 106 13 247 221 227 295 305 193 303 77 240 304 81 146 233 98 76 45 63 163 138 41 7 147 134 116 264 256 286 177 143 35 23 66 288 311 124 196 244 58 216 231 127 62 144 308 5 254 287 49 18 259 99 72 67 93 88 164 24 74 317 109 73 82 12 10 306 75 296 176 43 70 207 102 6 267 120 111 299 114 11 297 139 278 83 107 189 248 171 226 170 133 108 219 234 293 289 160 158 239 198 174 40 110 118 255 48 101 270 21 184 249 125 188 103 251 271 282 161 32 39 199 59 15 2 261 252 279 258 165 105 90 92 60 61 183 290 128 153 285 307 309 302 126 129 212 121 180 16 36 135 37 294 236 241 313 31 316 148 151 273 280 206 185 14 149 132 213 269 218 28 68 46 115 33 175 38 9 223 195 94 26 69 242 141 78 145 314 310 245 : 5126.52
3 2 
1 307 194 280 190 262 317 200 66 234 12 33 78 257 26 7 22 103 271 276 155 171 186 316 228 290 264 34 3 247 117 177 182 218 235 282 233 111 125 212 292 15 245 28 204 17 18 174 259 265 287 294 158 44 312 285 179 143 79 202 221 223 318 258 9 47 147 277 70 289 184 161 267 87 57 120 238 302 118 135 108 206 311 172 98 279 304 309 164 224 288 239 167 36 263 11 6 42 59 112 115 295 192 97 203 297 254 142 20 242 300 140 93 52 299 58 106 209 104 73 173 166 306 196 77 90 119 222 246 82 152 293 308 241 220 109 159 30 207 35 49 84 85 101 170 127 114 16 27 19 64 230 132 139 284 48 183 133 43 4 88 86 45 102 266 191 213 145 153 225 314 38 80 67 187 301 310 229 176 215 251 60 91 92 255 219 217 256 81 260 249 151 141 123 72 10 110 214 244 252 163 31 226 41 231 137 39 305 240 13 136 68 189 23 95 69 37 275 270 188 76 89 2 313 138 8 21 83 149 74 99 250 146 154 169 274 175 56 61 195 122 272 5 32 105 162 14 46 128 144 113 24 253 75 94 303 261 62 55 237 107 50 165 281 243 134 298 315 126 156 54 96 248 291 100 278 269 25 121 210 208 236 296 160 268 148 131 129 63 205 71 286 65 168 198 201 181 157 273 130 178 227 150 211 232 185 53 40 29 51 124 193 199 283 197 116 180 216 : 5124.99
3 3 
1 88 52 45 50 8 26 158 298 300 305 131 13 137 12 3 213 234 216 142 211 139 291 225 160 204 227 217 4 116 132 239 230 170 303 292 312 86 101 102 36 317 187 74 42 95 263 148 140 221 209 33 32 40 10 316 41 130 135 117 190 311 301 280 261 31 54 76 68 6 35 127 231 111 189 67 43 106 226 256 270 297 308 287 218 214 228 195 149 288 274 192 107 182 191 295 278 307 193 314 249 259 289 199 144 133 65 56 264 118 238 273 260 220 179 206 176 302 286 281 255 250 283 279 253 114 223 240 247 246 145 96 81 92 91 82 70 159 203 175 162 219 251 285 284 58 25 155 60 197 72 128 173 202 121 30 229 157 38 83 99 93 51 15 242 215 269 275 318 84 57 55 47 49 21 16 62 125 28 27 19 97 85 75 78 194 63 71 17 143 113 112 124 150 110 134 104 168 73 61 282 98 77 146 167 272 232 108 34 126 29 24 11 7 9 129 23 44 136 245 123 14 5 151 20 79 69 152 109 235 122 265 293 205 87 267 266 180 100 94 48 37 53 208 154 156 141 186 64 59 169 184 39 262 178 138 115 120 212 224 299 18 105 22 183 296 196 164 185 165 166 294 207 198 254 244 233 237 172 80 174 277 66 90 89 161 153 222 313 315 177 181 2 119 306 309 236 252 310 200 268 171 241 290 258 243 304 271 257 248 276 188 46 210 201 103 163 147 : 3684.61
4 0 
1 9 8 13 107 116 112 111 4 5 106 108 114 121 130 113 123 129 132 142 138 141 147 146 157 148 149 163 166 165 269 259 255 266 265 260 256 272 280 285 284 291 286 290 315 267 254 268 263 262 271 276 275 270 318 248 249 252 258 250 139 144 143 314 140 242 238 229 226 219 218 213 217 109 110 211 212 230 313 240 241 232 233 239 247 253 264 261 257 251 243 216 118 221 220 119 225 222 237 215 214 223 245 244 224 227 246 235 236 228 234 231 122 131 135 136 124 209 153 145 150 155 154 158 151 152 156 162 159 164 160 161 210 169 173 177 182 191 186 179 180 61 66 187 176 174 178 168 167 185 184 175 195 194 203 306 302 312 311 307 301 193 171 170 292 278 281 288 293 294 287 282 277 274 273 279 283 300 308 309 310 305 304 297 298 299 303 296 289 295 192 200 199 205 204 181 188 189 190 196 87 88 94 207 206 100 202 201 197 198 95 98 99 91 82 85 86 90 93 102 101 97 96 92 84 78 71 67 68 316 317 56 49 50 55 48 45 40 104 36 14 115 117 126 127 125 133 128 120 134 208 137 34 35 38 39 58 63 60 65 172 183 89 81 74 72 64 79 83 77 76 80 75 69 73 70 62 105 59 57 54 47 44 51 41 42 53 46 52 43 37 27 29 22 23 28 33 20 30 32 31 21 12 18 25 17 16 26 19 24 3 2 7 6 11 10 103 15 : 767.439
4 1 
1 3 34 162 61 78 85 77 63 66 81 76 75 69 74 70 80 79 68 64 72 91 101 84 86 82 71 67 83 102 97 96 92 93 98 99 89 196 197 94 95 90 73 57 44 48 49 40 54 62 105 58 53 55 47 51 52 46 42 41 43 161 147 146 38 39 209 151 150 152 160 159 158 163 167 170 294 288 277 274 265 259 261 257 239 222 233 118 220 119 139 140 242 221 231 225 217 110 216 109 213 218 219 230 240 237 234 238 243 256 315 267 262 253 252 247 246 249 251 266 254 255 260 263 264 314 250 258 144 143 166 165 269 281 171 168 156 210 155 164 60 87 88 176 172 169 174 175 185 178 181 184 189 182 180 191 186 179 177 65 183 188 173 187 190 201 100 207 206 202 198 203 194 195 204 205 312 311 306 199 200 303 308 305 304 297 298 275 271 318 276 310 309 296 282 291 300 285 280 279 284 290 299 286 283 278 289 293 192 193 307 301 302 295 287 292 272 268 273 270 248 244 224 223 215 214 245 228 226 229 313 211 212 227 235 236 241 232 113 108 107 106 112 116 115 4 111 122 134 35 14 24 25 12 29 23 21 20 17 16 37 36 104 316 317 50 45 59 56 31 32 33 28 18 19 26 13 126 137 125 129 114 131 117 127 208 136 142 141 149 148 157 154 153 145 128 133 135 138 132 124 121 123 130 120 5 8 9 27 30 103 22 15 10 6 11 2 7 : 913.797
4 2 
1 12 28 29 32 15 8 9 18 19 27 17 16 20 30 31 33 25 26 36 37 42 43 41 58 53 52 46 44 54 57 55 59 317 316 105 56 50 51 49 45 104 48 40 47 60 61 74 93 92 91 84 83 77 71 68 78 67 86 73 96 101 102 97 98 99 80 85 82 79 72 75 81 76 69 70 63 62 64 89 90 66 176 65 87 187 189 195 186 181 178 182 173 172 164 210 179 174 154 153 161 168 175 180 185 197 201 94 100 202 196 95 206 207 198 191 194 177 184 190 88 188 183 169 167 166 165 274 289 308 297 298 305 310 304 309 299 300 303 311 312 204 203 200 205 193 192 296 295 301 199 307 306 302 288 281 294 293 282 277 171 170 292 278 287 286 290 291 284 283 279 276 275 271 270 249 248 318 285 280 273 272 268 263 254 266 264 261 257 256 251 262 267 315 260 259 252 253 247 314 250 143 144 142 141 124 138 130 129 132 107 111 106 5 116 4 112 108 113 114 220 213 229 246 238 222 217 211 212 241 242 232 225 231 313 243 258 255 265 269 140 239 233 235 228 219 218 224 215 214 223 244 245 227 236 226 237 234 230 240 221 216 109 110 123 131 121 125 120 134 137 126 133 128 136 135 208 117 115 14 13 34 38 150 160 155 209 127 122 118 119 139 163 147 148 151 157 158 156 162 152 149 146 159 145 39 35 24 22 21 23 103 10 11 2 7 6 3 : 810.516
4 3 
1 12 3 10 15 18 8 9 24 27 36 25 17 14 116 111 112 132 141 142 135 137 136 125 129 124 208 120 134 209 155 159 160 164 210 154 145 39 38 35 34 127 126 133 122 121 123 130 131 138 146 152 156 162 163 144 119 211 212 216 213 238 225 230 313 233 239 241 243 242 232 229 237 236 228 226 218 219 227 235 234 240 231 222 221 118 220 217 109 110 113 114 117 128 108 106 107 4 115 13 5 16 28 20 32 317 316 40 104 49 50 48 45 47 66 65 173 183 88 188 194 198 191 184 187 176 182 201 94 202 197 87 196 190 189 172 177 169 60 61 153 157 158 168 167 175 170 171 165 166 251 267 264 262 256 268 260 315 272 273 271 270 263 261 255 265 269 266 287 274 277 278 281 288 289 286 290 284 279 283 282 294 296 303 307 302 301 192 193 311 312 205 199 306 200 293 295 292 299 308 309 305 310 304 291 280 285 300 297 298 276 275 318 248 249 244 245 224 215 223 214 247 246 250 139 140 258 259 257 252 253 254 314 143 147 148 151 149 150 161 174 178 181 186 180 179 185 195 204 203 207 206 100 95 99 90 75 80 73 69 86 64 68 83 84 82 85 89 74 81 76 79 92 97 101 102 96 91 78 71 67 72 77 93 98 70 63 62 46 59 105 57 53 52 41 42 58 54 56 55 44 51 43 37 26 19 23 103 33 31 29 21 22 30 11 7 2 6 : 777.899
5 0 
1 106 142 126 129 174 61 113 26 117 88 272 193 170 43 264 162 275 255 124 269 161 132 253 225 251 123 246 224 130 147 11 37 53 214 249 223 280 314 283 87 68 91 230 17 20 84 3 127 44 30 51 137 248 165 183 12 168 273 205 136 120 229 211 243 216 238 222 219 22 166 306 191 100 94 178 75 79 4 268 56 60 254 28 7 66 143 38 198 185 173 49 309 153 221 23 186 58 39 41 189 286 241 274 69 206 288 282 278 182 228 245 135 258 175 302 195 46 134 192 262 194 190 40 35 57 208 5 260 279 197 209 294 114 250 263 104 266 184 149 315 128 116 47 236 293 296 298 218 261 265 152 63 27 207 92 83 145 252 239 16 122 199 85 18 33 80 213 110 13 292 163 307 141 9 103 34 151 42 150 109 157 308 202 77 220 139 140 300 90 32 15 196 29 118 159 2 105 101 81 316 284 171 297 78 201 98 73 155 36 64 50 169 242 19 25 289 160 181 167 177 256 271 313 299 67 97 312 111 107 164 146 270 257 180 95 310 125 52 187 14 240 203 305 234 65 82 148 176 301 172 277 71 154 74 295 102 290 233 210 54 212 215 204 70 259 311 31 93 144 317 96 318 303 59 108 237 267 10 62 200 158 86 115 24 131 231 112 89 244 6 304 226 72 188 99 55 8 133 76 156 121 281 235 21 232 48 45 179 276 287 285 217 247 291 138 119 227 : 5062.01
5 1 
1 304 116 156 136 8 172 78 35 177 286 250 228 226 238 236 173 258 150 46 45 125 100 189 274 122 168 275 108 112 282 4 163 27 131 21 17 196 315 49 137 18 118 314 134 38 247 287 262 256 253 113 305 26 105 97 316 180 298 241 273 95 59 221 244 124 51 302 33 135 70 133 231 223 288 24 73 243 300 181 48 67 183 61 272 5 313 215 202 203 62 71 252 216 139 74 153 295 126 76 54 220 200 2 32 130 232 197 210 317 155 254 149 185 249 167 279 184 191 60 79 80 186 194 154 109 268 64 102 7 52 152 296 175 164 187 245 107 47 190 140 195 285 294 170 179 311 146 3 206 14 119 77 43 117 114 239 151 174 30 257 227 201 94 280 161 217 128 145 50 199 233 230 81 306 211 20 101 11 13 92 120 93 148 251 277 213 225 266 182 169 28 29 127 103 75 142 157 242 15 23 37 85 111 214 178 259 147 143 171 63 66 6 207 89 129 69 265 297 276 198 307 40 209 264 88 34 36 12 160 267 260 218 212 270 234 310 312 204 281 141 165 83 106 278 31 41 68 22 82 318 289 299 192 303 291 53 293 16 208 9 39 42 246 290 224 237 176 132 72 99 96 138 159 222 261 188 248 308 229 158 193 269 219 115 56 98 205 292 255 144 301 309 263 271 235 58 121 283 87 84 90 86 57 91 162 110 240 55 10 44 19 123 104 25 284 166 65 : 5031.59
5 2 
1 11 240 71 6 123 56 182 105 107 46 5 315 98 287 12 21 72 62 291 288 316 124 222 144 309 165 255 208 75 220 43 64 256 298 109 214 89 44 184 134 49 103 76 34 282 57 151 54 264 162 25 229 278 286 104 199 310 100 135 39 292 40 83 258 211 28 3 290 249 295 188 90 261 263 270 153 36 70 69 274 251 223 9 26 7 243 129 317 53 99 140 250 154 259 177 174 293 133 15 194 260 283 91 111 242 139 110 85 197 207 262 114 47 50 230 173 163 88 205 195 171 311 218 185 265 35 157 276 80 22 272 225 268 115 143 183 95 55 59 314 164 202 17 180 313 101 147 79 65 179 31 155 245 247 253 301 63 121 186 234 131 118 248 307 233 235 232 161 159 130 142 257 167 82 81 24 239 84 113 156 112 152 215 221 201 226 216 169 280 20 45 269 87 102 92 86 141 68 267 29 158 93 187 127 132 14 126 189 145 252 203 10 209 32 58 61 146 192 166 8 125 117 176 181 168 122 294 60 277 254 304 303 297 246 284 37 149 299 38 266 27 119 275 200 231 190 66 78 77 97 96 198 16 42 2 108 217 305 19 302 318 300 178 206 312 306 67 48 227 213 73 74 4 172 196 13 23 219 238 193 244 281 296 236 237 41 30 160 210 120 128 18 175 204 94 191 52 279 285 289 148 228 150 137 138 106 51 136 116 170 212 271 273 308 224 33 241 : 5126.92
5 3 
1 141 146 215 138 18 317 26 3 50 126 91 77 186 52 38 291 253 235 119 107 41 316 175 161 16 25 210 46 8 69 74 89 239 233 122 154 150 174 155 133 262 241 224 43 56 85 260 314 34 45 10 36 288 108 113 230 217 236 313 252 245 270 229 284 271 297 272 184 136 39 131 115 205 160 29 37 54 208 5 189 168 267 301 302 206 277 170 259 159 17 232 207 181 102 201 88 90 82 42 49 135 132 249 304 318 282 166 306 203 96 157 250 114 222 183 73 71 83 148 209 212 216 112 251 248 240 289 171 156 258 86 79 44 48 103 7 97 55 194 278 165 117 294 238 13 246 244 228 261 255 110 78 64 226 213 134 142 92 40 70 99 72 84 93 67 100 94 95 101 76 65 173 191 179 23 243 149 177 172 151 293 200 193 263 256 303 227 139 124 118 58 80 198 199 264 309 276 295 311 279 182 315 242 247 152 61 87 98 202 137 237 280 123 214 31 19 59 20 15 104 145 120 4 158 274 269 287 257 268 292 285 231 266 275 254 305 298 299 75 188 66 286 195 153 290 312 197 192 234 111 219 220 121 109 265 147 116 81 196 180 307 273 223 300 62 185 6 33 21 32 2 28 35 169 105 30 63 47 178 190 57 51 144 162 167 12 125 128 129 106 68 204 176 221 218 283 310 308 296 164 187 60 163 281 9 127 27 53 143 211 225 14 22 24 140 130 11 : 3701.57
