0 0 
1 8 111 115 136 34 209 156 160 159 135 142 141 53 58 69 72 82 78 84 85 63 33 17 54 55 40 37 29 20 32 30 36 41 79 86 90 77 83 71 93 92 62 187 88 196 87 95 207 201 202 94 197 98 81 74 99 102 91 101 97 96 67 44 57 47 43 46 42 50 317 59 105 49 48 104 38 153 210 148 157 145 155 154 149 151 163 162 158 178 177 184 60 61 172 176 183 182 189 180 175 174 194 203 193 192 301 302 303 307 199 200 169 150 133 112 117 106 4 116 132 114 113 124 110 220 240 218 237 139 140 242 238 229 227 236 226 230 214 223 215 244 219 212 231 239 246 247 262 252 224 245 256 273 268 258 241 232 314 255 264 253 266 265 257 250 259 131 123 216 217 119 118 221 225 313 108 128 208 107 5 9 24 15 103 28 21 12 23 45 56 51 52 66 65 75 70 64 80 76 68 73 89 100 206 198 186 185 191 168 167 179 188 190 173 181 204 195 306 311 205 295 296 272 166 288 290 170 171 292 289 293 282 283 310 309 308 312 285 275 300 304 305 298 297 254 251 263 269 144 165 277 278 294 286 274 299 291 284 287 281 279 280 270 318 248 249 271 276 234 222 211 213 109 243 233 235 228 261 260 267 315 143 147 146 130 121 122 129 138 126 35 120 13 14 134 127 125 152 161 164 39 137 16 25 27 10 18 19 26 31 316 6 2 3 11 22 7 : 1215.44
0 1 
1 11 12 20 2 9 8 111 13 107 5 112 108 116 4 106 131 124 34 160 156 148 168 315 275 300 299 277 278 282 293 292 267 273 271 279 296 298 284 285 311 200 195 204 206 65 66 190 188 207 203 199 290 280 289 308 309 291 270 268 264 265 219 218 143 314 247 252 256 272 260 141 132 129 125 137 123 121 146 147 157 163 174 171 286 306 310 318 248 249 244 276 304 305 297 274 263 262 251 254 266 259 257 258 232 209 135 208 37 35 126 127 136 128 120 14 134 18 19 27 26 33 104 54 29 32 21 103 22 31 45 316 48 40 55 64 176 184 187 152 39 38 145 161 162 167 159 158 210 177 191 202 201 88 87 182 189 183 173 172 61 98 99 196 94 197 142 138 133 115 60 63 77 85 84 92 96 102 91 79 81 76 89 70 68 317 72 75 86 83 105 57 56 3 30 49 47 43 41 46 36 50 155 52 97 80 74 59 51 44 71 78 101 93 82 67 69 62 58 90 100 95 205 303 302 192 288 294 165 140 231 237 139 220 212 109 110 117 130 154 144 119 113 114 122 211 236 215 223 214 245 213 239 242 240 238 313 241 230 118 217 222 216 221 233 243 246 227 228 229 235 226 234 224 225 255 250 253 261 281 193 283 166 269 185 150 153 164 169 179 180 175 178 198 181 186 194 307 295 301 312 287 170 151 149 73 53 42 24 23 6 16 17 25 28 15 7 10 : 1425.71
0 2 
1 15 26 14 108 107 120 13 157 146 151 237 228 216 217 124 135 137 127 112 116 130 138 145 153 136 126 133 134 208 5 111 4 27 37 34 39 38 161 149 156 113 122 117 125 35 30 43 41 36 47 45 105 62 46 53 54 58 52 48 44 57 172 181 177 210 155 160 162 159 141 131 221 219 224 251 263 253 257 259 268 267 246 215 213 211 238 243 240 313 222 233 249 223 229 140 119 212 220 110 250 314 226 225 231 218 256 262 255 241 242 118 232 239 139 144 143 163 167 168 288 282 290 278 293 281 264 273 265 269 272 274 195 154 209 150 164 152 170 280 285 284 286 275 271 302 306 300 299 297 289 287 283 303 310 270 254 261 252 244 248 245 214 227 235 318 276 298 304 305 308 294 291 279 312 200 205 199 292 166 315 247 260 258 165 174 65 66 61 90 187 189 183 63 59 40 104 316 49 317 29 3 8 18 23 25 33 106 128 132 114 109 230 236 234 266 277 295 185 191 202 95 73 70 93 83 92 96 97 102 91 78 76 77 72 79 80 74 182 196 98 99 81 71 82 85 84 68 64 86 101 67 56 51 180 158 147 148 142 121 129 123 115 9 16 12 21 50 55 75 89 94 198 206 100 178 186 309 296 301 311 307 193 171 192 203 204 194 190 184 60 173 87 88 176 188 175 179 169 197 201 207 69 42 17 28 103 24 20 11 10 2 6 7 31 32 22 19 : 1396.07
0 3 
1 7 3 15 22 29 50 49 44 45 46 68 64 85 71 56 105 81 69 51 54 95 196 178 186 165 286 277 258 257 157 210 159 156 161 154 155 168 193 192 306 312 175 174 172 188 191 198 203 204 205 200 295 307 301 302 308 285 272 170 281 280 300 275 270 271 263 253 268 264 262 252 249 255 259 139 242 240 241 226 313 233 237 229 243 234 213 227 228 236 230 221 211 222 218 219 215 224 223 244 248 245 246 251 254 261 256 314 269 166 288 315 266 265 260 143 146 153 145 150 35 116 126 136 113 140 247 239 231 232 235 217 212 110 109 216 119 144 167 173 187 88 65 176 100 77 90 98 99 63 80 76 74 57 62 59 37 137 133 160 60 61 177 94 75 73 78 93 89 207 183 181 179 171 296 299 279 298 276 267 250 138 111 9 24 6 2 21 32 11 25 120 14 127 107 128 141 209 142 130 147 129 117 5 4 106 114 118 220 225 238 121 124 123 208 134 135 122 132 125 131 112 108 115 12 10 13 34 43 58 38 39 16 20 27 28 103 8 17 55 48 40 317 316 42 66 169 182 184 199 311 282 290 292 293 309 310 304 303 297 305 291 287 283 284 274 289 294 164 151 149 278 273 318 214 148 152 158 162 163 185 180 87 197 206 202 201 190 189 194 195 83 91 97 67 84 72 82 92 102 96 101 86 79 70 104 47 31 36 18 19 23 30 33 41 53 52 26 : 1369.78
1 0 
1 2 21 32 20 43 46 42 105 63 53 51 50 52 88 99 93 98 102 77 68 72 70 178 151 146 148 124 131 121 133 129 126 161 64 76 90 92 91 317 47 54 58 62 48 45 57 55 59 155 142 150 209 149 157 172 187 181 169 286 290 282 298 297 294 274 277 166 35 34 123 250 144 260 262 257 246 255 266 261 269 315 267 268 273 253 256 252 243 220 242 239 232 233 109 213 215 248 245 270 275 276 244 249 224 223 236 235 226 227 228 219 229 238 313 217 216 211 110 214 247 237 222 225 231 218 221 119 118 240 241 140 139 135 136 127 134 208 108 132 113 4 112 107 3 11 7 10 18 9 26 15 31 104 36 29 316 49 30 12 8 17 5 14 25 28 27 24 16 19 33 137 120 116 111 106 128 125 117 122 263 254 259 143 165 158 163 154 152 60 39 145 147 138 141 130 115 13 114 230 212 234 251 314 318 271 291 293 288 281 170 301 199 204 89 81 80 74 188 182 176 164 160 61 184 186 180 190 183 162 168 167 175 179 65 94 207 206 196 173 69 79 85 83 84 101 96 97 82 71 78 40 41 44 37 153 174 210 159 156 38 189 177 185 311 193 292 283 278 295 306 299 296 200 287 171 289 284 285 279 280 310 305 304 309 308 312 302 303 300 272 258 264 265 307 192 205 195 194 191 201 202 95 100 198 203 197 87 66 73 75 67 86 56 6 23 22 103 : 1355.65
1 1 
1 2 15 7 22 8 17 12 103 21 29 37 48 59 45 317 40 51 25 9 106 4 112 115 113 132 38 209 137 208 134 13 116 120 127 108 117 111 107 139 220 221 211 212 213 110 264 269 280 283 272 267 263 268 249 234 313 109 229 235 227 266 258 259 295 169 175 191 182 184 172 183 202 90 85 79 78 53 36 50 55 44 62 63 74 75 83 69 64 105 101 81 70 100 201 196 197 189 89 99 206 207 88 66 95 98 102 91 97 84 56 16 19 18 24 23 27 34 35 42 52 43 49 47 32 39 153 161 68 72 96 82 67 71 57 58 61 187 87 198 190 164 60 147 143 121 225 231 118 218 216 217 122 135 14 5 124 128 146 148 158 219 253 315 166 257 130 131 119 126 133 136 149 138 123 157 155 154 162 150 114 141 54 46 41 33 104 28 31 20 30 316 73 80 76 77 86 92 93 188 181 174 177 94 312 200 301 307 299 300 279 281 278 210 159 151 168 176 178 173 65 186 179 185 306 205 303 199 204 195 180 194 203 308 297 248 215 224 244 245 254 270 318 298 277 274 170 165 284 291 286 273 296 290 310 275 271 276 304 305 309 289 293 311 302 192 193 171 250 230 241 240 251 246 252 256 261 238 239 232 242 140 144 314 265 260 255 262 243 223 214 236 233 222 228 237 226 247 285 287 288 294 292 282 167 163 156 142 152 160 125 129 145 26 11 10 3 6 : 1451.89
1 2 
1 2 8 9 23 20 27 34 19 65 84 76 81 75 86 85 91 89 97 96 78 99 98 90 194 184 188 88 198 207 192 295 205 312 301 302 307 199 186 170 175 153 145 155 152 156 210 158 146 147 160 44 51 55 46 35 142 123 106 108 111 107 127 136 125 116 134 14 13 30 7 11 10 3 12 18 17 16 31 21 103 33 42 40 45 104 47 48 58 53 105 73 83 92 79 71 52 41 43 135 137 138 121 131 148 150 151 168 169 196 93 72 67 68 80 77 54 39 38 172 190 202 197 100 95 206 94 203 195 204 303 309 308 299 256 252 251 260 314 265 269 255 259 140 233 243 212 114 226 231 247 236 313 230 235 240 239 241 232 119 118 143 144 171 306 293 292 294 277 289 315 261 268 257 254 139 225 216 217 211 110 130 201 183 66 61 60 87 64 102 101 59 82 74 69 70 50 56 316 317 49 63 62 57 37 15 32 6 29 22 28 26 36 141 149 124 126 133 122 221 246 234 222 229 242 237 249 244 248 318 270 271 291 284 296 287 288 281 282 283 264 272 297 276 298 304 275 310 305 311 193 200 185 180 179 174 176 187 191 278 166 165 266 267 279 273 167 173 178 182 181 159 163 161 154 164 177 189 162 157 258 250 274 290 285 300 286 280 262 263 253 245 224 218 219 213 220 109 238 228 227 215 214 223 209 132 129 113 112 208 128 117 120 115 5 4 25 24 : 1332.61
1 3 
1 2 6 7 15 23 60 65 176 201 87 169 183 202 184 177 210 150 137 111 106 122 239 223 218 230 219 252 253 246 257 247 244 245 248 249 270 310 297 304 298 276 279 282 280 263 318 311 306 186 194 181 165 170 251 228 234 243 143 139 118 121 112 128 135 120 113 123 124 130 146 152 148 117 125 221 241 314 286 305 299 312 290 291 180 174 196 99 89 90 88 303 307 200 292 273 284 283 278 277 294 293 300 285 309 308 271 275 237 212 119 217 216 211 213 222 229 227 226 235 236 233 313 142 255 240 232 140 242 231 145 151 159 156 158 162 155 74 81 154 28 29 9 30 31 104 45 56 54 164 161 39 136 129 114 110 109 225 224 215 214 220 238 259 315 260 265 144 141 250 261 267 272 268 262 281 287 296 288 269 256 264 254 258 266 274 301 205 302 199 185 195 179 193 178 192 204 295 289 175 171 166 147 163 172 94 197 207 96 97 92 102 72 64 85 78 71 105 14 5 8 24 46 43 53 41 37 19 38 61 95 100 191 203 206 189 66 173 188 168 167 182 190 187 70 79 91 98 84 83 69 75 73 68 67 82 63 44 47 52 198 153 160 149 157 132 131 116 134 208 16 25 22 103 33 42 58 51 48 40 20 18 133 35 93 101 77 86 76 80 209 138 126 115 13 26 107 108 4 127 34 17 316 55 50 57 62 317 49 59 27 3 12 36 32 21 11 10 : 1517.44
2 0 
1 7 77 98 243 173 49 123 156 159 96 107 92 73 12 44 102 91 28 309 208 8 314 222 17 137 53 128 277 180 52 24 254 202 214 138 212 311 181 280 287 236 146 29 63 40 72 69 204 295 168 87 47 103 239 55 79 144 265 231 215 54 36 108 46 217 211 256 286 35 110 182 259 109 255 56 218 213 270 281 234 20 80 18 133 275 187 141 140 274 312 172 60 249 131 135 260 129 88 157 95 85 170 250 266 229 224 313 269 152 301 161 139 158 145 154 93 67 221 258 164 291 89 308 223 278 76 142 198 37 299 248 220 227 11 38 186 21 162 276 230 219 61 166 262 244 307 58 183 90 302 196 177 23 42 191 197 315 2 317 114 279 97 252 134 68 9 130 31 285 175 4 111 116 78 70 74 127 48 25 71 206 297 310 207 306 303 237 298 241 65 235 119 155 117 15 5 57 34 149 290 272 292 13 163 240 242 178 124 106 121 148 238 253 179 26 6 3 261 82 41 45 165 233 151 39 160 100 86 216 112 122 176 153 174 293 257 169 195 188 316 245 273 294 209 318 288 264 284 194 104 150 118 305 304 226 271 126 193 192 99 185 75 267 189 19 132 199 171 247 225 232 81 147 184 201 167 83 50 263 143 14 113 228 30 205 203 282 16 296 115 84 62 64 27 101 251 300 43 33 10 246 120 51 210 59 32 94 66 268 200 289 22 136 283 190 105 125 : 5009.15
2 1 
1 20 153 10 89 255 60 85 177 250 291 69 112 26 64 70 140 122 267 152 194 67 301 312 316 217 17 54 180 186 205 245 195 95 90 279 167 174 175 303 261 289 126 212 109 306 142 6 25 262 290 235 117 243 156 48 313 282 280 275 228 65 50 202 118 307 110 157 28 143 299 24 211 124 115 137 29 33 216 75 107 114 47 206 231 111 108 286 27 5 155 264 13 71 188 87 193 258 224 223 244 273 30 119 144 151 204 96 305 272 73 98 101 61 57 314 256 287 35 116 257 259 170 300 203 179 302 178 221 237 18 138 36 77 165 62 31 293 297 271 128 213 190 103 311 247 158 274 270 146 88 150 240 63 106 308 296 260 185 210 208 249 246 102 94 52 182 51 219 285 292 252 92 37 4 200 149 209 197 281 159 53 169 173 86 105 131 78 268 176 66 181 198 162 166 83 145 315 266 154 163 161 133 148 134 79 160 125 295 277 276 192 234 248 226 147 201 49 283 45 3 241 8 84 100 254 15 23 215 191 196 309 251 218 72 123 184 40 130 43 12 19 199 265 32 132 113 68 317 22 225 76 242 39 139 269 55 14 127 38 58 135 220 294 16 104 168 318 236 93 164 172 230 121 141 11 278 310 304 97 74 227 207 284 81 56 46 2 44 136 253 263 214 91 183 187 129 120 34 42 21 59 9 80 99 41 7 232 238 171 233 298 229 239 288 189 222 82 : 5056.27
2 2 
1 18 236 250 132 36 42 204 244 268 258 39 242 231 159 63 223 239 309 265 210 34 136 181 279 290 53 267 155 85 169 24 214 66 274 299 203 94 35 221 230 31 40 301 48 67 315 150 286 119 235 68 62 46 297 25 121 131 271 254 175 264 105 104 43 272 256 114 158 96 21 311 278 226 232 146 192 284 293 227 20 128 61 178 206 88 277 298 249 275 195 260 179 294 99 201 259 52 70 81 285 163 224 197 234 137 162 253 84 77 145 23 123 317 93 117 26 29 75 14 78 240 49 318 97 225 89 22 116 189 4 161 147 9 165 107 80 58 44 51 102 205 287 193 302 10 7 90 174 3 122 153 255 17 12 8 238 314 168 310 191 74 156 282 281 124 28 86 72 41 113 91 82 95 261 212 211 154 209 160 112 288 98 64 103 157 305 308 213 57 106 76 176 92 56 11 69 291 263 5 190 101 257 167 185 144 184 47 220 215 111 280 109 300 292 71 27 59 138 307 251 188 199 45 115 79 172 100 252 194 186 164 129 306 207 208 134 55 266 166 83 87 200 269 170 6 233 108 135 316 126 202 38 120 180 73 313 65 276 218 217 228 245 149 229 270 216 151 241 237 110 13 182 222 246 283 130 262 152 295 304 125 219 243 303 37 142 312 33 2 148 50 32 187 296 198 196 173 127 247 171 16 54 15 140 60 183 143 139 248 118 133 273 289 177 30 141 19 : 5106.7
2 3 
1 41 55 31 28 203 232 114 261 257 110 314 253 204 199 93 206 87 119 211 219 223 254 243 68 288 209 136 173 26 7 208 269 166 153 146 117 16 265 272 298 279 143 216 263 177 162 113 240 231 138 188 174 142 111 266 259 249 50 10 34 129 84 77 97 247 218 187 67 101 72 4 73 30 65 301 252 260 234 251 227 302 285 303 175 287 85 105 121 25 22 75 180 159 23 128 71 70 44 99 92 78 32 135 315 282 222 230 133 124 202 89 63 66 198 98 100 194 190 40 132 42 156 123 94 184 273 246 139 235 109 178 225 130 256 161 33 9 53 183 316 191 182 179 289 270 275 158 170 271 57 13 112 8 47 172 245 290 299 297 244 236 151 56 207 58 45 181 226 86 64 186 305 295 88 281 171 309 95 197 274 167 262 118 115 160 12 29 107 144 229 221 248 62 14 213 217 46 103 169 51 48 54 96 69 317 185 149 127 19 6 5 2 11 21 3 17 27 36 49 24 150 122 318 280 277 284 224 286 39 37 18 212 283 267 294 300 304 141 120 154 137 91 90 83 79 102 43 255 215 116 214 242 310 165 20 233 308 205 193 176 38 125 241 313 220 239 108 157 250 81 292 195 296 61 76 312 311 306 201 196 74 104 15 152 189 80 35 164 210 168 192 148 291 258 268 228 264 237 200 145 59 307 276 238 278 60 82 106 52 155 147 163 293 131 140 126 134 : 3911.79
3 0 
1 82 46 158 47 43 145 42 165 67 75 9 176 41 11 55 6 7 104 119 28 35 14 277 232 80 136 106 27 115 130 70 44 239 108 73 195 138 234 88 139 33 62 241 267 269 312 298 141 61 71 68 188 84 94 134 221 120 266 57 26 135 116 121 175 148 91 260 285 278 276 300 182 78 283 243 281 23 202 186 122 225 258 149 109 154 209 229 255 256 251 205 210 113 208 196 220 219 107 8 31 185 192 284 297 150 235 315 53 69 24 294 207 290 128 203 77 163 174 245 305 112 156 180 317 272 314 280 64 126 223 181 310 238 200 270 168 183 102 16 39 48 167 13 50 25 92 86 15 162 206 295 313 307 81 160 34 261 250 244 259 99 265 273 228 100 215 204 89 316 54 157 254 146 29 275 309 177 161 190 97 253 318 247 262 79 311 236 291 264 133 249 178 179 153 76 117 217 45 248 166 303 114 282 90 60 58 214 191 140 49 63 164 143 171 287 144 159 304 289 87 227 127 111 151 83 288 274 12 240 137 257 193 252 21 18 56 302 198 152 4 37 131 95 306 301 212 213 10 246 199 292 194 271 237 299 93 5 66 30 218 184 169 201 129 233 38 32 211 22 308 65 52 222 224 155 59 101 98 189 124 279 286 125 96 132 110 187 197 74 72 105 2 3 51 170 173 20 19 172 103 123 142 85 36 226 296 293 147 231 216 268 263 242 230 118 17 40 : 5043.3
3 1 
1 157 187 91 89 230 228 250 137 3 191 209 53 197 136 211 152 237 266 222 200 208 55 246 168 181 86 96 260 29 30 52 292 298 315 232 4 210 71 79 47 50 155 156 22 283 166 276 274 318 25 112 97 173 167 95 54 84 202 275 44 64 19 8 104 80 182 262 312 284 131 186 27 217 190 179 272 113 194 159 253 277 268 220 42 34 178 172 224 123 140 65 154 119 169 56 204 214 51 291 142 205 281 301 263 243 57 203 238 257 122 17 235 162 225 20 300 201 192 229 85 100 87 117 130 150 215 265 106 13 247 221 227 295 305 193 303 77 240 304 81 146 233 98 76 45 63 163 138 41 7 147 134 116 264 256 286 177 143 35 23 66 288 311 124 196 244 58 216 231 127 62 144 308 5 254 287 49 18 259 99 72 67 93 88 164 24 74 317 109 73 82 12 10 306 75 296 176 43 70 207 102 6 267 120 111 299 114 11 297 139 278 83 107 189 248 171 226 170 133 108 219 234 293 289 160 158 239 198 174 40 110 118 255 48 101 270 21 184 249 125 188 103 251 271 282 161 32 39 199 59 15 2 261 252 279 258 165 105 90 92 60 61 183 290 128 153 285 307 309 302 126 129 212 121 180 16 36 135 37 294 236 241 313 31 316 148 151 273 280 206 185 14 149 132 213 269 218 28 68 46 115 33 175 38 9 223 195 94 26 69 242 141 78 145 314 310 245 : 5126.52
3 2 
1 23 307 153 113 281 62 26 191 134 101 97 77 17 66 34 312 272 44 229 306 82 29 83 247 27 19 102 135 295 313 5 162 12 171 175 318 243 308 214 236 65 304 182 195 38 218 9 283 198 287 200 224 156 78 199 302 209 104 14 145 242 246 73 70 72 36 3 216 160 211 112 120 169 279 238 47 105 288 220 262 271 257 268 170 133 237 130 35 86 88 49 50 92 179 219 291 21 149 127 202 24 187 309 316 252 188 225 310 261 42 274 251 280 168 115 154 230 122 163 51 2 152 164 79 256 190 32 226 217 201 206 33 208 278 53 277 167 273 258 215 137 128 61 244 213 250 286 140 234 8 48 10 64 178 155 293 119 146 81 254 290 71 85 95 276 253 240 91 180 255 233 174 84 67 173 106 222 114 126 7 103 89 296 177 289 232 147 139 210 303 194 63 69 165 265 284 185 275 301 161 311 22 30 269 184 13 41 28 15 20 80 11 231 193 157 45 58 31 52 98 59 125 54 40 212 90 183 315 110 108 264 131 116 57 39 18 96 37 55 6 109 317 76 121 260 99 148 259 297 189 227 204 270 142 192 263 245 16 143 144 158 151 285 249 117 205 282 267 221 111 172 166 150 75 239 136 197 68 60 93 314 203 100 124 181 46 129 123 141 235 241 228 118 298 248 186 266 176 138 74 25 107 159 196 300 294 207 94 132 292 305 299 43 87 223 56 4 : 5111.12
3 3 
1 7 10 107 218 215 270 147 157 44 21 162 297 180 283 260 99 203 213 108 129 216 86 95 66 102 178 49 42 104 82 72 79 210 22 151 266 3 38 76 97 80 73 183 190 314 313 254 58 174 201 144 303 169 152 241 98 46 68 96 85 90 64 187 292 282 280 302 273 268 120 39 61 184 88 293 94 54 253 294 154 208 117 28 51 77 75 159 53 56 8 135 137 238 233 119 247 305 277 308 167 227 284 287 232 228 224 300 248 222 223 219 212 242 252 240 113 5 221 243 173 67 197 316 17 186 264 103 31 50 136 43 92 91 81 59 194 165 205 131 25 11 206 101 142 251 258 278 55 32 48 279 275 269 114 2 60 261 181 220 110 105 47 161 237 274 310 57 126 301 193 255 23 115 12 153 6 130 141 166 263 125 132 13 106 18 16 109 133 36 122 118 140 123 19 164 189 170 259 244 196 145 317 146 158 138 9 176 198 211 239 256 229 214 230 35 83 87 100 199 272 271 236 30 134 29 15 40 26 20 52 71 63 191 207 168 309 149 171 124 249 276 306 299 304 281 296 245 318 315 298 139 217 234 235 231 116 143 246 267 225 195 295 200 311 202 312 192 262 257 112 84 41 70 128 14 4 285 290 226 33 150 177 204 288 209 78 307 93 172 179 286 289 265 291 156 127 34 24 27 74 89 185 45 62 121 163 111 148 69 188 155 160 65 182 175 250 37 : 3846.19
4 0 
1 2 6 10 16 13 126 134 111 115 136 5 113 124 129 148 146 142 123 121 118 119 110 220 221 230 240 140 139 241 229 250 255 165 167 60 61 94 201 206 89 90 69 44 50 45 48 40 316 105 47 51 43 53 54 58 57 41 42 104 33 17 15 28 29 11 12 22 21 32 103 30 31 35 128 116 106 112 208 120 125 135 127 114 239 265 266 261 254 264 251 228 235 237 225 313 109 216 232 211 212 217 213 233 122 130 132 108 37 39 209 150 154 164 156 158 210 162 159 161 155 147 151 153 160 87 88 176 65 66 188 179 169 38 145 117 138 152 157 163 166 205 282 277 171 283 280 286 284 271 247 244 245 214 215 223 224 236 226 246 252 268 315 267 256 262 219 222 248 227 218 231 242 243 234 238 143 314 249 318 291 274 285 272 273 294 278 292 203 181 173 191 194 195 204 192 299 287 295 193 186 175 174 180 182 260 144 259 263 253 257 258 141 133 137 34 131 149 168 269 170 288 289 281 290 296 297 304 309 300 308 303 302 307 301 200 312 311 298 310 305 276 275 270 279 293 306 199 185 178 190 184 177 183 172 197 196 99 98 207 100 202 189 187 198 95 70 86 80 81 74 73 71 64 49 55 317 56 59 63 75 85 84 93 67 83 78 76 79 77 91 96 97 101 102 92 82 72 62 68 46 52 36 24 27 3 23 7 26 25 18 19 20 8 14 4 107 9 : 1183.38
4 1 
1 6 7 21 316 40 45 48 105 63 81 74 70 90 95 99 93 83 73 76 79 62 59 55 44 56 57 58 53 61 51 85 86 64 68 80 47 104 41 42 43 129 133 130 141 128 124 5 107 114 132 153 209 151 163 159 161 25 2 31 36 33 19 18 317 50 54 49 84 69 77 89 145 158 148 131 120 127 34 137 135 156 157 150 155 164 149 184 92 91 96 101 102 94 100 207 202 176 60 37 134 122 239 247 235 226 254 315 298 304 305 310 276 275 271 318 248 245 236 252 251 267 253 249 244 223 224 227 222 232 241 118 109 146 147 121 212 211 217 140 139 250 265 255 228 246 234 216 313 221 220 230 225 242 175 179 188 182 183 169 301 293 283 286 296 290 279 300 299 291 171 278 277 294 192 274 272 280 303 295 170 281 289 288 193 205 204 195 165 152 138 142 261 229 240 243 314 144 143 260 258 259 219 214 215 213 233 238 231 119 263 237 218 110 123 113 112 115 111 14 23 29 20 15 30 9 117 116 208 13 4 125 136 39 154 167 187 181 180 292 282 256 273 269 262 266 166 284 285 287 308 309 297 270 268 264 257 168 173 178 174 191 196 206 198 186 66 201 88 190 87 65 26 17 8 106 108 126 12 24 103 22 32 72 78 71 67 75 82 97 98 197 185 189 162 210 160 172 177 307 302 306 311 312 200 199 203 194 46 52 38 35 16 11 10 3 28 27 : 1404.05
4 2 
1 7 6 37 74 64 53 50 58 42 54 47 48 77 80 78 82 85 91 102 96 92 97 101 98 60 179 312 311 200 306 170 298 285 291 309 305 310 304 276 272 266 284 256 252 247 180 281 273 295 174 175 194 181 169 156 151 164 35 39 153 123 124 129 131 142 127 13 132 134 25 18 20 19 17 23 28 24 15 11 12 3 107 120 137 136 135 138 133 125 113 117 112 4 5 111 14 116 108 114 121 130 147 144 143 139 109 211 141 157 168 155 160 210 172 183 176 184 191 198 204 196 197 88 95 72 73 69 89 70 81 90 202 182 190 188 99 75 93 87 189 201 203 100 207 206 94 192 303 199 307 205 308 302 296 299 279 280 297 275 271 245 254 269 193 293 277 274 287 283 278 265 268 263 270 248 249 318 290 288 292 294 282 289 300 301 286 171 158 140 250 260 261 262 224 240 242 241 118 232 225 238 233 231 217 216 119 220 221 212 110 213 223 214 215 219 236 226 234 239 313 235 246 314 228 230 237 229 243 222 218 227 244 253 251 315 264 258 255 267 257 259 166 165 146 148 152 159 163 167 195 186 177 185 178 66 76 84 62 59 41 51 43 316 317 71 86 79 83 63 49 44 45 21 29 31 32 52 68 67 55 57 105 56 40 36 27 26 8 16 33 9 10 22 103 30 104 46 65 173 61 150 209 122 145 187 162 149 161 154 38 128 208 126 34 115 106 2 : 1286.26
4 3 
1 2 10 7 11 31 22 103 14 35 137 126 115 13 116 107 111 125 37 39 150 141 113 108 5 6 15 28 29 18 45 40 30 32 20 27 26 25 145 155 164 161 146 160 255 259 282 289 291 286 281 274 285 315 139 140 119 239 122 130 131 129 38 66 90 98 206 207 198 179 177 175 187 202 100 91 77 83 92 71 72 80 70 74 79 86 67 69 94 197 184 167 65 154 159 163 157 188 189 174 292 296 143 237 241 314 267 268 264 148 151 149 158 156 152 162 183 173 182 210 147 144 250 258 254 260 265 244 245 318 290 118 234 243 242 229 228 227 224 230 246 247 262 273 280 300 305 298 297 279 284 192 294 278 277 295 287 283 293 288 170 171 180 193 303 301 312 308 310 309 304 299 205 203 196 191 190 99 81 46 58 128 60 181 185 186 178 302 199 257 272 270 271 249 248 253 256 263 276 275 166 142 121 124 132 133 123 4 112 106 120 36 24 17 16 33 54 48 42 53 204 195 311 307 306 200 194 201 95 93 89 68 84 75 85 102 101 97 96 316 59 49 317 105 56 51 47 78 82 73 76 63 64 55 62 44 43 136 134 34 135 153 168 165 266 261 236 235 233 223 214 215 219 222 313 226 218 238 252 251 269 240 225 231 109 232 211 213 216 220 217 221 110 212 114 117 208 127 138 169 176 87 88 172 61 209 52 50 57 41 104 23 19 12 8 9 21 3 : 1371.05
5 0 
1 24 226 11 252 130 45 39 17 86 171 31 79 148 213 55 7 262 167 296 170 3 300 286 180 234 214 9 28 23 65 36 145 200 304 293 289 57 285 144 249 204 178 35 12 238 109 131 177 164 14 119 211 108 299 118 274 254 225 314 263 306 307 87 201 47 41 216 302 85 126 89 183 61 297 303 107 305 222 239 139 166 186 187 16 18 134 135 133 231 313 19 34 70 182 190 185 42 237 121 141 162 103 221 195 132 46 29 96 102 236 291 10 233 245 215 220 105 48 54 138 230 281 68 174 192 50 279 316 276 259 309 272 159 95 49 99 116 13 261 193 52 124 206 129 181 64 20 240 110 32 91 282 44 172 115 284 198 253 137 219 257 83 104 88 97 72 75 106 136 117 153 26 82 149 158 8 2 21 56 51 173 25 77 150 168 101 92 208 242 298 265 260 67 244 100 229 294 268 191 78 112 154 317 184 210 310 143 122 258 120 114 228 290 227 209 5 270 90 202 207 161 278 84 203 81 269 27 147 71 73 93 176 250 60 74 169 69 197 194 283 266 199 128 241 152 295 125 273 76 223 146 248 271 98 142 189 188 43 80 280 275 59 6 218 37 179 267 235 243 111 160 113 4 53 196 163 212 247 40 175 140 22 127 264 255 311 312 287 292 217 232 155 301 246 288 62 30 58 308 224 156 151 66 123 318 38 205 165 277 251 315 15 94 256 157 63 33 : 5062.24
5 1 
1 304 116 156 136 8 172 78 35 177 286 250 228 226 238 236 173 258 150 46 45 125 100 189 274 122 168 275 108 112 282 4 163 27 131 21 17 196 315 49 137 18 118 314 134 38 247 287 262 256 253 113 305 26 105 97 316 180 298 241 273 95 59 221 244 124 51 302 33 135 70 133 231 223 288 24 73 243 300 181 48 67 183 61 272 5 313 215 202 203 62 71 252 216 139 74 153 295 126 76 54 220 200 2 32 130 232 197 210 317 155 254 149 185 249 167 279 184 191 60 79 80 186 194 154 109 268 64 102 7 52 152 296 175 164 187 245 107 47 190 140 195 285 294 170 179 311 146 3 206 14 119 77 43 117 114 239 151 174 30 257 227 201 94 280 161 217 128 145 50 199 233 230 81 306 211 20 101 11 13 92 120 93 148 251 277 213 225 266 182 169 28 29 127 103 75 142 157 242 15 23 37 85 111 214 178 259 147 143 171 63 66 6 207 89 129 69 265 297 276 198 307 40 209 264 88 34 36 12 160 267 260 218 212 270 234 310 312 204 281 141 165 83 106 278 31 41 68 22 82 318 289 299 192 303 291 53 293 16 208 9 39 42 246 290 224 237 176 132 72 99 96 138 159 222 261 188 248 308 229 158 193 269 219 115 56 98 205 292 255 144 301 309 263 271 235 58 121 283 87 84 90 86 57 91 162 110 240 55 10 44 19 123 104 25 284 166 65 : 5031.59
5 2 
1 88 7 214 90 100 266 63 204 165 144 171 258 209 290 77 123 257 308 196 87 177 132 226 313 122 139 93 56 142 68 64 247 125 39 255 242 137 199 131 33 252 297 271 180 8 146 295 62 316 156 104 86 12 31 150 47 231 83 153 106 220 305 164 55 51 19 232 155 148 181 215 225 54 278 293 149 113 234 228 238 205 311 216 66 99 42 91 312 310 261 221 44 301 303 304 241 25 284 289 40 117 262 13 57 163 67 166 111 195 296 315 135 134 233 110 45 53 76 178 286 256 251 275 102 49 120 222 299 170 107 41 198 189 94 179 265 70 167 272 283 21 30 29 282 245 224 162 129 50 182 223 140 17 18 58 259 212 218 243 160 81 98 184 152 48 277 287 112 136 239 32 240 307 161 121 14 114 124 27 96 101 36 75 318 6 249 108 254 175 306 298 130 176 229 294 169 89 84 59 151 78 85 10 11 141 43 116 157 300 274 244 172 143 237 138 133 190 187 20 158 288 280 61 80 281 201 203 34 3 37 217 279 174 208 26 263 15 309 206 173 250 193 267 105 317 119 273 168 236 74 154 79 60 186 202 268 200 16 210 71 207 52 97 65 246 235 230 194 270 92 115 118 23 260 192 285 127 211 264 109 292 185 219 269 276 291 253 35 126 24 227 128 28 72 302 197 82 9 4 22 159 314 188 183 191 248 95 46 5 2 213 147 38 103 69 145 73 : 5054.21
5 3 
1 22 106 130 153 172 187 9 20 36 103 2 150 287 158 281 234 144 295 67 208 40 37 13 33 15 104 105 46 18 32 86 58 45 132 212 221 224 216 117 75 83 54 29 301 291 244 310 302 282 269 26 27 138 162 241 110 246 299 253 260 275 184 98 80 167 303 294 318 271 237 248 293 121 10 134 24 12 52 222 243 304 277 261 147 314 230 140 226 267 96 102 56 283 249 193 296 276 191 312 85 186 204 235 169 292 181 41 84 201 286 143 11 112 115 17 225 175 25 127 4 141 148 159 228 219 125 129 264 315 300 165 217 316 164 156 195 119 223 238 259 171 297 305 177 274 252 87 82 42 62 70 79 69 136 63 194 176 262 231 151 48 97 196 205 157 185 60 123 108 16 133 88 265 109 215 142 145 197 210 207 202 47 31 209 255 227 14 23 8 39 126 124 308 166 122 242 268 192 92 317 49 203 113 111 116 43 90 101 311 284 288 245 229 107 240 120 154 131 163 178 182 19 7 89 99 290 247 270 250 200 74 57 266 257 272 180 118 239 307 278 214 114 152 100 72 68 198 206 309 199 289 306 298 173 51 59 44 55 64 190 93 161 183 35 313 254 263 232 256 285 279 160 34 155 30 66 76 258 71 53 3 6 149 73 77 168 170 236 211 146 95 251 213 218 139 135 21 174 91 78 81 188 189 38 61 50 28 5 128 233 273 65 137 220 280 179 94 : 3866.61
