0 0 
1 2 6 7 10 11 15 21 22 29 30 31 32 33 104 40 316 317 49 45 48 50 55 56 59 105 57 54 51 47 44 41 42 43 46 52 53 58 63 62 64 67 68 71 78 82 83 85 84 79 77 72 80 76 73 69 70 74 75 81 90 89 86 93 91 92 96 97 101 102 98 99 95 94 196 197 201 202 100 207 206 198 203 204 195 194 191 184 182 177 189 190 88 87 188 187 183 176 173 172 65 66 61 60 164 210 169 178 181 185 186 180 179 174 175 193 192 199 200 205 312 311 307 306 302 301 303 308 309 310 305 304 298 297 276 275 271 270 318 249 248 245 244 224 223 214 215 219 218 213 222 230 233 238 241 242 139 240 231 313 232 239 225 118 221 220 217 216 212 109 110 141 123 121 122 142 140 243 314 266 265 260 258 259 143 144 255 251 246 247 236 235 227 228 226 237 234 229 315 166 165 264 256 262 263 272 261 269 268 254 253 250 257 252 267 284 283 279 280 291 282 287 289 296 295 293 292 288 294 290 286 285 300 299 273 277 278 281 170 171 274 168 167 163 158 157 151 148 147 146 149 152 156 159 162 130 131 132 129 124 117 133 128 125 135 209 138 119 114 113 211 108 111 112 107 106 4 5 208 120 116 115 13 14 127 126 134 136 39 38 145 154 161 160 155 153 150 137 34 35 37 36 9 8 3 12 26 25 18 17 16 27 24 19 28 23 20 103 : 593.499
0 1 
1 3 8 9 5 4 112 111 107 106 108 113 114 122 121 123 130 131 132 129 124 117 120 116 115 13 14 134 127 126 208 125 128 133 135 136 137 138 141 142 140 139 242 241 240 239 232 231 313 225 221 220 118 119 110 109 217 216 212 211 213 218 219 215 214 223 224 227 226 228 235 236 237 234 229 222 230 233 238 243 246 247 245 244 248 249 318 270 271 275 276 297 298 304 305 310 309 308 300 299 303 306 307 311 312 205 200 199 302 301 193 192 295 293 292 288 281 278 277 170 171 166 165 269 315 274 282 287 289 294 296 290 286 283 291 285 284 279 280 273 272 268 263 262 256 253 252 251 254 257 261 264 267 266 265 260 258 259 255 314 250 143 144 147 146 148 151 157 158 163 162 159 156 152 149 209 145 34 35 39 38 154 150 153 155 160 161 210 167 168 175 174 179 180 186 185 181 178 184 182 177 176 173 172 169 164 60 61 66 65 183 187 188 189 191 194 195 204 203 198 190 87 88 197 196 201 202 206 207 100 95 94 99 98 90 89 86 93 102 101 97 96 92 91 85 83 82 84 78 71 68 67 64 72 77 79 73 76 80 81 75 74 69 70 63 62 53 58 52 32 31 33 36 37 104 44 47 51 54 57 40 49 45 48 50 55 46 43 42 41 105 59 317 316 56 30 12 103 16 19 27 24 23 28 18 25 26 17 29 6 7 10 11 15 21 22 20 2 : 492.078
0 2 
1 2 6 7 10 11 15 21 22 29 103 20 23 28 30 31 32 33 104 40 316 317 49 45 48 50 55 56 59 105 57 54 51 47 44 41 42 43 46 52 53 58 63 62 64 72 77 79 67 68 71 78 82 83 85 84 86 80 76 73 69 70 74 75 81 90 89 93 91 92 96 97 101 102 98 99 95 100 207 206 202 201 197 196 94 88 87 190 188 187 183 176 173 172 65 66 61 60 164 161 160 155 153 150 154 145 209 149 152 156 159 162 210 169 177 182 184 189 191 198 203 204 195 194 185 181 178 186 180 179 174 175 167 168 166 165 170 171 192 193 199 200 205 312 311 307 306 302 301 303 308 309 310 305 304 298 297 275 276 280 284 285 291 300 299 296 294 295 293 292 288 281 278 277 274 282 287 289 290 286 283 279 273 272 315 269 266 265 260 261 264 267 268 263 262 257 254 256 253 251 252 271 270 318 248 249 246 243 139 140 242 240 221 220 217 222 229 239 232 119 110 212 211 114 109 118 238 313 234 226 228 236 231 233 230 218 219 224 223 244 245 225 237 235 247 215 213 227 216 214 241 259 258 255 250 314 143 144 163 158 157 151 148 146 147 142 141 116 112 115 120 125 117 108 113 208 126 127 134 138 132 129 131 130 123 122 121 124 128 133 135 136 137 34 35 39 38 18 17 9 5 4 106 107 111 14 13 36 12 19 16 27 24 25 26 37 8 3 : 597.158
0 3 
1 2 6 7 10 11 15 21 22 29 30 31 32 40 45 48 50 55 56 49 316 317 59 64 73 76 80 86 79 77 72 67 68 71 78 82 83 84 85 91 92 96 97 101 102 93 98 99 90 89 81 75 74 69 70 63 62 105 57 54 51 47 44 104 36 37 41 43 46 52 53 58 42 39 38 35 34 137 136 135 134 127 126 208 125 128 133 138 132 129 124 131 130 123 121 122 218 227 237 222 233 313 314 250 259 255 258 260 265 266 269 165 166 170 171 168 167 210 169 172 173 176 189 177 182 184 191 185 181 178 174 175 179 180 186 194 195 204 203 198 196 197 201 202 206 207 100 95 94 88 87 190 188 187 183 65 66 61 60 164 161 160 155 153 150 154 145 209 141 142 146 148 149 152 156 159 162 163 158 157 151 147 144 143 140 139 242 234 236 247 251 256 262 263 275 249 270 280 284 279 283 276 282 287 278 281 289 277 288 292 293 294 286 285 273 296 301 302 199 274 290 297 310 298 299 300 308 305 318 268 267 315 272 291 200 205 312 311 307 306 303 295 192 193 309 304 248 245 244 246 252 253 254 257 261 264 271 224 229 235 226 225 239 241 240 238 230 228 232 231 243 219 215 214 223 213 217 212 216 220 221 118 119 211 109 110 114 113 112 107 117 108 115 116 120 111 13 14 17 26 25 18 16 19 24 27 33 28 23 20 103 12 5 4 106 9 8 3 : 680.748
1 0 
1 2 6 7 10 11 15 21 22 29 103 12 19 24 27 20 23 28 30 31 32 33 104 40 316 317 49 45 48 50 55 56 59 105 57 54 51 47 44 41 42 43 46 52 53 58 62 63 70 69 74 75 81 80 76 73 64 67 68 71 78 82 72 77 79 84 83 85 91 92 96 97 101 102 93 86 89 90 98 99 95 100 207 206 202 201 94 197 196 198 203 204 195 194 191 185 181 178 186 180 179 174 175 168 167 169 172 173 177 182 184 189 188 190 87 88 187 183 176 65 66 61 60 164 210 162 159 156 152 149 146 147 148 151 157 158 163 166 165 170 171 192 193 199 200 205 312 311 307 306 302 301 303 308 309 310 305 304 297 298 300 299 296 295 293 292 288 294 289 287 282 281 278 277 274 283 286 290 291 285 284 279 280 276 275 318 270 271 273 272 315 269 266 265 260 258 254 257 261 264 267 268 263 262 253 251 236 215 229 234 246 243 238 228 227 237 220 212 214 219 242 232 233 230 231 313 217 240 241 239 225 109 216 213 211 222 118 119 139 255 259 250 314 144 143 247 252 256 244 245 248 249 224 223 226 221 235 110 114 117 128 137 136 135 125 133 140 121 123 131 130 129 142 138 132 208 134 120 5 116 112 111 4 107 115 13 14 35 37 39 38 34 126 127 108 113 124 122 218 141 209 150 153 155 160 161 145 154 36 26 25 18 17 16 106 9 8 3 : 653.227
1 1 
1 2 6 7 10 11 15 21 22 29 32 31 30 103 20 23 28 27 24 19 16 17 18 25 26 37 36 33 104 44 47 51 54 57 55 50 48 45 40 49 316 317 59 56 105 64 73 76 80 69 70 74 75 81 90 89 86 84 79 77 72 67 68 71 78 82 83 85 91 92 96 97 101 102 93 98 99 88 87 190 188 187 183 189 184 182 177 172 173 176 65 66 63 62 58 53 52 46 43 41 42 60 61 164 155 153 150 154 160 161 210 158 147 146 148 151 156 152 149 132 129 121 141 138 135 133 208 127 134 136 128 125 117 108 142 120 126 209 145 38 39 113 114 110 109 217 212 216 219 223 235 313 229 228 213 252 267 254 244 215 214 245 253 262 261 255 251 257 258 260 265 315 283 286 290 170 295 289 277 281 274 165 171 168 195 178 169 122 123 130 140 139 242 238 231 237 232 241 248 318 270 249 236 224 246 259 250 143 144 256 220 211 222 230 218 225 119 221 118 247 297 272 275 284 278 293 292 288 282 287 296 306 307 311 312 205 204 203 201 202 206 207 100 95 94 197 196 198 200 199 301 302 303 300 309 308 299 279 291 285 271 273 263 266 294 280 305 304 310 298 276 268 314 227 233 239 264 269 192 193 181 185 186 174 194 191 180 179 175 166 167 163 157 159 162 234 240 226 243 131 124 35 34 137 14 13 115 116 112 111 107 106 4 5 9 8 3 12 : 869.49
1 2 
1 2 6 7 10 11 15 103 21 22 29 30 31 32 33 36 104 40 316 317 49 45 48 50 55 56 59 105 57 54 51 47 44 41 42 43 46 52 53 58 63 62 64 67 68 71 78 82 83 84 72 77 79 86 85 91 92 96 97 101 102 93 98 99 89 80 76 73 69 70 74 75 81 90 88 87 94 95 100 207 206 202 201 197 196 198 203 204 195 194 186 180 179 175 174 178 181 185 191 184 182 177 189 190 188 187 183 176 173 172 65 66 61 60 164 161 160 155 153 150 154 145 209 149 152 156 159 162 210 169 167 168 163 158 157 151 148 146 147 142 141 131 130 123 121 122 119 118 220 221 225 258 260 267 256 254 264 166 277 278 287 286 290 310 297 309 306 307 311 312 205 200 302 301 295 294 293 281 170 171 165 199 193 192 292 288 282 289 298 291 296 305 304 303 299 272 274 249 263 265 257 271 224 215 214 227 234 243 266 261 252 218 226 229 230 233 228 247 238 237 235 314 245 269 253 273 270 283 285 300 308 275 276 280 279 284 262 255 143 144 315 318 268 259 250 246 240 241 239 242 236 313 232 231 139 140 251 248 244 219 223 213 222 217 212 211 216 109 110 113 108 114 117 120 13 14 34 35 116 37 39 38 126 127 134 135 136 137 133 129 124 132 125 128 208 138 112 111 106 107 4 5 115 17 26 25 18 16 19 24 27 20 23 28 3 8 9 12 : 775.78
1 3 
1 2 6 7 10 11 15 21 22 29 103 20 23 28 30 31 32 104 40 316 317 49 45 48 50 55 56 59 105 57 54 51 47 44 41 42 43 46 52 53 58 63 62 64 67 68 71 78 82 83 85 84 72 77 79 86 80 76 73 69 70 74 75 81 90 89 93 91 92 96 97 101 102 98 99 100 207 206 202 201 197 196 198 203 204 195 194 191 185 181 178 186 180 179 174 175 193 192 199 200 205 312 311 307 306 302 301 303 308 309 310 305 304 298 297 276 275 271 270 318 249 248 245 244 224 223 214 215 219 218 213 222 230 233 238 313 231 171 277 170 290 274 272 279 284 285 291 294 293 281 278 282 286 283 289 287 295 292 288 296 299 300 280 273 315 266 269 165 166 265 264 268 263 267 261 257 262 147 146 151 157 158 163 168 167 210 162 148 159 156 152 149 209 145 142 141 138 137 136 135 134 127 126 14 13 5 4 106 107 111 112 115 116 120 208 133 128 125 117 108 113 114 121 124 129 132 131 130 123 122 110 109 211 212 216 217 220 221 225 119 118 139 140 232 241 242 239 240 250 258 259 255 260 243 246 254 143 144 252 256 253 251 247 236 227 226 228 235 229 234 237 314 169 172 173 176 183 187 182 177 184 189 188 190 87 94 95 88 66 65 60 61 164 161 160 155 153 150 154 38 39 34 35 37 36 33 27 26 25 18 17 16 24 19 12 9 8 3 : 554.502
2 0 
1 2 6 7 10 11 15 103 21 22 29 30 106 112 5 218 289 142 271 178 309 57 99 197 261 252 37 130 181 70 77 55 79 101 74 191 201 182 274 49 82 194 202 140 272 128 138 266 226 139 258 312 172 173 193 269 165 144 152 158 155 250 268 248 34 209 13 120 241 177 294 311 239 4 229 211 126 146 196 210 190 81 65 46 41 44 47 98 154 145 296 199 318 149 237 133 123 231 117 116 16 25 26 27 52 75 86 97 187 162 263 286 124 220 17 213 232 143 192 249 299 175 88 60 206 297 314 129 222 212 153 64 264 277 102 56 104 48 58 147 14 189 215 303 254 243 87 38 292 78 89 59 62 317 32 31 51 185 195 188 63 207 69 61 161 257 244 295 262 214 148 280 270 273 141 159 151 132 125 9 307 20 23 28 36 54 40 85 73 80 91 304 282 276 256 223 235 170 136 127 302 234 308 260 283 225 285 93 279 114 121 83 33 45 76 68 100 306 176 134 150 238 290 180 184 204 284 259 224 35 168 118 122 253 72 84 198 315 240 288 43 291 163 300 113 109 216 305 251 245 169 42 71 50 313 186 110 131 108 230 135 200 293 275 281 310 90 267 179 265 18 8 107 205 96 94 166 66 160 119 217 228 183 157 298 137 233 227 164 278 53 203 95 156 316 242 219 111 3 24 208 19 171 92 236 246 105 247 287 167 221 301 255 115 67 39 174 12 : 4082.25
2 1 
1 2 6 193 259 215 261 278 31 302 277 198 303 56 18 15 231 96 178 203 213 34 91 8 108 100 95 177 196 150 51 201 85 68 14 194 313 217 44 204 22 122 72 272 262 111 171 179 173 243 308 282 170 237 145 65 181 175 208 116 268 251 28 227 121 155 131 239 176 292 290 288 289 38 69 57 37 33 148 114 62 118 212 267 49 16 245 29 180 192 149 168 120 55 207 107 312 3 274 58 275 45 40 167 41 306 283 315 154 104 59 71 99 159 152 153 248 300 222 112 115 244 266 146 157 257 256 88 87 63 52 39 214 26 32 189 78 137 76 123 66 12 125 147 294 164 98 158 83 113 169 307 218 161 119 233 135 273 144 165 230 143 220 186 9 141 184 94 53 285 102 92 293 156 286 225 224 287 5 4 183 296 297 36 136 50 187 64 82 166 291 134 219 216 105 128 163 43 263 238 47 270 252 318 75 265 299 101 23 254 298 42 89 295 130 13 310 202 79 316 188 10 7 103 20 132 223 195 84 229 109 19 197 48 74 93 172 129 232 264 140 126 61 255 242 24 67 46 260 240 60 206 54 21 160 139 281 276 271 190 317 110 205 200 280 182 199 30 211 249 226 269 138 304 311 77 97 309 185 162 86 253 246 236 235 284 247 234 174 27 35 133 209 191 279 142 210 151 314 11 221 127 80 90 305 124 73 106 81 70 301 258 228 250 241 117 17 25 : 5016.99
2 2 
1 2 6 7 10 11 15 87 222 303 288 132 115 137 240 250 147 226 107 314 189 312 99 280 306 98 175 218 221 134 185 142 257 65 286 290 285 219 238 247 136 5 216 141 145 55 92 101 47 45 43 86 159 233 272 284 311 223 128 9 14 263 252 283 295 269 146 254 309 81 69 83 188 202 180 243 251 315 171 249 274 225 119 104 52 77 54 317 33 318 301 116 125 140 313 164 271 71 67 82 205 63 46 42 84 228 158 130 156 37 17 16 25 26 176 178 215 192 266 265 212 209 199 155 229 49 76 172 207 264 260 8 120 138 208 112 307 41 169 255 281 277 204 297 235 40 181 256 135 308 24 106 300 276 90 143 122 316 85 60 239 113 299 94 68 36 127 126 270 310 291 282 186 174 149 88 182 95 75 244 108 305 167 168 148 237 213 246 133 248 224 275 110 111 4 258 293 197 232 157 38 114 151 234 241 187 267 93 89 97 105 48 57 44 56 74 210 242 292 217 123 206 289 72 50 78 198 96 80 66 166 268 193 273 230 150 161 102 190 173 79 62 163 278 200 191 294 262 287 298 131 129 211 109 227 259 153 183 195 179 139 117 20 23 28 30 29 22 21 103 31 32 144 184 18 154 13 160 35 220 121 203 152 261 201 194 170 296 118 12 19 27 58 165 61 64 214 124 59 177 91 196 70 162 231 304 253 39 34 73 51 100 53 279 245 302 236 3 : 4075.51
2 3 
1 2 6 7 10 11 15 21 22 29 103 20 23 28 30 31 32 33 27 24 19 26 25 18 39 145 184 255 244 302 173 207 191 197 299 318 261 256 139 263 279 212 314 307 239 231 219 285 137 282 138 124 232 230 235 215 141 272 179 201 294 267 193 245 132 117 109 121 113 211 250 246 268 171 149 147 281 262 222 308 196 93 75 206 303 144 247 274 200 150 38 290 276 100 168 278 153 154 35 17 16 271 242 125 208 237 181 205 265 252 300 214 223 224 221 229 240 225 217 129 134 127 13 14 133 110 298 161 58 53 52 46 43 41 42 183 176 305 142 248 158 156 63 306 312 157 226 155 188 172 66 65 309 292 251 297 304 203 87 204 198 295 189 175 185 186 301 270 195 311 199 275 210 164 178 187 180 194 94 190 81 69 89 99 85 78 83 101 86 90 98 91 80 76 73 82 84 97 72 77 79 102 96 92 71 68 67 64 62 70 105 59 317 316 49 40 45 48 50 55 56 54 51 47 44 104 36 37 57 126 192 289 182 315 143 167 249 286 227 313 241 243 162 174 283 257 34 95 74 202 296 287 284 166 169 88 177 269 163 277 253 280 151 209 146 128 119 160 61 60 310 288 273 159 152 258 266 293 148 170 259 260 140 118 165 254 220 216 218 122 120 116 115 123 130 233 238 131 135 136 234 291 236 264 228 114 213 108 111 112 107 4 5 106 3 8 9 12 : 2549.52
3 0 
1 2 6 7 10 11 15 21 22 29 103 20 23 28 37 157 217 210 187 59 172 160 290 117 115 111 134 84 82 301 230 109 260 148 291 149 288 242 121 215 254 231 307 199 14 311 168 313 5 112 213 13 219 152 261 18 133 4 192 61 273 175 137 259 113 139 280 158 176 76 185 188 173 265 275 229 208 130 38 64 92 304 296 42 63 85 294 189 68 96 58 317 316 104 126 274 250 263 312 98 55 47 46 83 53 99 32 31 30 198 287 305 129 289 292 155 56 95 193 170 143 34 35 36 49 284 97 220 17 27 138 94 87 279 182 156 207 179 91 194 235 67 169 191 228 146 48 306 166 40 101 128 105 293 244 318 203 44 154 77 50 57 88 201 171 298 218 140 211 114 248 66 145 147 271 222 102 241 178 234 300 122 238 141 233 26 200 79 110 276 151 25 24 19 106 116 164 150 131 267 297 142 245 247 65 119 314 184 310 262 258 299 180 295 206 86 167 177 282 90 308 100 246 303 269 124 73 74 69 196 89 153 125 33 181 43 159 16 252 45 54 78 72 174 202 186 315 249 227 226 237 253 281 277 266 223 224 123 216 236 264 165 39 70 93 190 163 183 268 240 144 132 107 108 243 251 81 62 41 75 197 52 80 71 309 239 118 255 232 256 285 286 161 135 270 302 195 162 205 212 209 221 225 257 127 120 272 60 51 278 214 204 283 136 9 8 3 12 : 4198.11
3 1 
1 2 36 216 121 261 273 9 12 27 266 245 226 275 99 199 164 76 57 317 181 302 237 166 249 312 64 40 43 96 86 68 274 277 251 223 130 129 227 289 256 150 72 313 13 318 271 117 209 246 290 168 259 30 49 89 98 97 202 50 137 161 291 255 157 14 48 190 103 230 145 33 254 304 18 29 109 295 74 183 184 198 280 233 213 253 267 116 4 197 3 60 81 20 101 46 32 95 235 236 131 102 307 169 258 142 206 83 34 51 214 200 155 15 170 292 126 158 45 11 185 24 63 303 58 41 138 191 269 242 252 152 193 84 73 111 70 82 113 128 315 177 100 104 221 265 172 90 244 146 232 286 173 203 282 5 124 192 143 285 284 17 91 37 229 162 316 310 212 196 263 110 243 308 305 247 234 239 279 264 309 189 135 300 125 88 238 218 167 178 92 52 80 62 301 211 224 149 160 151 174 287 136 188 297 67 278 61 293 66 171 94 56 28 220 228 225 288 39 294 180 276 281 140 112 69 153 215 144 314 165 299 47 71 204 268 260 147 19 26 306 248 311 176 54 175 296 159 156 79 78 10 114 75 179 22 25 133 141 122 298 53 127 38 85 139 77 272 118 59 35 105 186 107 241 55 187 262 8 106 6 44 108 182 205 270 115 23 21 87 123 208 93 210 231 119 134 217 7 132 163 148 283 219 154 207 222 65 201 195 120 42 31 257 194 16 250 240 : 5072.22
3 2 
1 2 19 23 231 165 187 200 190 318 218 119 263 105 45 33 158 167 281 92 21 41 97 160 135 196 100 44 16 246 76 219 273 169 239 108 128 96 256 314 141 203 274 185 304 189 94 67 120 85 81 296 136 283 59 50 150 252 280 226 205 32 39 5 129 60 91 82 126 147 78 260 284 183 244 198 13 63 168 230 255 18 279 225 134 173 152 192 211 139 140 214 70 292 149 40 38 238 235 123 99 4 186 163 55 66 277 307 157 61 30 115 143 118 212 213 87 234 224 75 301 184 194 28 10 102 191 275 236 222 302 131 98 250 110 42 24 112 261 36 151 153 53 176 106 104 311 132 177 179 46 272 294 299 240 51 293 269 79 206 145 251 223 308 259 241 287 3 14 228 15 65 116 209 315 48 297 243 47 164 305 276 89 221 73 171 161 8 137 258 312 188 182 306 88 159 257 289 247 265 267 264 26 142 282 290 210 156 127 220 215 303 300 166 34 101 90 148 317 11 22 9 124 266 313 56 154 199 288 125 316 202 144 245 271 204 58 27 201 72 25 146 74 69 181 208 248 113 121 155 62 43 20 49 195 310 122 174 237 54 285 111 17 217 268 130 29 7 6 31 52 117 77 232 262 138 107 253 80 57 95 180 133 64 83 207 37 68 197 71 242 109 35 114 84 216 229 254 86 93 103 162 172 270 233 249 291 278 295 286 298 227 309 178 175 193 170 12 : 5001.84
3 3 
1 3 8 9 17 16 18 25 26 19 24 27 36 37 42 41 43 46 52 53 58 62 63 124 129 132 113 110 109 213 221 313 231 218 224 243 220 211 217 252 259 264 258 166 296 308 306 199 192 300 222 146 254 315 309 157 159 156 208 120 126 127 135 130 226 253 143 269 244 170 200 205 266 257 290 287 275 214 216 227 247 119 238 239 256 265 240 268 270 304 284 278 267 283 196 180 172 169 163 210 65 88 203 188 197 207 179 198 70 69 102 97 81 98 77 91 99 101 76 67 68 71 78 72 92 82 96 89 202 173 204 100 187 195 303 291 236 263 301 189 311 232 229 262 158 181 175 285 246 171 225 147 137 136 134 133 128 125 182 95 186 66 251 273 248 281 305 293 167 154 60 61 38 39 149 261 288 237 230 233 297 250 148 153 161 164 206 193 299 276 294 292 310 35 34 14 13 116 115 112 111 117 108 106 107 4 5 122 114 219 234 215 245 249 318 242 241 131 142 138 160 272 151 209 145 150 314 277 282 280 184 191 286 274 183 201 190 298 141 140 212 123 121 118 255 174 178 228 144 165 302 162 289 168 279 223 235 139 260 271 185 176 177 295 307 312 87 155 152 194 74 86 75 90 64 79 93 94 73 80 84 83 85 317 316 57 54 51 47 44 50 55 56 105 59 49 48 45 40 104 33 32 31 30 21 22 29 103 28 23 20 12 15 11 10 7 6 2 : 2012.7
4 0 
1 2 6 7 10 11 15 103 21 22 29 32 31 30 28 23 20 27 24 19 16 17 18 25 26 37 36 33 104 40 45 48 50 55 49 316 317 59 56 105 64 67 68 71 78 82 83 85 91 92 96 97 101 102 93 98 99 90 89 86 84 79 77 72 73 76 80 81 75 74 69 70 66 65 164 210 167 168 175 174 179 180 186 185 181 178 169 172 173 176 183 187 177 182 184 189 188 190 87 88 94 95 100 207 206 202 201 197 196 191 198 203 204 194 195 193 192 199 200 205 312 311 307 306 302 301 303 308 309 310 305 304 298 297 276 275 318 270 271 273 272 274 283 286 290 279 300 285 284 280 291 299 296 289 287 282 170 171 315 269 166 295 281 277 278 294 288 293 292 165 266 265 262 263 264 251 249 248 244 215 214 223 224 246 245 247 252 258 259 260 256 268 267 255 257 261 254 253 236 235 228 234 237 314 250 143 144 140 139 243 238 232 5 112 107 111 4 116 115 117 124 129 132 125 128 133 138 141 142 122 121 123 130 131 150 153 155 160 161 154 146 147 148 151 157 158 163 162 159 156 149 152 209 145 242 240 222 239 241 233 230 225 231 313 229 226 227 219 218 213 211 212 216 217 109 110 220 221 118 119 114 113 108 106 134 127 208 135 136 137 38 35 39 60 61 62 63 58 53 57 54 51 47 44 41 42 43 46 52 34 126 120 13 14 9 8 3 12 : 593.89
4 1 
1 2 6 7 10 11 21 22 29 31 32 33 27 24 19 16 17 18 25 26 36 37 42 41 43 46 52 53 58 54 51 47 44 104 40 316 317 49 45 48 50 55 56 59 105 57 62 63 70 69 74 75 81 86 84 79 77 72 80 76 73 64 67 68 71 78 82 83 85 91 92 96 97 101 102 93 98 99 89 90 88 87 196 197 94 95 100 207 206 202 201 198 203 204 195 194 191 186 180 179 175 174 185 181 178 169 177 182 184 189 190 188 187 183 176 173 172 65 66 61 60 164 210 167 168 171 170 166 165 269 315 274 282 277 278 281 288 292 293 264 280 279 284 285 291 300 296 299 290 286 283 287 289 294 295 192 193 200 199 306 307 311 312 205 302 301 303 308 309 310 305 304 298 297 276 275 271 270 318 249 248 245 244 224 223 214 215 219 218 213 211 212 216 217 109 110 220 221 118 119 143 250 259 266 265 273 272 268 263 262 256 251 253 252 246 247 225 231 232 240 139 241 242 243 233 239 237 234 230 238 313 222 229 227 236 226 228 235 314 255 258 260 254 257 261 267 144 147 151 163 162 159 161 160 155 153 150 145 209 149 152 154 156 158 157 146 39 38 141 140 142 129 122 123 124 121 113 114 130 131 125 128 133 138 132 117 108 116 13 148 208 120 126 127 134 135 136 137 34 35 14 115 112 111 107 106 4 5 9 8 3 12 20 23 28 30 103 15 : 553.829
4 2 
1 2 6 7 10 11 15 103 21 22 29 32 31 30 28 23 20 12 16 17 18 25 26 19 24 27 33 36 37 104 40 316 317 49 45 48 50 55 56 59 105 57 54 51 47 44 41 42 43 46 52 53 58 64 73 76 80 86 79 77 72 67 68 71 78 82 83 84 85 91 92 96 97 101 102 93 98 99 90 89 81 75 74 69 70 62 63 66 65 87 88 94 95 100 207 206 202 201 197 196 198 203 204 195 194 191 184 182 177 189 190 188 187 183 176 173 172 169 178 181 185 186 180 179 174 175 168 167 163 158 157 151 162 159 156 152 149 146 148 147 144 143 243 222 226 234 233 242 139 140 313 240 232 238 241 231 230 236 252 251 237 235 227 228 247 246 261 255 258 250 315 269 165 166 170 171 274 277 278 281 288 292 293 282 287 289 294 295 192 193 200 205 312 311 307 306 199 302 301 303 296 290 286 283 279 280 284 285 291 299 300 308 309 310 305 304 298 297 276 275 318 270 271 273 272 314 254 229 263 268 256 262 264 267 260 257 266 259 265 239 253 215 214 223 224 244 245 248 249 225 219 218 213 211 212 216 217 109 110 220 221 118 119 122 108 113 114 121 123 130 131 117 115 116 120 208 13 125 128 133 124 129 132 141 142 138 209 135 126 14 127 134 136 137 34 35 38 39 61 60 164 210 161 160 155 153 154 145 150 106 107 111 112 4 5 9 8 3 : 579.819
4 3 
1 2 6 7 10 11 15 103 21 22 29 32 31 30 20 23 28 33 27 24 25 26 36 37 42 41 43 46 52 53 58 57 54 51 47 44 104 40 316 317 49 45 48 50 55 56 59 105 62 63 70 69 74 75 81 80 76 73 64 67 68 71 78 82 83 85 84 72 77 79 86 91 92 96 97 101 102 93 98 99 89 90 88 87 187 183 176 173 172 177 182 184 189 188 190 196 197 94 95 100 207 206 202 201 198 194 195 203 204 200 199 205 312 311 307 306 302 301 303 308 309 310 305 304 298 297 276 275 271 270 318 249 248 245 244 224 223 214 215 219 218 213 212 211 109 216 217 119 313 233 238 230 225 239 231 221 220 110 232 242 241 240 243 246 247 234 237 229 226 228 235 227 236 222 118 122 121 113 120 13 14 126 149 152 171 170 166 165 315 269 265 266 260 264 267 273 272 268 263 262 256 253 251 252 254 257 261 314 255 258 259 250 143 144 114 117 108 107 106 4 138 133 128 125 132 123 130 131 129 124 116 115 5 35 34 135 136 137 127 134 145 156 159 162 210 167 163 158 157 151 148 146 147 141 142 140 139 154 150 153 155 160 161 164 60 61 65 66 39 38 169 178 191 181 185 186 180 179 174 175 168 285 291 300 299 290 286 283 282 287 289 294 296 284 280 279 274 277 278 281 288 292 293 295 192 193 209 208 111 112 9 8 16 17 18 19 12 3 : 584.643
5 0 
1 2 6 7 10 11 15 103 21 22 29 30 31 32 39 283 206 294 181 279 156 298 291 264 229 228 220 217 126 251 210 94 304 239 150 211 253 312 185 198 203 306 243 250 157 114 115 117 107 116 13 214 173 175 196 76 99 68 80 64 91 65 158 252 249 187 300 122 276 197 52 36 155 60 209 282 195 58 53 38 299 236 288 75 207 63 180 188 308 224 137 257 145 143 149 142 25 27 18 19 20 23 28 170 125 109 225 295 284 307 310 191 293 302 199 153 281 269 221 261 200 102 77 59 83 317 316 85 311 189 223 313 194 87 95 41 57 289 174 205 55 105 82 285 272 78 86 184 46 286 51 100 165 106 168 305 119 235 8 218 26 280 297 237 135 178 227 139 79 73 67 62 54 43 154 182 179 315 303 255 216 213 212 275 268 274 262 233 118 219 245 238 146 163 296 88 97 72 92 84 89 90 74 81 69 56 45 50 40 104 33 71 314 128 66 131 231 160 186 263 138 110 247 47 48 34 208 169 232 164 112 162 287 123 61 132 309 190 192 246 148 152 240 9 35 278 16 273 254 260 266 147 144 159 133 129 136 113 127 14 141 167 258 215 318 176 134 242 172 44 49 202 265 193 130 267 234 151 183 96 271 292 201 204 42 70 177 290 277 226 230 171 248 259 222 161 244 270 140 111 4 5 108 24 17 12 256 124 93 37 166 241 120 101 98 121 301 3 : 3872.3
5 1 
1 107 314 5 121 223 315 266 284 305 302 188 98 79 276 275 217 272 256 105 51 47 61 97 173 261 318 306 48 311 166 289 262 124 186 286 123 41 292 59 136 130 127 116 147 175 230 66 303 309 87 199 299 195 222 16 11 119 208 86 265 62 13 298 270 237 60 176 44 54 192 210 227 22 43 140 307 88 206 96 209 251 221 245 137 190 118 39 10 17 177 29 32 215 297 225 316 58 89 77 197 287 149 196 55 220 160 102 204 304 148 133 294 157 269 134 172 92 83 282 170 12 46 246 255 143 104 40 84 28 6 2 101 7 34 75 99 82 68 90 267 258 167 232 117 129 85 152 63 193 231 150 26 293 50 202 76 42 239 271 162 185 257 198 279 285 247 142 242 264 158 233 260 182 218 219 312 74 45 178 80 81 35 128 30 138 23 243 120 139 229 21 241 236 145 31 277 171 108 69 57 38 122 159 161 154 205 165 183 280 67 91 300 235 238 180 254 155 207 259 70 25 27 33 93 214 249 109 103 174 224 113 73 78 49 18 94 281 211 112 15 135 252 228 4 72 201 200 164 8 20 56 53 203 114 64 234 296 9 168 187 226 125 14 216 169 115 244 278 52 189 288 250 65 100 132 144 191 310 163 146 253 291 301 95 19 131 156 151 273 184 153 268 71 181 110 37 240 24 274 248 36 194 179 141 295 111 308 126 263 283 290 106 313 213 212 317 3 : 4971.09
5 2 
1 14 310 222 315 245 215 208 127 316 317 237 81 270 221 148 34 11 262 276 105 178 9 273 171 19 284 230 217 195 32 70 27 103 252 254 174 268 193 77 109 214 10 133 267 12 24 26 85 166 280 152 157 199 61 84 59 97 50 51 203 219 107 233 279 246 271 93 229 244 90 282 48 82 207 303 62 305 202 153 41 144 160 312 242 189 88 80 91 76 185 5 213 306 66 71 194 145 218 151 278 259 298 308 297 58 54 43 46 13 20 266 33 128 139 302 286 56 29 31 23 30 72 83 100 169 220 225 159 235 116 138 209 180 188 158 18 96 294 164 201 216 172 89 251 249 263 301 300 126 314 87 243 106 115 176 60 274 272 265 95 16 38 168 118 231 211 163 212 113 4 130 313 181 293 264 250 136 78 47 55 197 309 53 147 224 134 238 291 292 150 161 175 102 49 69 117 205 260 190 22 21 15 6 7 182 191 196 42 288 73 79 287 295 111 167 137 223 119 140 17 40 206 275 311 135 114 146 149 198 68 179 307 256 57 28 67 132 141 99 177 92 131 239 277 318 261 98 187 154 236 173 247 255 35 104 110 204 290 296 258 39 304 125 226 101 25 281 210 45 44 170 108 121 3 234 184 192 63 155 129 228 86 52 162 241 124 123 142 240 285 8 232 74 94 200 112 289 75 2 64 183 65 257 253 186 269 248 299 122 120 156 227 143 37 36 283 165 : 4971.51
5 3 
1 3 8 9 17 16 18 25 26 37 39 38 35 34 14 13 116 115 5 4 112 111 107 106 108 117 120 208 126 127 134 135 136 137 133 128 125 124 129 138 239 238 314 262 261 113 114 110 109 215 216 211 212 217 220 221 230 229 222 219 249 235 213 218 228 246 223 313 237 231 226 250 285 312 284 242 144 143 258 280 318 214 256 259 268 307 276 263 266 260 255 294 315 288 175 181 156 148 287 295 299 273 264 194 179 182 199 308 190 100 94 197 98 206 303 306 289 272 275 290 296 301 171 192 292 271 291 254 253 248 279 282 309 297 267 165 193 191 311 281 205 245 139 162 170 293 304 300 302 310 305 270 252 244 224 236 243 247 232 240 118 233 140 119 234 225 241 227 257 251 265 269 151 152 150 154 155 161 186 166 174 163 159 146 147 142 141 131 130 123 122 121 132 149 153 145 209 201 160 164 172 60 61 173 200 274 168 185 195 177 210 157 158 286 277 203 99 90 183 65 188 184 176 187 167 198 169 189 178 204 278 283 298 180 207 88 196 87 202 95 91 89 70 64 72 77 101 76 81 69 62 66 67 71 97 96 84 86 79 58 53 52 46 43 41 42 63 74 105 57 54 51 47 44 93 73 75 80 85 68 78 82 83 92 102 31 32 104 45 55 50 48 49 56 59 317 36 316 40 33 27 24 19 28 30 23 103 20 29 22 21 15 12 11 10 7 6 2 : 1515.72
