0 0 
1 91 74 15 247 283 257 85 171 179 50 275 256 268 310 6 271 18 245 93 142 34 273 218 221 156 20 135 290 82 304 287 112 116 132 17 133 134 251 30 316 127 208 35 47 226 65 124 295 3 7 8 139 152 312 64 2 212 225 87 101 54 42 151 201 31 219 32 254 38 154 22 16 230 106 184 86 83 11 248 215 305 183 90 102 33 48 96 155 25 117 131 168 67 188 56 107 233 270 315 195 120 157 308 173 95 141 71 45 138 105 206 147 193 28 261 232 250 238 301 148 161 182 81 220 187 145 267 118 272 174 280 98 137 214 302 68 242 49 178 12 235 189 43 104 228 274 100 199 78 123 128 318 293 204 77 239 143 260 264 109 41 37 291 259 163 110 170 198 158 288 298 181 285 309 40 39 166 236 69 59 196 202 217 55 26 303 234 10 252 227 281 269 200 175 167 121 306 244 263 162 23 172 192 180 282 284 185 44 237 207 186 176 97 229 266 57 108 70 75 61 213 292 278 289 209 297 299 203 222 4 165 113 99 14 73 46 79 62 111 130 160 119 36 231 159 63 72 115 13 311 164 277 276 153 51 150 169 146 224 249 92 190 140 216 89 19 21 80 255 286 191 317 258 88 313 223 243 279 314 205 58 53 24 84 265 52 194 197 66 253 9 94 307 296 136 122 240 27 262 300 241 211 129 246 29 103 177 114 144 125 76 149 126 5 294 60 210 : 5331.49
0 1 
1 103 105 114 26 100 189 23 9 185 268 284 293 219 140 168 291 144 169 304 91 282 145 116 250 177 43 47 301 226 286 247 211 106 130 28 162 79 246 237 260 309 273 295 95 187 46 73 188 48 25 128 84 52 186 11 235 156 283 298 37 101 86 307 143 14 176 49 65 180 96 90 302 92 41 161 178 53 19 306 124 280 150 202 13 160 153 32 40 104 164 4 60 242 264 129 18 133 276 270 139 300 77 34 109 167 214 252 94 172 289 179 158 192 317 209 117 118 299 240 314 197 251 222 93 21 316 155 6 249 233 163 120 7 10 234 305 203 198 122 271 165 5 210 183 224 313 267 244 200 67 110 55 206 310 137 243 151 75 61 261 318 83 194 196 312 272 232 190 269 245 12 113 225 71 148 255 223 184 27 265 134 159 193 254 121 50 82 72 131 231 195 107 241 297 142 56 141 69 22 38 279 36 132 257 296 136 16 262 135 146 125 33 112 290 258 228 89 80 181 218 63 253 208 45 173 102 115 182 230 174 154 24 15 87 81 207 157 292 239 212 66 68 201 275 54 30 42 85 108 126 277 171 236 64 97 147 217 213 248 152 127 215 303 227 229 62 3 199 238 76 57 175 204 170 315 266 263 221 138 191 2 166 285 29 51 74 281 287 308 70 17 31 98 59 99 288 58 35 259 111 278 39 8 44 78 294 20 311 88 256 220 216 274 123 119 205 149 : 5248.33
0 2 
1 216 63 76 176 193 149 52 75 80 58 165 181 71 111 298 271 221 205 138 73 173 4 196 170 66 267 224 206 198 188 135 78 290 6 278 192 210 280 118 3 260 215 252 112 55 259 228 54 250 168 203 279 285 184 297 123 38 65 261 24 39 98 182 163 156 317 121 69 124 91 10 126 289 200 295 128 155 230 108 247 114 240 307 186 120 177 209 194 86 241 47 18 115 125 214 269 119 281 239 238 302 243 284 88 84 304 40 142 127 231 286 232 318 82 110 256 292 22 113 244 249 288 311 102 183 61 83 9 287 36 208 195 74 90 105 167 81 136 131 151 141 103 7 154 153 312 315 160 85 16 251 275 204 48 20 53 94 276 68 137 139 33 178 64 28 229 41 197 31 189 306 8 264 273 56 296 60 145 174 49 223 30 199 161 25 101 313 308 234 248 299 187 97 162 44 122 159 15 157 143 34 45 219 191 89 171 148 146 266 116 207 2 255 254 166 291 150 129 62 13 314 237 130 218 29 59 23 213 144 257 169 301 201 212 211 268 92 305 50 246 220 26 294 217 5 14 99 46 147 17 227 133 222 87 262 79 42 57 37 132 202 11 175 235 27 225 242 293 253 263 164 21 19 185 158 43 316 172 265 106 152 104 190 96 100 77 12 117 258 236 134 72 282 180 303 226 309 233 272 277 270 109 300 310 93 245 283 32 67 70 95 179 274 140 107 35 51 : 5473.16
0 3 
1 223 159 59 209 43 271 278 101 294 122 113 69 127 272 190 35 270 276 20 239 53 162 150 186 275 228 169 3 130 120 140 227 124 143 27 142 260 220 221 83 176 161 144 302 235 131 78 25 263 293 313 255 185 13 44 155 295 277 107 38 146 289 262 49 305 156 196 311 210 71 61 28 141 5 170 310 76 74 39 153 173 201 93 136 115 87 273 296 42 292 182 304 279 108 198 119 137 116 31 30 34 288 204 268 248 79 257 117 145 54 52 40 70 199 167 97 11 41 99 281 265 45 56 315 207 8 88 14 193 66 184 298 309 178 158 283 21 224 110 57 23 168 202 65 95 317 219 212 72 82 85 94 126 314 151 102 111 308 222 259 157 37 148 172 282 90 86 205 303 269 206 215 249 109 36 187 183 118 230 225 267 236 258 62 316 48 251 92 98 179 67 243 135 100 254 81 68 60 4 114 226 18 138 171 216 149 252 17 103 214 12 91 55 250 139 152 163 299 208 154 129 300 307 174 231 217 7 134 112 286 9 280 177 75 24 203 32 80 50 58 29 104 191 318 2 218 189 240 195 290 16 64 106 164 160 132 121 47 244 73 165 19 194 89 188 291 197 312 245 241 246 77 264 237 211 266 180 26 51 242 233 175 84 33 105 192 10 133 128 46 125 181 96 287 274 200 297 284 256 301 253 306 234 166 147 22 213 63 15 261 247 285 232 123 238 6 229 : 5349.79
1 0 
1 25 182 93 291 31 119 220 234 284 10 36 60 56 121 306 87 311 39 38 34 135 84 105 58 231 273 201 90 82 24 117 129 123 148 280 301 199 238 219 252 104 17 94 185 59 40 76 198 169 225 287 217 53 91 131 259 147 277 143 157 207 285 282 19 88 192 205 254 114 126 92 77 262 26 111 274 109 27 158 106 237 297 293 165 134 260 181 218 261 67 62 42 156 202 179 14 184 85 18 250 100 162 269 115 32 57 146 118 2 3 200 299 113 268 139 45 246 264 124 271 228 20 212 304 50 171 11 164 209 317 266 278 294 256 189 133 21 8 108 7 270 242 130 276 102 244 66 247 265 223 267 239 183 203 248 43 44 151 16 80 255 128 30 204 95 99 107 15 72 54 64 155 150 224 142 46 83 70 96 145 216 307 314 103 74 197 61 47 136 226 110 9 286 29 71 170 160 41 176 97 177 313 208 210 279 79 149 295 167 258 127 166 206 305 187 193 222 13 116 163 89 33 35 63 144 229 245 196 153 122 78 140 240 253 235 241 233 159 318 172 154 312 194 283 292 175 120 195 52 51 310 249 303 112 101 243 12 186 69 281 173 22 141 232 73 98 174 180 49 227 302 308 65 138 272 257 86 168 48 4 251 300 236 132 316 55 288 290 296 137 188 211 178 81 161 75 275 230 125 28 37 152 214 289 221 315 263 190 68 6 23 298 215 191 309 213 5 : 5235.54
1 1 
1 192 123 23 34 91 105 142 145 183 116 20 188 309 241 194 289 72 220 19 240 11 165 182 88 280 193 64 67 143 219 214 244 197 56 265 264 51 111 260 318 50 141 131 107 127 232 255 115 279 281 8 61 304 81 167 253 133 4 311 298 95 121 235 33 100 45 82 228 224 269 259 288 266 198 271 180 161 39 6 52 267 98 150 205 9 49 221 184 229 218 130 286 118 215 300 237 199 305 225 128 177 112 243 168 254 159 201 282 70 30 35 66 212 48 99 140 306 186 162 187 200 5 278 22 216 314 230 129 136 80 62 296 78 42 36 302 32 291 94 92 77 87 43 275 124 57 173 2 55 144 109 233 222 85 307 292 316 301 44 272 166 287 290 93 152 196 15 103 40 155 76 189 268 295 151 148 7 26 134 190 207 252 65 209 175 71 101 89 96 204 139 270 251 263 125 181 97 299 53 208 86 231 312 171 158 156 274 104 54 178 117 317 308 170 297 285 185 164 257 261 234 238 14 160 18 38 174 59 293 157 149 247 60 294 284 262 153 258 69 83 213 239 31 90 3 276 206 223 203 310 191 25 250 46 73 246 126 114 122 17 256 110 313 16 37 58 21 169 113 154 63 248 211 75 217 10 147 195 68 273 249 315 13 227 135 108 47 79 236 176 277 172 202 24 41 179 303 138 119 120 245 146 283 242 163 27 226 210 102 74 12 106 137 29 132 28 84 : 5417.16
1 2 
1 280 212 22 182 196 258 174 195 84 167 134 282 53 13 209 45 125 140 220 161 141 250 236 176 295 249 149 145 81 115 239 131 52 302 223 228 171 162 147 89 58 170 237 49 218 188 59 296 183 74 199 39 62 190 110 303 317 6 222 19 316 67 208 86 60 275 247 9 26 217 163 142 197 35 215 194 150 46 3 123 219 259 314 69 253 91 181 14 265 156 148 133 179 211 127 4 159 78 79 173 234 315 165 85 298 272 308 117 152 192 268 203 130 143 2 262 252 279 100 68 111 154 135 126 32 139 229 300 205 284 124 155 15 31 231 227 202 55 226 261 311 168 213 266 169 256 246 63 82 299 10 238 207 73 34 138 7 312 119 248 66 88 94 77 206 47 120 310 210 187 83 233 260 269 277 37 251 109 313 80 318 164 72 198 263 232 235 129 12 90 57 38 23 137 56 8 43 93 255 243 230 51 112 301 18 146 30 153 113 225 291 290 294 17 41 11 108 276 144 254 244 305 184 16 193 286 309 101 92 121 33 36 48 29 105 40 28 278 172 97 114 71 98 54 151 177 292 306 273 118 21 106 107 201 44 245 224 307 27 191 104 221 180 281 116 257 136 200 214 122 5 283 76 65 270 166 64 99 158 103 267 132 95 185 285 178 25 61 288 70 157 20 102 242 87 289 264 96 128 293 175 186 240 241 274 50 75 189 304 271 216 287 204 297 42 24 160 : 5347.52
1 3 
1 174 80 17 74 52 4 89 168 76 125 221 260 162 24 44 141 277 192 250 13 117 6 164 203 207 25 7 8 64 124 20 220 144 298 12 171 160 295 279 180 185 178 196 182 102 297 31 283 205 242 251 136 111 153 46 56 304 83 274 60 63 217 265 234 78 132 34 206 222 296 246 310 131 194 190 253 197 201 32 161 175 137 170 189 95 314 69 126 146 159 280 133 256 2 134 113 84 272 48 181 18 11 62 284 128 22 176 19 157 230 268 55 101 99 187 315 282 41 29 263 215 309 255 213 105 70 191 45 152 238 290 311 289 301 186 236 316 27 278 231 252 142 82 135 209 227 275 87 166 233 40 92 169 28 244 67 58 285 257 36 307 245 79 49 50 96 193 177 299 85 103 210 303 286 214 216 200 273 9 223 143 240 108 91 312 291 183 47 66 237 232 127 208 219 318 38 305 218 293 119 239 42 211 212 269 267 229 150 104 106 5 270 140 16 130 228 259 120 226 98 112 37 165 241 26 54 129 317 77 188 73 68 302 248 116 107 167 59 145 114 93 266 224 115 35 65 138 149 173 14 202 10 147 39 254 151 100 155 156 15 94 21 198 247 154 262 109 88 53 71 121 110 308 243 158 122 90 199 179 81 23 30 33 292 264 313 235 225 139 43 288 204 281 306 61 51 163 258 75 249 148 300 287 261 118 3 195 172 294 276 57 271 86 184 97 72 123 : 5382.44
2 0 
1 104 308 253 146 81 185 157 87 96 90 83 158 8 274 230 43 126 102 36 171 234 128 251 195 140 213 261 221 232 51 209 245 262 212 224 66 95 182 139 193 289 211 268 111 132 222 191 214 218 94 313 136 248 215 244 254 227 258 129 205 42 231 88 11 271 12 179 270 247 318 264 125 242 240 26 137 38 192 293 79 72 183 237 235 277 131 304 243 239 170 263 309 292 311 152 13 217 315 284 91 89 134 19 4 123 303 282 150 35 145 228 93 71 135 172 249 27 23 210 14 133 45 147 110 143 279 108 295 296 241 314 25 18 151 269 105 31 156 202 204 73 177 252 285 203 49 302 257 229 113 60 56 52 189 47 153 164 17 149 290 186 122 16 130 208 59 75 223 33 64 291 21 77 250 76 207 200 144 10 141 65 107 288 173 287 301 2 281 168 175 100 259 74 101 32 118 174 116 57 166 120 199 307 159 97 162 37 124 15 53 161 298 67 103 255 275 181 148 58 106 61 226 138 267 286 299 297 92 216 238 190 44 70 305 278 115 29 48 46 236 188 109 68 84 310 206 306 28 197 167 78 62 187 260 34 7 41 312 98 9 194 219 283 99 233 3 20 117 196 272 225 86 50 165 160 180 201 54 178 114 6 300 273 63 24 119 316 82 198 176 265 276 85 155 256 55 317 80 69 154 5 112 40 184 22 280 169 121 163 294 220 266 246 142 30 39 127 : 5277.67
2 1 
1 200 164 201 21 221 234 35 110 219 263 87 101 295 31 310 213 153 181 292 254 107 11 308 4 102 235 266 44 316 247 205 286 64 56 57 170 178 40 298 5 149 309 171 206 74 3 278 236 158 279 60 93 14 179 290 288 157 174 120 50 314 8 216 95 22 82 13 161 151 85 89 59 27 68 23 260 289 189 291 12 98 29 24 306 253 139 267 238 230 137 43 55 229 193 262 215 241 162 138 132 274 10 67 287 79 195 209 197 271 38 26 7 53 135 169 111 51 20 109 211 224 126 204 28 19 66 130 144 192 167 71 150 251 304 281 88 203 155 227 166 134 112 218 210 311 220 212 214 191 84 282 78 223 245 249 225 36 293 307 202 280 91 54 276 180 252 39 182 97 92 124 105 145 312 114 136 121 152 94 61 49 185 83 272 243 198 70 47 25 317 264 265 231 244 190 299 257 148 69 77 33 233 270 268 277 305 129 258 177 113 17 80 127 117 32 2 196 273 296 99 163 294 300 128 302 237 285 81 184 173 199 159 65 37 142 165 313 242 108 222 239 187 73 160 154 256 248 125 175 269 226 194 250 141 16 240 261 146 45 255 100 15 228 131 303 72 186 176 58 217 90 42 76 52 318 246 119 275 283 259 147 106 140 118 301 315 123 30 34 188 143 103 41 207 122 104 172 62 86 96 232 6 48 46 133 284 63 115 297 75 18 156 168 208 183 9 116 : 5300.66
2 2 
1 277 158 297 100 206 86 172 266 48 283 247 294 272 37 31 40 80 168 269 75 157 152 159 219 4 11 63 165 228 217 316 76 194 186 112 30 195 94 304 202 169 295 45 69 257 113 23 216 221 54 125 180 153 199 296 185 138 107 7 229 248 19 209 2 145 212 271 231 213 264 197 92 144 74 205 215 178 136 265 301 8 49 164 191 9 96 252 204 46 146 238 192 53 14 170 20 251 105 97 25 52 59 227 306 184 36 12 6 200 208 33 73 110 17 41 27 127 129 60 276 117 260 314 289 310 88 78 261 214 246 42 3 124 79 278 292 225 291 111 201 141 305 22 119 263 118 28 241 134 161 287 106 133 18 235 72 64 182 313 249 300 290 275 298 181 26 243 103 21 58 68 174 315 254 39 71 121 285 222 280 55 24 29 128 255 98 223 242 234 262 142 218 270 233 237 66 281 47 35 104 102 239 143 302 77 65 163 114 126 70 232 109 123 189 85 210 193 82 51 81 207 187 226 56 91 95 311 258 250 293 166 15 62 67 308 149 93 175 188 240 130 268 220 224 282 299 50 43 131 137 203 190 44 89 286 230 148 256 312 179 196 317 13 132 116 87 151 253 211 10 5 90 38 16 245 284 32 147 101 57 198 162 307 318 273 274 139 135 99 84 173 34 177 156 160 183 122 303 61 288 83 171 279 154 167 267 115 108 259 140 236 244 120 309 150 155 176 : 5183.95
2 3 
1 44 204 184 190 23 64 100 188 295 63 22 51 207 176 59 73 136 113 151 267 216 308 107 250 200 28 86 183 150 17 99 82 47 35 270 189 288 229 14 170 149 227 88 27 248 225 123 30 159 286 313 148 261 42 268 21 186 296 235 211 224 75 11 249 130 253 265 74 311 278 294 165 299 276 283 87 20 252 169 284 160 54 244 285 300 315 232 221 301 25 95 238 16 274 309 219 291 310 231 275 254 72 41 191 65 18 77 277 161 263 241 271 306 205 132 208 116 38 314 53 152 209 293 8 6 260 264 104 240 128 237 133 192 187 222 15 228 147 196 29 259 79 289 179 69 92 101 202 272 280 103 111 154 226 217 318 67 80 2 81 162 66 5 131 242 181 146 78 13 43 279 317 302 55 141 177 56 297 9 40 93 97 102 256 210 201 206 110 304 96 247 144 172 142 109 255 58 115 166 155 182 281 233 129 12 70 139 60 125 7 212 236 258 24 68 198 140 185 215 257 266 287 298 214 98 52 108 269 105 168 157 307 90 84 167 39 3 120 273 121 239 117 251 174 316 262 243 36 292 197 156 171 89 193 195 303 312 163 61 114 32 126 4 46 145 290 282 57 164 62 19 203 91 153 112 134 199 143 127 33 135 10 50 118 178 180 31 48 234 218 34 45 173 305 71 137 26 175 122 119 83 230 94 76 85 223 49 213 106 138 37 124 194 245 158 246 220 : 5401.02
3 0 
1 198 78 4 109 17 267 83 171 314 244 164 71 257 118 249 44 274 200 278 221 245 116 125 311 281 21 251 12 133 112 150 260 68 168 194 224 248 298 315 103 42 124 277 39 154 107 162 146 24 99 313 110 84 283 290 247 238 41 74 250 186 18 155 81 6 51 130 56 31 288 53 29 280 285 203 159 201 197 316 35 132 195 276 59 151 148 239 233 182 291 185 142 170 317 98 268 216 240 90 152 212 73 193 93 82 297 20 115 228 208 273 265 43 92 16 77 33 54 15 28 30 2 266 192 205 7 158 222 214 181 173 117 5 166 36 137 308 263 62 61 160 165 139 135 121 258 209 8 94 70 213 50 102 72 100 95 145 176 289 113 296 114 63 227 9 312 305 309 60 179 306 301 303 40 49 14 237 22 262 299 187 199 55 27 318 253 67 207 188 64 261 196 45 19 76 57 307 175 177 129 295 272 157 169 220 235 236 65 52 202 167 131 153 284 161 106 211 234 294 226 75 10 80 120 242 156 97 123 231 225 69 108 232 259 91 293 23 89 32 128 230 58 136 292 147 218 180 96 101 219 66 191 190 144 13 119 256 48 271 38 229 149 184 85 104 270 143 86 206 105 79 25 11 189 163 302 134 3 210 254 269 217 215 243 138 241 286 174 300 279 183 87 204 34 304 26 178 255 264 246 223 287 310 140 47 88 127 252 37 111 172 46 275 282 141 122 126 : 5315.84
3 1 
1 243 126 130 39 105 187 188 148 295 72 311 230 125 226 168 176 208 31 253 138 122 263 118 219 142 11 77 157 104 172 98 59 97 271 274 44 301 196 210 12 167 85 84 22 173 92 83 73 285 258 232 20 218 2 266 192 28 199 223 132 124 317 115 62 171 159 16 182 191 14 211 227 47 175 203 55 152 63 51 164 161 37 316 280 277 302 100 71 225 79 215 163 287 286 66 145 267 245 56 53 292 24 117 111 153 93 23 214 242 294 76 80 149 233 234 268 180 177 246 151 136 239 247 259 185 99 27 21 30 57 237 310 78 284 158 139 135 289 48 18 6 69 312 8 282 165 129 204 82 103 13 4 141 318 146 133 144 300 160 169 108 46 181 270 307 256 254 94 147 52 190 40 265 314 236 269 261 281 96 5 305 201 106 112 120 81 123 264 143 248 15 304 212 95 68 178 186 128 41 107 116 34 220 174 296 276 272 86 170 235 222 193 255 109 288 293 228 306 275 90 162 65 198 33 70 229 240 101 279 206 231 140 217 205 119 45 134 309 166 10 61 150 313 224 87 262 238 127 121 102 137 113 19 273 315 290 283 194 249 298 91 303 252 260 179 184 183 195 89 197 36 241 67 60 202 88 155 38 308 43 26 244 64 257 297 216 291 207 3 42 189 35 75 32 29 209 17 58 213 221 156 200 110 251 278 114 154 54 131 9 299 50 74 250 7 49 25 : 5273.74
3 2 
1 101 78 87 250 63 148 125 245 290 73 47 225 172 171 120 274 177 193 127 76 48 128 126 19 239 315 77 33 113 238 227 298 149 85 159 44 34 4 121 124 170 88 201 318 200 305 31 68 242 261 222 229 218 117 23 294 303 118 53 60 231 132 116 13 75 178 276 283 215 197 27 296 169 138 30 275 216 252 219 32 210 185 189 16 181 246 146 71 39 11 22 163 183 92 240 262 308 66 2 5 112 136 186 24 10 3 17 14 166 84 43 311 299 165 214 253 233 251 236 282 56 80 206 224 95 29 152 86 306 300 61 209 123 266 232 64 108 313 38 18 168 256 263 267 258 46 164 237 312 174 310 106 273 142 35 147 139 26 297 91 196 110 137 134 20 111 70 94 198 280 98 82 49 145 188 286 289 107 264 204 156 59 207 55 281 192 119 295 301 9 83 6 277 114 131 202 93 302 15 58 45 7 158 105 28 96 155 291 175 208 269 99 182 293 102 230 259 228 187 62 8 271 243 244 223 249 265 37 72 122 287 220 109 140 162 179 157 234 173 167 176 248 133 160 57 130 115 81 307 254 144 285 247 79 241 151 211 41 194 316 129 65 52 260 141 309 279 100 203 21 213 161 97 143 54 42 284 221 25 317 12 103 191 257 154 199 67 212 268 180 205 226 51 255 150 288 217 235 270 314 74 40 195 135 69 104 89 304 153 292 272 278 50 90 184 190 36 : 5200.71
3 3 
1 175 188 184 199 206 52 47 164 40 309 294 157 244 236 190 84 99 254 54 66 247 292 245 218 161 233 5 179 97 266 235 224 62 94 15 36 80 123 33 4 214 129 8 148 74 162 228 178 163 145 138 303 152 263 298 250 252 28 59 3 159 273 137 20 197 213 16 209 259 92 21 242 243 230 39 239 76 18 130 124 270 91 79 56 104 151 149 146 14 155 301 284 223 264 318 310 290 231 249 295 116 103 208 226 30 176 299 136 305 204 289 221 150 135 57 128 256 282 296 222 196 55 22 87 43 31 89 88 285 304 107 141 142 229 108 90 50 169 182 183 19 265 271 60 308 70 277 45 35 46 133 48 297 167 267 44 118 106 12 234 126 219 238 205 293 227 140 68 217 185 64 193 7 139 63 86 187 131 314 112 25 111 93 269 53 191 41 280 288 158 75 27 119 246 61 65 262 260 220 189 287 113 11 13 134 2 23 240 232 115 49 177 278 172 73 81 268 9 316 165 143 69 121 110 274 38 132 153 160 24 275 312 200 173 194 96 195 281 29 180 154 117 302 276 58 211 198 144 258 120 300 286 122 71 272 82 207 192 51 32 237 248 313 212 109 181 174 83 202 216 261 147 98 125 166 283 171 225 156 307 291 37 253 127 255 17 203 241 168 72 42 114 257 78 67 186 215 306 34 26 210 279 170 105 102 85 317 77 6 251 101 95 100 201 315 311 10 : 5231.65
4 0 
1 62 14 298 97 108 110 265 157 235 42 102 46 125 259 39 212 263 170 280 111 57 70 139 122 17 136 51 135 79 116 310 232 178 301 283 291 216 61 53 94 112 7 314 190 161 302 169 89 181 83 66 96 8 173 240 140 213 40 49 60 165 236 245 227 220 246 171 192 163 138 81 315 16 201 248 207 278 132 105 71 272 126 137 104 24 106 37 233 72 27 168 303 230 193 158 182 179 33 15 247 208 143 253 186 21 254 142 100 316 85 48 152 114 9 69 67 317 22 98 176 296 264 64 84 299 118 113 304 318 250 257 215 107 134 68 99 115 180 101 194 286 38 174 133 262 224 239 225 50 196 35 5 87 167 306 19 103 287 260 187 292 147 249 277 223 91 120 121 288 80 154 148 294 92 191 197 32 41 184 117 229 166 162 210 242 34 237 258 25 18 266 309 285 244 26 156 28 47 289 252 305 200 29 56 63 219 153 75 273 77 93 73 130 119 231 164 269 243 149 297 271 198 209 150 4 202 151 185 76 124 218 228 44 276 45 155 95 43 109 261 2 217 214 31 128 300 131 256 55 58 268 251 238 295 222 199 293 267 307 206 195 308 12 145 203 234 241 211 177 30 10 36 226 311 282 290 175 270 65 279 127 189 274 255 88 160 90 205 221 313 312 74 284 78 52 3 6 129 86 281 13 172 141 54 20 11 123 275 183 82 144 159 204 188 146 23 59 : 5192.75
4 1 
1 131 121 134 262 48 234 74 211 204 123 68 44 45 171 145 160 213 75 158 174 316 57 118 190 241 264 132 289 313 220 122 69 125 267 173 284 137 279 224 304 95 164 298 196 165 207 177 239 63 175 179 3 252 32 144 50 166 167 100 22 285 99 278 203 290 40 184 189 183 101 55 307 72 295 92 210 156 292 15 27 248 270 257 21 221 117 126 194 236 228 136 143 29 151 141 70 42 14 308 106 91 18 102 80 66 282 256 277 94 28 11 133 208 93 152 112 265 306 300 266 20 109 223 269 38 254 242 186 154 107 59 86 76 185 67 36 212 222 47 206 301 17 4 65 245 147 52 146 25 280 188 192 235 247 260 176 83 244 114 54 41 23 103 46 309 193 6 119 243 9 159 81 79 253 180 7 78 24 229 261 116 13 311 302 296 294 187 33 305 297 39 172 231 318 110 268 216 37 97 232 219 240 237 272 139 153 271 199 178 281 105 202 200 263 88 197 149 317 73 201 84 64 10 51 77 127 249 274 195 198 89 142 61 161 60 315 191 155 168 157 56 135 162 90 129 19 130 124 104 12 87 233 314 182 2 255 258 148 230 113 299 43 58 82 96 205 108 71 31 8 98 303 246 34 30 128 215 227 163 170 53 16 26 181 49 85 312 273 286 225 115 209 62 310 218 138 111 238 288 293 120 287 251 140 275 150 5 276 250 169 291 214 226 35 259 217 283 : 5241.56
4 2 
1 60 134 162 296 269 15 12 90 75 181 118 14 265 272 244 195 51 86 92 215 170 183 225 200 100 222 231 157 201 26 196 98 147 204 19 43 297 287 266 17 313 38 104 84 207 308 150 29 165 52 133 50 16 8 32 58 65 241 214 306 140 130 149 173 152 221 302 259 77 143 146 41 6 278 4 239 258 250 260 145 179 191 199 135 42 7 283 76 243 57 295 300 226 131 102 304 263 185 112 115 45 9 22 208 37 108 5 176 151 163 242 213 3 72 88 63 211 125 285 238 159 156 171 142 126 132 89 153 202 141 209 69 248 310 205 178 268 122 223 280 206 192 166 93 187 54 160 74 144 117 252 274 279 230 298 169 307 154 106 40 197 124 109 33 227 262 317 64 301 314 229 87 240 247 18 161 24 73 251 203 20 294 119 148 10 254 232 103 194 81 289 25 303 288 91 292 286 217 36 228 96 62 61 210 155 121 80 273 235 11 21 275 312 105 30 82 158 220 233 186 48 284 236 46 31 234 116 282 172 256 167 34 270 44 2 190 168 180 85 94 113 291 193 277 107 316 83 257 276 114 198 174 164 53 136 281 246 267 299 101 97 39 47 55 315 224 216 261 71 293 99 68 184 177 110 120 249 245 66 23 79 175 111 27 59 138 35 129 311 255 189 309 78 188 67 218 127 49 182 271 318 305 70 56 123 139 290 13 237 212 137 95 264 128 253 219 28 : 5317.88
4 3 
1 3 301 36 17 54 268 61 152 121 190 246 79 56 49 232 213 10 214 116 31 25 24 48 266 318 80 88 264 44 122 39 195 156 200 100 4 92 189 128 244 203 177 72 26 224 164 119 58 18 35 125 242 8 150 198 87 60 175 21 310 19 248 123 217 297 305 187 285 186 71 117 126 192 15 12 136 221 183 154 218 38 96 99 315 104 103 63 50 294 276 267 262 234 261 286 32 97 89 82 259 159 312 95 41 37 162 23 167 51 127 295 219 83 197 241 98 29 260 302 289 283 257 78 204 239 304 270 300 205 68 55 290 254 251 140 274 147 199 269 112 14 188 74 179 255 111 6 2 91 185 157 176 134 308 145 138 307 102 143 135 5 114 228 131 43 193 45 165 153 173 27 211 299 306 151 282 313 84 229 181 293 86 81 316 180 258 236 225 160 222 158 256 240 106 287 109 253 265 124 174 70 208 280 247 20 137 163 120 272 77 69 201 110 142 238 90 182 94 13 47 161 73 11 317 220 227 273 149 178 66 34 129 132 141 263 146 231 7 245 249 139 215 275 209 298 250 113 296 292 170 133 16 62 284 277 33 288 196 42 46 9 194 144 184 172 291 311 169 30 243 271 166 40 67 207 281 93 233 115 171 303 107 148 226 216 314 309 278 28 223 118 235 168 130 212 210 57 155 64 52 101 105 202 237 108 59 206 76 22 230 53 279 252 191 65 75 85 : 5203.83
5 0 
1 7 43 68 49 83 146 190 307 245 236 179 74 128 135 87 55 122 175 241 97 93 96 48 242 80 11 138 54 64 76 88 165 259 219 172 139 209 185 246 152 314 235 271 19 206 150 124 313 41 47 193 89 211 14 249 290 275 143 182 192 298 224 216 56 183 250 130 141 228 263 267 287 168 231 288 318 311 94 196 315 257 36 282 167 85 44 110 310 272 15 70 180 103 302 148 3 289 107 214 35 229 243 144 62 32 20 215 244 115 51 153 187 61 173 140 300 218 268 10 248 207 189 105 186 23 262 147 212 232 59 133 292 111 217 297 137 25 264 255 162 28 317 24 233 39 178 176 303 200 69 79 294 159 293 240 101 45 31 278 17 38 91 40 57 157 127 37 58 71 72 155 301 299 270 78 22 154 220 27 230 95 225 308 309 177 213 203 247 109 260 6 226 131 191 126 8 117 221 164 237 21 112 223 132 113 98 108 151 238 16 82 90 312 258 145 170 256 251 169 181 118 291 156 129 158 274 2 161 12 63 201 104 34 119 114 188 100 266 222 277 67 184 142 234 295 284 276 121 26 123 174 134 5 53 163 252 210 286 285 208 197 202 204 73 194 195 304 84 66 60 198 106 149 46 50 102 29 166 77 18 254 296 316 86 125 171 305 280 42 81 65 99 92 261 4 33 281 265 9 75 279 283 306 116 13 160 199 239 52 269 136 30 253 227 120 205 273 : 5197.55
5 1 
1 210 220 8 315 253 230 279 291 274 200 149 189 265 44 286 259 65 22 317 116 133 43 154 256 289 304 102 55 203 312 219 187 292 58 196 11 296 212 40 56 282 113 228 226 24 69 162 229 66 214 222 141 85 297 206 83 37 107 36 30 239 272 145 6 71 86 132 111 23 240 35 188 88 307 101 68 271 183 147 91 76 95 195 318 314 198 290 121 54 172 153 163 268 215 70 34 60 232 72 177 15 82 308 194 87 63 181 128 29 245 275 93 104 278 52 280 249 192 158 270 248 246 38 13 31 160 51 186 208 236 96 148 161 41 155 288 49 191 127 277 255 202 302 216 227 14 313 143 225 135 92 45 124 257 166 179 173 264 241 217 211 21 62 16 299 273 174 109 175 27 254 144 4 157 122 33 98 205 303 300 19 197 199 84 18 25 105 309 283 169 224 260 75 301 204 106 9 250 26 64 130 61 39 103 137 42 190 79 159 90 74 7 142 168 252 118 233 247 59 126 80 305 176 164 73 209 114 310 178 28 120 218 146 221 213 293 125 231 242 150 10 295 112 207 276 262 50 156 123 129 235 134 115 46 2 152 234 136 269 263 151 298 89 131 110 284 244 165 311 287 47 266 100 81 48 201 267 258 180 57 32 108 3 5 12 77 99 139 20 294 78 316 97 285 281 251 306 119 243 167 193 237 261 223 94 17 67 140 170 185 238 53 171 117 138 182 184 : 5263.01
5 2 
1 302 41 282 316 21 176 243 131 28 4 42 144 25 210 160 86 291 113 20 252 5 241 147 57 99 195 102 278 178 299 249 187 12 47 271 205 300 8 202 245 270 107 231 146 163 127 2 56 15 204 69 206 3 214 150 230 229 175 253 301 179 311 192 34 224 111 309 45 212 298 172 38 268 159 22 307 145 294 223 232 24 295 284 198 101 11 148 128 125 71 68 136 126 75 88 277 94 46 55 308 73 19 93 67 265 261 233 303 260 115 48 121 66 120 203 77 313 197 292 62 65 189 10 100 297 290 104 16 276 296 114 264 103 61 288 79 82 17 44 122 35 95 279 83 97 161 90 171 63 236 250 293 87 92 70 173 124 213 156 105 89 59 304 117 220 164 154 191 9 7 29 50 201 149 52 39 312 267 119 218 138 54 318 289 58 167 49 6 74 168 196 162 106 314 32 166 158 76 211 153 152 283 280 110 185 109 132 263 53 183 60 272 221 193 174 123 262 256 273 194 257 227 96 182 217 281 157 134 247 151 225 199 200 135 209 91 141 287 258 51 33 36 269 285 18 254 237 130 31 98 317 13 140 72 84 238 216 315 240 23 118 129 112 310 286 165 226 228 242 64 27 85 184 190 139 181 169 251 14 78 222 246 207 81 80 142 116 30 180 143 259 306 170 133 108 26 137 40 177 274 255 215 43 186 188 37 155 234 239 305 244 266 219 275 235 248 208 : 5326.2
5 3 
1 253 66 206 162 134 286 284 315 226 227 292 87 190 221 108 62 35 141 58 73 177 296 269 242 155 16 240 237 197 90 7 8 159 289 282 86 45 161 158 182 169 49 47 52 202 121 32 140 267 20 96 85 148 28 74 307 300 203 173 63 89 13 243 231 185 136 68 84 252 214 174 24 208 54 10 260 278 302 19 279 295 181 167 294 164 76 193 277 156 137 168 117 275 272 128 55 261 44 72 80 194 38 79 41 219 276 188 67 223 3 145 201 186 316 14 103 293 216 270 305 78 70 250 246 299 171 130 306 310 259 241 220 150 163 255 224 236 30 230 318 232 263 93 180 64 147 132 31 251 229 247 50 273 312 218 183 43 69 254 39 264 110 61 298 131 104 23 304 311 102 98 266 57 309 5 65 303 204 120 154 101 37 249 152 228 118 283 127 114 256 107 115 15 290 166 199 172 176 142 51 207 280 192 234 195 75 138 244 233 81 116 27 215 196 317 189 245 210 97 222 209 217 157 211 153 124 4 149 235 144 60 205 212 46 25 191 213 143 112 119 225 281 42 111 248 184 239 285 22 258 151 29 33 12 2 200 18 91 139 287 265 170 175 17 77 238 129 95 11 113 106 146 291 271 109 135 36 59 94 40 9 99 48 301 178 179 297 308 257 21 6 83 88 160 288 100 274 92 71 125 165 133 34 126 122 187 313 268 314 26 105 82 56 53 262 198 123 : 5227.67
