0 0 
1 113 14 91 165 140 247 283 257 85 171 179 92 50 169 275 237 256 268 310 74 299 311 30 253 134 133 17 115 13 20 155 190 46 96 150 135 290 82 304 287 112 132 207 231 316 258 127 208 35 47 95 33 71 61 45 138 105 315 206 147 193 51 261 232 250 238 301 148 156 221 265 218 278 273 225 87 101 54 216 84 68 242 49 12 235 116 189 314 159 286 43 104 228 36 274 100 199 78 123 128 318 293 204 80 77 183 102 153 23 239 143 260 264 109 4 41 37 291 259 163 110 170 198 158 288 298 226 65 90 48 62 124 197 295 270 73 3 8 139 152 312 294 34 224 142 93 266 245 18 11 106 230 271 16 22 72 19 187 70 145 192 267 118 272 174 146 280 98 137 214 24 53 66 162 79 184 86 83 75 248 215 263 244 306 284 121 63 167 175 200 269 281 180 252 10 119 234 26 55 217 202 196 188 15 59 44 160 130 69 292 276 166 39 40 97 309 185 285 181 176 42 151 111 201 31 219 32 254 38 154 194 203 297 67 56 233 108 220 81 182 161 212 164 243 2 64 7 25 117 277 157 120 9 21 94 307 296 136 122 240 27 313 262 213 300 223 211 129 29 103 52 57 114 255 229 144 227 303 302 58 241 236 178 177 205 222 251 99 172 317 246 249 107 88 308 173 141 131 186 305 28 282 289 209 89 60 168 125 76 149 279 126 5 195 210 191 6 : 5125.8
0 1 
1 249 105 26 100 189 23 9 185 268 284 293 219 140 168 291 144 169 304 91 282 145 250 177 176 49 65 171 236 246 237 260 309 273 295 95 187 46 73 110 67 200 244 267 313 224 183 210 5 165 271 122 198 203 305 234 10 7 120 163 233 103 269 178 53 19 306 124 280 202 225 71 148 255 223 184 27 265 134 127 52 186 166 285 29 51 74 281 287 308 70 17 31 98 59 99 288 58 35 259 111 278 310 137 243 151 75 61 318 83 194 196 312 272 232 190 161 164 107 241 297 142 141 69 22 38 279 135 2 191 138 221 263 266 315 170 204 175 57 76 238 199 3 62 229 227 303 215 84 155 248 213 217 147 97 64 146 150 277 126 108 207 81 87 15 24 154 55 206 167 214 252 94 172 289 261 158 192 317 209 117 118 299 240 314 197 251 222 93 21 316 152 6 36 132 257 143 14 43 47 116 301 226 230 242 264 129 298 283 157 292 239 212 66 63 39 8 44 78 294 79 162 28 130 106 211 247 286 253 102 45 173 208 115 68 201 245 275 54 30 42 85 180 96 90 302 92 41 4 60 181 182 18 276 270 56 139 300 77 34 109 133 149 216 119 123 311 274 88 205 256 220 12 113 13 160 153 32 11 235 156 37 101 86 307 296 136 16 114 262 125 33 112 290 258 228 89 80 174 218 188 48 25 128 159 193 254 121 50 82 72 131 231 195 179 40 104 20 : 5017.18
0 2 
1 216 149 165 270 315 272 278 134 171 87 29 62 316 32 124 288 77 60 180 133 234 223 34 226 274 202 12 243 190 40 54 105 164 167 317 120 132 151 6 187 115 53 153 258 235 26 103 110 201 93 116 123 293 250 238 210 175 225 255 227 281 289 112 24 16 282 83 276 182 128 11 72 67 15 63 251 204 302 177 7 142 94 59 65 48 45 219 275 299 296 147 261 95 176 85 84 52 155 58 172 267 9 304 215 108 252 277 301 253 269 82 73 14 121 248 119 206 185 230 242 263 265 35 306 31 20 179 312 154 76 136 126 47 37 38 57 135 79 262 99 5 220 246 305 92 268 169 257 213 218 13 17 313 104 46 41 25 161 199 30 49 174 145 56 273 205 19 75 96 266 244 195 222 300 241 236 23 214 42 43 111 44 260 129 191 107 50 21 217 140 146 239 4 181 314 193 91 88 297 138 109 118 162 183 125 27 131 232 71 127 264 8 189 197 229 28 64 178 33 68 292 284 70 221 18 36 78 150 122 157 51 186 207 139 160 100 196 290 74 69 137 80 291 97 203 39 170 309 295 245 298 106 211 156 130 166 283 188 212 2 66 294 287 307 209 194 86 231 286 318 256 22 113 249 311 102 61 208 90 81 101 158 143 89 308 148 254 237 240 247 200 144 10 163 303 98 173 184 285 279 168 228 55 3 280 259 192 198 224 159 141 271 310 117 152 233 114 : 5181.23
0 3 
1 159 132 301 246 130 313 273 283 66 265 186 278 101 294 122 113 69 41 127 272 308 190 219 35 270 276 111 136 11 20 55 51 232 121 239 224 134 137 254 314 73 104 218 245 123 309 154 40 14 105 114 200 33 286 287 92 252 4 211 274 88 194 191 233 243 68 258 236 267 225 230 118 183 187 36 109 249 215 206 269 303 205 86 90 282 172 148 37 81 16 217 297 175 96 210 110 72 153 2 63 135 52 234 216 95 157 253 67 89 291 204 79 141 34 119 112 279 300 171 256 56 57 231 173 316 177 84 174 70 15 189 32 264 151 188 292 241 306 238 60 18 214 299 280 284 208 315 317 318 45 182 240 129 161 144 302 42 235 108 131 78 25 263 293 255 185 13 44 155 295 277 107 38 193 207 146 202 289 262 115 49 305 248 47 82 54 180 160 30 9 117 53 288 133 21 29 80 285 247 26 50 58 99 158 310 10 244 257 126 5 181 46 138 106 213 28 23 163 75 166 168 196 91 203 307 116 85 197 312 298 149 192 304 179 251 226 77 184 64 242 165 147 266 7 103 261 97 250 156 76 93 19 178 290 311 98 61 259 139 125 6 8 22 199 281 128 170 152 94 201 195 162 65 17 222 24 62 102 100 71 212 12 74 164 39 268 237 176 83 221 220 260 142 27 143 124 31 227 140 48 120 3 169 228 275 145 150 229 223 296 87 59 209 43 167 271 198 : 5314.19
1 0 
1 25 182 93 284 10 60 56 121 38 34 84 87 145 11 45 2 118 159 106 158 111 26 262 126 205 285 21 8 108 247 223 171 256 139 134 20 146 41 177 317 57 191 293 229 318 233 241 253 151 237 200 124 32 99 18 218 181 260 245 294 309 5 246 255 128 276 312 209 160 97 282 88 189 78 250 228 265 283 204 100 194 43 202 147 299 3 85 184 14 179 156 42 62 67 120 249 304 239 137 176 313 306 303 186 235 183 82 103 213 144 115 64 58 135 46 105 170 210 198 76 40 59 185 94 17 104 252 219 238 199 280 148 123 129 117 24 90 201 155 273 231 169 225 287 217 234 220 119 31 291 268 212 66 16 44 127 297 122 30 54 261 301 307 195 143 267 240 248 271 23 89 140 203 79 286 172 175 292 266 196 165 270 80 95 208 7 19 113 207 157 36 259 53 47 166 154 52 51 101 12 69 173 22 141 232 73 98 174 49 227 302 308 65 138 257 86 168 48 4 251 236 132 316 55 290 296 188 211 178 81 161 275 230 125 28 37 152 214 289 315 263 190 39 75 193 243 288 216 310 272 221 311 162 131 244 130 192 153 27 63 35 33 163 116 112 13 222 109 187 305 206 258 167 295 149 279 277 50 274 264 281 92 300 180 70 91 278 133 242 102 114 107 15 72 150 224 142 83 164 96 77 269 314 74 197 61 136 226 110 9 29 71 254 68 6 298 215 : 5143.88
1 1 
1 192 123 160 91 105 142 108 116 309 289 60 280 197 11 265 264 51 30 232 115 281 247 210 114 146 261 234 238 119 300 242 201 145 163 133 84 95 35 26 57 206 24 161 154 293 174 38 18 185 4 276 99 56 8 109 85 282 301 209 65 207 36 297 121 7 198 151 64 67 143 138 214 244 263 225 235 33 169 315 311 236 48 316 140 267 86 54 172 117 176 200 159 186 306 32 23 277 92 77 275 295 268 189 76 155 40 103 15 152 93 290 287 243 44 107 71 205 89 96 204 139 270 272 317 61 307 208 223 302 312 171 158 156 274 104 42 291 179 62 80 129 230 41 216 22 278 308 170 124 110 246 126 17 256 137 255 37 58 111 70 253 131 211 135 125 279 72 63 283 69 83 193 13 73 68 190 215 118 303 258 164 101 184 221 49 9 195 150 98 52 100 39 130 239 271 167 288 259 127 12 46 59 79 19 165 75 180 240 226 298 199 305 219 128 16 112 55 168 254 87 262 94 237 233 212 310 191 25 285 250 5 149 313 304 294 148 153 286 257 120 173 29 222 147 2 102 220 318 14 10 249 248 183 82 202 203 284 20 213 106 31 21 241 252 45 134 47 113 266 196 141 3 136 251 122 66 166 34 194 260 314 81 187 175 90 217 6 43 50 245 229 273 218 299 227 269 27 292 177 178 53 296 231 181 74 97 157 144 188 162 132 78 224 228 88 182 28 : 5358.16
1 2 
1 212 280 196 22 174 195 84 167 134 258 53 13 209 45 125 140 220 161 141 250 236 176 282 149 43 230 248 186 100 50 184 272 255 270 277 269 233 187 210 310 120 295 145 81 115 239 131 309 101 92 121 33 36 48 29 105 40 28 278 172 97 114 71 98 296 54 151 177 292 306 273 21 260 266 213 168 311 261 226 159 4 127 133 148 156 265 14 181 69 26 9 247 275 60 86 47 59 188 218 49 237 170 58 89 162 171 228 223 302 52 90 12 179 283 211 116 118 106 201 242 241 99 217 245 251 62 224 259 318 317 130 124 221 267 129 27 232 25 164 128 107 152 72 85 183 157 182 180 281 307 303 190 191 268 44 78 80 39 199 74 203 37 117 263 298 104 304 308 235 198 192 109 313 110 6 222 19 316 67 208 24 294 290 291 225 113 153 30 91 253 279 314 219 123 3 46 150 194 215 35 197 142 163 286 193 16 305 244 254 144 276 108 11 41 17 147 160 42 297 204 287 216 271 189 75 274 240 175 293 96 264 289 87 102 20 288 178 126 83 32 139 229 300 205 284 155 15 31 231 227 202 79 173 234 315 165 143 2 262 252 68 111 135 55 169 257 200 214 249 112 301 18 146 122 5 76 65 166 64 158 103 132 93 154 243 51 61 8 56 137 23 38 57 285 185 95 70 206 77 94 88 66 119 312 7 138 34 73 207 238 10 299 82 63 246 256 136 : 5192.56
1 3 
1 224 17 4 125 53 136 8 12 268 304 234 132 34 210 299 177 193 96 50 49 79 245 307 36 103 176 22 18 113 69 189 190 131 246 222 286 273 143 240 108 91 312 291 183 47 66 237 232 219 318 38 305 218 293 119 42 211 212 269 267 223 126 201 56 170 256 216 214 10 147 39 159 265 217 280 206 296 173 111 153 83 274 60 310 194 253 197 128 284 289 301 186 171 316 27 278 231 252 142 82 135 209 227 275 87 166 233 40 92 169 28 244 67 58 285 257 185 254 151 100 156 15 137 161 272 200 175 133 32 68 124 37 207 31 182 196 250 279 277 13 7 164 260 192 141 241 19 150 203 221 35 162 117 93 65 16 130 228 259 120 226 98 266 262 109 243 158 122 90 199 179 81 23 30 33 292 264 313 235 225 139 43 288 204 281 306 61 51 163 258 75 249 148 300 287 261 118 3 195 172 276 57 271 86 184 97 72 123 174 155 308 229 121 116 112 188 294 89 54 317 26 6 107 167 73 138 149 298 198 88 59 248 25 77 129 165 239 78 62 290 152 220 105 213 114 115 14 202 71 180 297 283 178 236 160 295 76 168 52 44 309 311 205 242 251 46 85 70 191 29 314 146 74 95 2 9 80 24 102 303 144 45 101 99 55 315 282 157 41 263 94 21 215 110 247 154 145 255 187 127 208 104 106 5 270 140 230 302 238 11 181 48 84 134 63 64 20 : 5181.4
2 0 
1 104 260 81 185 157 212 209 51 226 221 135 262 285 224 295 95 197 54 163 153 62 143 146 96 165 192 247 6 280 302 207 158 116 2 75 208 59 52 172 72 245 219 236 156 201 103 191 214 218 94 313 136 248 215 244 254 227 258 129 205 42 231 88 11 271 12 179 270 318 125 242 240 26 137 38 293 79 183 237 235 131 304 243 239 170 309 292 311 152 13 217 315 284 91 89 134 19 140 178 171 39 195 22 31 82 204 255 36 71 316 30 102 177 60 73 274 56 8 144 275 203 4 142 282 28 121 272 206 18 83 167 169 200 184 276 303 306 44 234 93 14 23 29 145 246 281 123 114 296 278 233 166 126 122 20 283 3 10 264 216 232 257 175 87 76 198 90 64 24 127 16 25 35 228 162 159 189 155 256 55 317 80 117 46 48 223 33 291 21 147 188 109 68 84 310 164 225 118 196 101 259 168 301 287 173 288 107 65 194 312 7 34 66 182 277 193 211 268 111 132 222 77 47 150 261 186 149 43 229 263 70 100 190 238 45 92 297 299 286 267 138 74 61 106 58 148 181 119 139 108 67 298 161 53 130 124 187 307 210 249 290 85 250 269 105 220 241 230 213 289 32 128 57 41 9 133 99 252 294 40 112 5 154 69 266 15 37 279 180 160 110 50 86 202 314 199 300 273 63 174 251 120 98 78 27 151 113 265 17 305 176 253 308 141 115 49 97 : 5250.42
2 1 
1 200 164 201 21 221 234 35 110 219 263 87 101 295 31 310 213 153 181 292 254 107 11 308 4 102 235 266 44 316 247 205 286 64 56 57 170 178 40 298 5 149 309 171 206 74 3 278 236 158 279 60 93 14 179 290 288 157 174 120 50 314 8 216 95 22 82 13 161 151 85 89 59 27 68 23 260 289 189 291 12 98 29 24 306 253 139 267 238 230 137 43 55 229 193 262 215 241 162 138 132 274 10 67 287 79 195 209 197 271 38 26 7 53 135 111 51 20 109 211 224 126 204 28 19 66 130 144 192 167 71 150 251 304 281 88 203 155 227 166 134 112 218 210 311 220 212 214 191 84 282 78 223 245 249 225 36 293 307 202 280 91 54 276 180 252 39 182 97 92 124 105 145 312 114 136 121 152 94 61 49 185 83 272 243 198 70 47 25 317 264 265 231 244 190 299 257 148 69 77 33 233 270 268 277 305 129 258 177 113 17 80 127 117 32 2 196 273 296 99 163 294 300 128 302 237 285 81 184 173 199 159 65 37 142 165 313 242 108 222 239 187 73 160 154 256 248 125 175 269 226 194 250 141 16 240 261 146 45 255 100 15 228 131 303 72 186 176 58 217 90 42 76 52 318 246 119 275 283 259 147 106 140 118 301 169 315 123 30 34 188 143 103 41 207 122 104 172 62 86 96 232 6 48 46 133 284 63 115 297 75 18 156 168 208 183 9 116 : 5289.81
2 2 
1 277 158 297 100 206 86 172 266 48 283 247 294 272 37 31 40 80 168 269 75 157 152 159 219 4 11 63 165 228 217 316 76 194 186 112 30 195 94 304 202 169 295 45 69 257 113 23 216 221 54 125 180 153 199 296 185 138 107 7 229 248 19 209 2 145 212 271 231 213 264 197 92 144 74 205 215 178 136 265 301 8 49 164 191 9 96 252 204 46 146 238 192 53 14 170 20 251 105 97 25 52 59 227 306 184 36 12 6 200 208 33 73 110 17 41 27 127 129 60 276 117 260 314 289 310 88 78 261 214 246 42 3 124 79 278 292 225 291 111 201 141 305 22 119 263 118 28 241 134 161 287 106 133 18 235 72 64 182 313 249 300 290 275 298 181 26 243 103 21 58 68 174 315 254 39 71 121 285 222 280 55 24 29 128 255 98 223 242 234 262 142 218 270 233 237 66 281 47 35 104 102 239 143 302 77 65 163 114 126 70 232 109 123 189 85 210 193 82 51 81 207 187 226 56 91 95 311 258 250 293 166 15 62 67 308 149 93 175 188 240 130 268 220 224 282 299 50 43 131 137 203 190 44 89 286 230 148 256 312 179 196 317 13 132 116 87 151 253 211 10 5 90 38 16 245 284 32 147 101 57 198 162 307 318 273 274 139 135 99 84 173 34 177 156 160 183 122 303 61 288 83 171 279 154 167 267 115 108 259 140 236 244 120 309 150 155 176 : 5183.95
2 3 
1 44 204 190 23 64 188 63 208 55 176 73 7 48 234 218 45 71 137 26 83 49 213 106 138 259 79 78 146 2 212 194 129 139 60 6 185 215 257 266 287 298 214 98 52 311 130 235 268 148 286 30 27 88 75 288 102 34 177 199 175 245 94 262 256 76 85 300 230 80 173 221 179 141 207 35 110 163 296 186 21 9 3 37 297 269 40 295 184 43 121 243 124 162 158 203 195 276 299 165 294 278 74 201 210 145 284 307 292 316 174 251 117 239 273 167 84 90 157 168 192 318 226 154 111 103 280 272 202 89 101 92 69 196 46 315 265 50 134 122 193 246 108 209 8 13 135 38 116 123 132 205 306 271 263 161 277 77 18 65 191 41 72 254 126 310 291 309 274 16 54 25 301 189 229 14 170 149 12 227 248 225 159 313 261 136 113 151 267 216 107 250 200 28 61 86 183 57 17 99 82 303 47 270 232 285 244 238 160 169 252 20 87 283 240 128 133 181 305 105 10 127 143 112 237 264 153 91 156 197 114 290 282 164 62 33 118 178 180 31 120 150 70 171 223 275 29 312 36 39 119 281 182 241 58 4 15 255 109 142 172 22 247 96 95 219 206 279 56 93 67 19 233 289 59 100 228 314 131 66 140 198 68 24 258 236 211 224 11 32 249 253 125 242 231 222 147 187 81 104 51 317 115 302 293 5 217 260 220 97 155 304 308 144 152 166 42 53 : 5124.37
3 0 
1 172 93 77 132 115 209 160 9 247 275 162 60 66 48 313 126 78 233 314 244 124 226 198 208 318 15 41 30 218 262 306 238 50 28 277 291 280 284 53 210 58 159 25 54 298 84 8 5 270 303 285 36 223 129 32 164 22 206 135 105 263 272 169 184 91 300 267 256 71 201 165 57 29 7 46 128 175 308 2 83 144 76 254 281 217 258 242 152 193 12 11 141 264 222 219 236 257 51 118 273 309 220 161 310 199 72 81 74 153 221 183 279 283 271 276 305 203 191 185 239 174 268 110 20 286 241 138 215 231 212 190 227 290 211 139 114 137 52 101 216 234 250 312 204 4 297 293 311 251 119 195 112 182 117 150 260 107 111 259 232 108 69 39 173 181 99 261 214 177 149 158 205 192 266 157 187 237 148 14 49 142 33 188 40 16 301 307 252 127 197 269 100 131 13 282 120 170 292 289 102 265 147 299 180 67 21 235 302 27 95 225 155 45 249 6 62 61 240 116 316 146 294 248 317 3 143 26 43 75 35 65 80 56 274 154 122 98 31 200 34 287 213 245 278 186 17 202 94 130 296 295 304 103 166 253 44 10 85 167 123 288 228 243 125 89 151 38 73 23 145 176 133 179 156 196 136 18 42 63 68 47 168 194 59 19 64 140 109 224 55 207 97 70 104 113 87 96 88 86 24 106 79 315 171 189 246 230 163 134 90 92 121 82 178 255 229 37 : 5227.6
3 1 
1 243 126 130 39 105 187 188 148 295 72 311 230 125 226 168 176 208 31 253 138 122 263 118 219 142 11 77 157 104 172 98 59 97 271 274 44 301 196 210 12 167 85 84 22 173 92 83 73 285 258 232 20 218 2 266 192 28 199 223 132 124 317 115 62 171 159 16 182 191 14 15 248 143 264 123 81 120 112 106 201 305 5 96 281 261 269 236 314 265 40 190 52 147 216 254 256 307 270 181 46 108 169 160 300 144 133 146 318 141 4 13 103 82 204 129 165 282 8 312 69 6 18 48 289 135 139 158 284 78 310 237 57 30 21 27 99 185 259 247 239 136 151 246 303 180 268 234 233 149 80 76 294 242 214 23 93 153 111 117 24 292 53 56 245 267 145 66 286 287 163 215 79 225 71 100 302 277 280 316 37 161 164 51 63 152 55 203 175 47 227 211 304 212 95 68 178 186 128 41 107 116 34 220 174 296 276 272 86 170 235 222 193 255 109 288 293 228 306 275 90 162 65 198 33 70 229 240 101 279 206 231 140 217 205 119 45 134 309 166 10 61 150 313 224 87 262 238 127 121 102 137 113 19 273 315 290 283 194 249 298 91 177 252 260 179 184 183 195 89 197 36 241 67 60 202 88 155 38 308 43 26 244 64 257 297 94 291 207 3 42 189 35 75 32 29 209 17 58 213 221 156 200 110 251 278 114 154 54 131 9 299 50 74 250 7 49 25 : 5234.92
3 2 
1 101 78 87 250 63 148 125 245 290 73 47 225 172 171 120 274 177 193 127 76 48 128 126 19 239 315 77 33 113 238 227 298 149 85 159 44 34 4 121 124 170 88 201 318 200 305 31 68 242 261 222 229 218 117 23 294 303 118 53 60 231 132 116 13 75 178 276 283 215 197 27 296 169 138 30 275 216 252 219 32 210 185 189 16 181 246 146 71 39 11 22 163 183 92 240 262 308 66 2 5 112 136 186 24 10 3 17 14 166 84 43 311 299 165 214 253 233 251 236 282 56 80 206 224 95 29 152 86 306 300 61 209 123 266 232 64 108 313 38 18 168 256 263 267 258 46 164 237 312 174 310 106 273 142 35 147 139 26 297 91 196 110 137 134 20 111 70 94 198 280 98 82 49 145 188 286 289 107 264 204 156 59 207 55 281 192 119 295 301 9 83 6 277 114 131 202 93 302 15 58 45 7 158 105 28 96 155 291 175 208 269 99 182 293 102 230 259 228 187 62 8 271 243 244 223 249 265 37 72 122 287 220 109 140 162 179 157 234 173 167 176 248 133 160 57 130 115 81 307 254 144 285 247 79 241 151 211 41 194 316 129 65 52 260 141 309 279 100 203 21 213 161 97 143 54 42 284 221 25 317 12 103 191 257 154 199 67 212 268 180 205 226 51 255 150 288 217 235 270 314 74 40 195 135 69 104 89 304 153 292 272 278 50 90 184 190 36 : 5200.71
3 3 
1 175 188 184 199 201 52 61 164 309 294 157 84 66 32 50 74 266 161 48 27 118 250 301 85 97 80 53 191 28 3 209 297 308 271 249 194 298 263 152 303 138 145 19 183 182 169 259 92 36 21 242 243 230 39 190 185 64 193 7 139 63 86 187 131 314 112 25 111 197 210 20 137 160 276 315 246 258 233 171 288 306 78 174 95 62 30 49 150 221 213 231 173 128 57 135 204 305 299 279 289 245 239 236 304 107 141 142 269 83 218 9 24 125 73 72 237 211 102 16 281 257 275 253 98 162 216 286 115 186 77 165 200 81 42 181 206 316 94 51 232 215 198 47 110 262 260 214 252 159 317 45 65 311 156 265 254 247 93 70 59 121 35 54 41 106 312 291 240 119 44 172 202 274 177 82 26 166 158 11 133 284 318 12 273 234 144 189 18 124 127 255 17 203 241 168 225 295 114 76 287 58 292 176 307 2 228 300 105 122 310 14 270 219 91 33 103 226 23 68 280 38 15 69 143 256 129 282 296 22 43 31 89 88 205 267 179 40 153 151 113 120 222 37 8 235 223 313 123 268 155 217 224 146 278 180 244 293 238 212 149 90 71 4 55 99 60 130 261 283 132 126 195 290 136 196 285 229 178 264 46 207 116 167 109 208 5 96 277 192 29 140 154 117 302 108 272 79 56 104 163 34 134 227 248 67 75 148 13 220 147 170 87 6 251 101 100 10 : 5113.79
4 0 
1 278 173 74 171 170 280 284 313 63 153 93 75 77 56 29 200 252 289 309 18 25 258 237 259 109 183 131 233 151 16 192 148 147 223 142 251 212 248 149 87 196 50 164 297 271 198 288 218 282 261 214 290 58 86 13 32 41 184 117 229 166 162 242 34 116 190 178 295 302 59 207 216 152 138 139 232 231 146 23 35 5 246 167 306 19 103 287 70 71 49 123 22 67 69 114 169 174 85 133 239 187 301 191 265 17 185 260 314 249 128 217 6 188 154 161 240 120 221 31 52 82 51 181 155 277 172 80 97 286 81 202 53 76 83 104 228 220 112 150 159 94 135 39 121 45 129 256 55 268 38 89 235 262 73 47 28 156 26 4 186 266 115 300 132 11 20 54 2 141 179 158 193 230 303 27 72 100 204 310 48 43 105 15 247 143 253 21 91 33 182 168 316 9 317 298 276 294 210 285 305 219 273 130 165 163 144 24 57 92 175 194 274 126 79 145 65 312 78 241 255 270 234 211 244 30 205 203 177 88 99 68 46 245 14 157 42 95 318 250 215 299 134 61 213 110 62 37 275 136 122 8 125 315 264 107 124 113 84 64 283 296 176 98 90 311 279 226 36 10 201 227 160 195 197 101 180 225 119 269 243 209 3 281 127 208 106 238 137 222 224 293 267 307 291 308 108 189 66 102 272 304 118 254 257 199 140 12 292 60 40 96 111 206 44 263 236 7 : 4928.98
4 1 
1 131 121 134 262 48 204 68 44 158 57 190 241 264 313 220 122 69 173 284 137 224 230 148 258 2 182 314 233 87 12 104 124 130 19 129 90 162 315 161 149 197 216 13 261 47 208 133 11 28 94 277 256 282 66 80 102 18 91 106 101 55 307 72 295 92 210 156 292 15 27 248 270 257 21 221 117 126 194 236 228 151 141 70 42 14 308 183 189 184 40 290 278 285 22 100 50 144 252 63 165 175 164 113 299 58 82 96 205 108 71 31 98 34 128 215 227 163 170 53 16 26 245 312 273 286 62 310 88 263 200 202 105 281 4 199 271 153 139 272 237 240 219 232 97 37 266 268 110 318 231 172 39 297 305 33 187 203 99 167 166 32 29 3 179 298 303 177 207 196 95 304 279 267 125 289 132 118 316 174 75 160 145 171 45 123 211 246 115 150 234 214 225 30 157 181 89 61 209 168 191 155 74 85 135 198 195 142 249 60 56 213 274 239 255 43 275 259 218 8 93 152 112 217 35 226 291 169 250 276 5 140 251 287 120 293 288 238 111 138 77 51 10 64 84 201 73 317 143 294 296 302 311 116 229 24 78 7 180 253 79 81 159 9 243 119 6 193 309 46 103 23 41 54 114 244 83 176 260 247 235 192 188 280 254 25 146 52 147 49 65 127 17 301 206 136 222 212 36 67 185 76 86 59 107 154 186 242 38 269 223 109 20 178 300 306 265 283 : 5081.31
4 2 
1 200 253 208 31 72 149 125 189 192 275 206 114 99 27 17 130 7 234 5 278 295 226 151 163 142 141 209 248 252 274 307 106 40 197 124 109 227 317 314 240 247 203 20 103 162 296 269 15 90 86 183 225 271 100 23 111 138 129 311 309 188 83 49 201 51 238 306 32 84 164 255 273 235 233 30 46 256 160 74 144 117 279 230 169 154 283 135 260 239 6 146 12 69 118 293 218 245 78 68 294 263 219 170 257 13 56 2 177 301 318 184 53 121 96 16 161 120 119 265 28 291 82 127 195 185 172 67 298 258 42 54 179 93 4 29 182 66 153 190 187 191 250 166 223 171 150 105 236 48 210 123 113 131 75 280 145 115 134 112 107 65 281 287 178 91 196 282 97 159 156 24 122 268 205 310 308 148 10 232 158 220 186 11 21 312 300 259 44 199 79 70 52 136 224 299 251 262 221 284 139 18 167 270 168 85 94 193 277 316 198 174 246 101 39 47 55 57 243 76 116 59 126 132 14 60 180 110 229 175 35 98 267 289 152 215 45 9 22 37 108 176 242 213 88 63 104 204 33 87 3 89 102 194 244 214 249 222 231 157 26 19 313 36 207 165 133 50 8 58 25 81 77 276 272 181 261 216 315 43 285 288 292 286 217 266 303 143 71 254 228 61 155 80 73 173 92 302 297 305 290 34 41 38 147 140 211 62 64 202 304 237 212 137 95 264 128 241 : 5124.57
4 3 
1 3 92 100 200 156 195 122 44 264 255 179 74 82 89 97 32 286 234 295 267 276 294 50 117 126 192 134 176 157 185 79 91 2 6 111 4 21 270 280 304 239 123 128 189 311 261 12 63 103 104 188 14 112 269 199 147 274 251 254 290 55 68 205 300 204 78 257 283 289 302 260 29 98 241 197 88 80 39 318 266 48 24 25 31 116 214 213 232 299 306 151 282 313 84 307 138 145 308 247 20 137 163 120 272 77 69 201 110 142 238 90 182 94 99 96 7 139 215 275 209 298 250 113 231 263 141 132 129 13 53 230 22 76 206 202 278 309 314 216 226 148 171 115 233 93 281 207 87 198 150 8 242 125 35 18 58 119 164 224 26 72 177 203 244 271 166 40 149 273 227 220 317 11 190 121 17 54 268 61 152 36 301 169 30 67 60 175 310 19 217 297 305 187 285 186 71 15 136 221 183 154 218 38 160 262 34 66 178 140 315 259 159 312 211 27 173 153 165 45 146 245 249 10 291 172 184 144 85 95 41 37 162 23 167 51 127 219 83 208 70 174 124 265 253 109 287 106 240 256 248 158 222 225 236 258 180 316 81 86 293 181 229 135 296 292 170 133 16 62 284 277 75 252 279 73 161 47 49 56 246 243 102 143 5 114 228 131 43 193 303 107 28 223 118 235 168 130 212 210 57 155 64 52 101 105 237 108 59 191 65 194 9 46 42 196 288 33 : 4931.13
5 0 
1 7 43 68 49 83 146 190 307 245 236 179 74 36 105 80 11 138 54 100 188 114 119 34 104 201 63 12 161 167 282 56 257 315 196 94 311 318 303 300 270 203 177 230 96 93 97 241 175 122 87 135 128 55 120 291 156 129 158 274 131 191 79 69 200 288 176 302 103 180 48 242 186 23 262 147 212 162 59 133 292 98 113 132 223 112 21 237 221 117 8 126 294 159 293 240 101 45 31 278 17 38 91 40 57 157 127 37 58 250 183 272 310 110 44 130 141 226 6 260 109 247 287 213 267 309 308 225 95 228 27 220 154 22 78 168 299 301 155 72 71 2 85 15 216 224 298 192 182 143 275 290 249 14 211 89 148 3 289 214 35 229 243 144 62 32 20 39 233 24 317 28 232 255 264 25 137 297 217 111 108 151 238 16 82 90 312 258 145 170 256 251 266 222 277 67 184 142 234 295 284 276 121 26 123 174 134 5 53 163 252 210 286 285 208 197 202 204 73 194 195 304 84 66 60 198 106 149 46 50 102 29 166 77 18 254 296 316 86 125 171 305 280 42 81 65 99 92 261 4 33 281 265 9 75 279 164 306 70 116 13 160 107 199 239 52 269 136 30 253 169 181 118 205 64 76 88 165 259 219 172 139 209 185 246 152 314 235 271 19 206 150 124 313 41 47 193 178 215 244 115 51 153 187 61 173 140 231 218 268 10 248 207 189 227 263 273 283 : 5088.07
5 1 
1 210 220 8 315 253 230 279 291 274 200 149 189 265 44 286 259 65 22 317 116 133 43 154 256 289 304 102 55 203 312 219 187 292 58 196 11 296 212 40 56 282 113 228 226 24 69 162 229 66 214 222 141 85 297 206 83 37 107 36 30 239 272 145 6 71 86 132 111 23 240 35 188 88 307 101 68 271 183 147 91 76 95 195 318 314 198 290 121 54 172 153 163 268 215 70 34 60 232 72 177 15 82 308 194 87 63 181 128 29 245 275 93 104 278 52 280 249 192 158 270 248 246 38 13 31 160 51 186 208 236 96 148 161 41 155 288 49 191 127 277 255 202 302 216 227 14 313 143 225 135 92 45 124 257 166 179 173 264 241 217 211 21 62 16 299 273 174 109 175 27 254 144 4 157 122 33 98 205 303 300 19 197 199 84 18 25 105 309 283 169 224 260 75 301 204 106 9 250 26 64 130 61 39 103 137 42 190 79 159 90 74 7 142 168 252 118 233 247 59 126 80 305 176 164 73 209 114 310 178 28 120 218 146 221 213 293 125 231 242 150 10 295 112 207 276 262 50 156 123 129 235 134 115 46 2 152 234 136 269 263 151 298 89 131 110 284 244 165 311 287 47 266 100 81 48 201 267 258 180 57 32 108 3 5 12 77 99 139 20 294 78 316 97 285 281 251 306 119 243 167 193 237 261 223 94 17 67 140 170 185 238 53 171 117 138 182 184 : 5263.01
5 2 
1 109 48 23 236 216 136 153 131 168 3 207 163 10 253 259 296 192 255 280 256 141 116 104 268 157 191 189 240 248 317 5 103 98 76 221 261 212 20 147 185 229 85 211 36 60 174 291 160 228 57 125 202 71 262 111 149 120 107 311 282 70 84 302 307 310 87 197 44 80 83 135 69 143 158 210 73 58 32 24 68 89 272 162 164 203 269 106 127 31 245 244 39 225 126 28 78 14 178 140 38 102 43 303 222 187 99 297 294 159 145 45 37 195 315 318 97 77 82 15 52 112 287 92 205 267 130 34 175 148 55 17 214 137 171 224 254 105 33 309 284 199 53 283 266 200 166 63 49 22 6 177 241 113 56 300 234 201 128 313 312 277 64 167 88 72 18 65 279 314 204 118 264 75 251 170 61 246 218 270 238 94 194 155 196 161 12 263 115 27 247 193 258 132 133 146 25 165 81 231 285 237 298 16 227 7 40 41 139 122 176 257 154 124 54 79 86 290 226 151 26 51 182 183 265 278 67 74 4 21 2 184 295 123 275 90 96 62 217 144 95 220 150 206 301 293 66 209 215 219 11 9 152 100 276 308 91 42 30 114 190 186 198 305 249 274 242 142 292 289 239 179 180 108 243 50 119 304 172 281 288 29 273 59 208 223 232 134 235 188 13 233 117 129 35 19 252 230 299 316 138 250 156 173 213 46 8 271 306 93 110 260 121 181 286 169 101 47 : 5301.44
5 3 
1 146 124 303 8 207 107 120 187 278 192 315 113 165 305 157 125 189 269 289 185 205 280 66 99 71 9 84 217 221 129 92 17 62 211 23 229 155 277 35 302 156 265 310 105 12 242 19 223 112 245 239 213 170 240 246 314 121 83 316 43 56 2 63 106 46 102 281 261 274 184 60 52 54 178 176 161 10 74 58 50 45 288 182 53 219 96 190 200 247 67 201 212 230 237 254 167 136 14 300 286 282 79 82 154 271 34 309 317 158 290 256 249 220 41 77 275 149 267 255 160 210 296 264 276 126 257 244 292 166 196 33 297 263 80 116 133 233 119 199 138 93 103 29 236 117 243 88 164 150 40 91 128 130 39 122 298 273 179 272 251 153 311 262 259 145 48 30 209 144 110 266 163 28 25 7 72 173 174 194 26 306 162 147 232 169 44 252 139 270 287 253 241 202 234 197 193 36 301 291 218 95 98 195 186 284 216 18 177 226 118 114 108 134 248 318 171 191 143 307 6 27 15 87 206 188 152 204 312 168 37 59 85 299 31 32 258 294 313 20 69 16 38 159 203 285 238 100 131 215 132 123 73 64 198 141 227 135 81 140 22 250 142 222 148 55 268 175 86 94 89 225 61 76 3 183 109 214 49 308 208 260 279 111 90 13 224 68 78 151 104 42 180 137 304 181 295 24 21 231 293 57 4 97 47 51 5 70 101 127 283 75 172 65 228 235 115 11 : 5163.31
