0 0 
1 2 6 7 10 11 15 103 21 22 29 32 31 30 28 23 20 12 19 24 27 33 36 37 104 40 316 317 49 45 48 50 55 56 59 105 57 54 51 47 44 41 42 43 46 52 53 58 62 63 70 69 74 75 81 80 76 73 64 67 68 71 78 82 83 85 84 72 77 79 86 93 91 92 96 97 101 102 98 99 89 90 88 87 196 197 94 95 100 207 206 202 201 198 203 204 195 194 172 182 184 176 177 173 181 185 183 187 188 191 189 190 178 179 174 186 180 175 210 161 164 153 150 145 154 209 141 142 138 34 35 163 158 167 147 146 119 139 140 143 250 259 255 148 156 149 151 192 301 302 306 307 311 312 205 199 200 193 157 169 155 160 152 38 39 61 60 65 66 168 159 162 166 165 171 281 278 277 282 287 303 289 294 288 170 292 293 295 296 299 300 308 309 310 305 304 298 297 276 275 271 270 318 249 248 245 244 224 223 214 215 219 218 213 222 229 226 227 228 235 236 234 237 243 246 247 252 251 253 256 262 263 268 254 257 261 264 267 315 272 273 280 279 284 285 291 290 286 283 274 269 266 265 260 258 314 144 242 241 240 238 233 230 313 239 232 231 225 118 221 220 217 216 212 211 109 110 114 113 122 121 123 130 131 132 129 124 125 128 133 135 136 137 134 127 126 208 117 108 106 107 111 112 4 5 115 116 120 13 14 26 25 18 16 17 9 8 3 : 570.042
0 1 
1 2 6 7 10 11 15 21 22 29 30 31 32 33 36 104 40 49 316 317 59 105 56 55 50 48 45 51 54 57 58 53 52 46 47 44 41 43 42 39 38 145 154 150 153 155 160 161 164 210 162 159 156 152 149 146 147 148 151 157 158 163 167 168 175 174 179 180 186 178 181 185 190 188 183 184 182 177 169 172 173 176 65 66 187 189 62 206 83 85 82 78 71 68 67 64 72 77 79 84 86 81 89 90 99 98 93 101 97 96 102 92 91 80 76 73 69 75 74 70 61 60 63 88 87 197 196 94 202 100 207 95 201 198 191 203 195 194 204 205 199 193 311 301 277 290 291 284 279 264 254 250 257 276 300 303 200 294 287 192 285 273 272 282 296 310 302 306 307 309 312 308 289 270 305 293 170 269 278 295 288 281 299 275 280 271 297 256 267 268 244 228 240 221 140 139 239 242 238 236 214 251 241 233 227 249 219 216 220 110 217 225 118 119 212 213 230 252 253 304 283 224 243 231 248 247 258 255 143 144 262 261 265 274 315 260 263 286 298 165 166 171 318 292 259 266 314 223 235 245 229 211 113 131 130 123 313 222 226 237 232 246 215 234 218 109 114 117 14 13 120 208 125 128 133 135 127 126 134 136 137 138 141 142 122 121 124 129 132 209 34 35 37 26 25 18 17 16 24 27 28 23 20 103 19 12 112 111 106 107 108 115 116 4 5 9 8 3 : 1034.67
0 2 
1 2 6 7 10 11 15 21 22 29 103 20 23 28 30 31 32 33 27 24 19 18 25 26 37 36 104 45 40 316 317 49 48 50 55 56 59 105 57 54 51 47 44 41 42 43 46 52 53 58 63 62 64 67 68 71 78 82 83 85 84 79 77 72 80 76 73 69 70 74 75 81 86 93 91 92 96 97 101 102 98 99 89 90 88 87 66 65 61 60 164 161 160 155 153 150 154 145 209 149 152 156 159 162 210 167 168 175 174 179 180 186 185 181 178 184 182 177 169 172 173 176 183 187 188 190 189 191 196 197 94 95 100 207 206 202 201 198 194 195 203 204 193 192 295 301 302 199 200 205 312 311 307 306 303 299 300 308 309 310 305 304 298 297 276 275 271 270 318 249 248 244 245 229 239 252 253 254 261 264 257 256 314 263 268 262 251 267 272 273 279 280 285 286 290 284 291 283 296 289 287 282 274 277 278 288 292 293 294 281 170 171 166 165 269 315 266 265 260 258 255 259 163 158 157 151 148 147 146 119 131 124 129 132 142 141 217 110 109 241 228 224 223 215 214 226 230 313 235 227 231 236 237 240 143 144 140 242 232 225 213 222 234 218 212 211 221 216 220 118 139 250 243 233 238 246 247 219 130 122 123 121 114 113 108 117 125 128 133 127 126 208 135 138 134 137 136 34 35 38 39 120 14 13 116 17 16 12 9 8 3 115 5 4 112 111 107 106 : 612.975
0 3 
1 2 6 7 10 11 15 21 22 29 32 31 30 103 20 23 28 33 104 45 40 316 317 49 48 50 55 56 59 105 62 63 70 69 74 75 81 73 76 80 86 84 79 77 72 64 67 68 71 78 82 83 85 91 92 96 97 101 102 93 98 99 89 90 95 94 100 207 206 202 201 197 196 198 203 204 195 194 191 185 181 186 180 179 175 174 178 182 184 189 183 187 188 190 87 88 66 65 176 173 172 177 169 167 168 163 162 159 156 152 158 157 151 148 147 239 232 231 225 221 216 217 211 109 212 110 213 313 238 233 222 230 237 243 247 242 250 255 261 253 252 251 265 266 269 260 264 268 273 272 280 279 284 285 291 290 296 299 300 286 283 274 315 267 263 262 256 257 259 144 258 314 240 246 254 143 140 123 130 142 25 209 146 149 138 136 135 137 134 127 126 208 120 116 132 14 35 34 39 38 145 154 150 153 155 160 161 210 164 60 61 42 43 46 52 53 58 57 54 51 47 44 41 37 36 26 141 18 17 16 19 24 27 13 133 128 125 129 122 114 113 121 131 124 117 119 118 220 218 219 215 214 223 224 244 245 248 249 318 270 271 275 276 297 298 304 305 310 309 308 303 301 302 306 307 311 312 205 200 199 193 192 171 170 277 278 281 288 292 289 294 287 293 295 282 165 166 139 241 236 227 228 235 226 229 234 108 106 107 115 112 111 4 5 9 8 3 12 : 634.994
1 0 
1 2 6 7 10 11 15 21 22 29 32 31 30 103 20 23 28 19 24 27 33 104 45 48 50 55 56 49 40 316 317 59 105 57 54 51 47 44 41 43 46 52 53 58 63 62 64 67 68 71 78 82 83 84 85 91 92 96 97 101 102 93 86 79 77 72 80 76 73 69 70 74 75 81 89 98 99 90 88 87 66 65 61 60 145 154 150 153 155 160 161 164 210 162 159 156 152 149 209 38 39 42 36 37 35 34 137 136 135 134 127 116 106 113 114 212 258 257 261 268 263 252 250 314 246 243 240 227 236 235 237 229 313 231 226 228 234 259 144 143 255 242 241 238 230 222 253 247 254 256 260 165 166 158 163 146 151 147 148 157 168 167 175 174 178 181 185 179 180 186 194 195 204 203 198 201 202 206 207 100 95 94 197 196 190 188 187 183 176 173 172 189 191 184 182 177 169 293 294 287 282 289 296 295 292 288 281 278 286 283 279 280 284 285 291 290 274 272 269 266 265 251 262 267 264 273 277 170 171 193 192 199 200 205 312 311 307 306 302 301 303 299 300 308 309 310 305 248 249 318 270 271 275 276 297 298 304 245 244 224 223 214 215 219 218 213 217 216 220 221 239 225 119 118 232 139 140 315 233 211 141 142 131 130 123 121 117 124 129 133 128 132 122 110 109 108 107 112 14 13 4 5 111 115 120 126 208 138 125 26 25 17 18 16 9 8 3 12 : 666.722
1 1 
1 3 8 9 5 4 106 107 111 112 115 116 13 14 120 208 126 127 134 35 34 137 136 135 133 128 125 117 108 113 114 122 121 123 130 131 124 129 132 138 141 142 144 143 140 139 242 241 240 239 232 231 313 225 119 118 221 220 217 216 110 109 212 211 213 222 230 233 238 218 219 215 214 223 224 244 245 248 249 227 226 228 235 236 229 234 237 243 246 247 252 251 253 256 262 263 268 267 264 261 257 254 314 250 259 255 258 260 265 266 269 165 166 171 170 281 278 277 274 315 272 273 271 270 318 275 276 297 298 304 305 310 309 308 303 299 300 291 285 284 280 279 283 286 290 296 289 287 282 288 292 293 294 295 192 193 199 301 302 306 307 311 312 205 200 204 203 195 194 198 201 202 206 207 100 95 94 197 196 88 87 190 189 188 187 183 176 173 177 182 184 191 185 181 178 186 180 179 174 175 168 163 158 157 151 148 147 146 159 156 152 149 209 145 38 39 154 150 153 155 160 161 164 210 162 167 169 172 65 66 60 61 70 69 74 75 81 93 102 101 97 98 99 90 89 86 77 72 67 68 71 78 82 83 84 85 91 92 96 79 76 80 73 64 63 62 105 59 57 51 45 48 50 46 52 53 58 54 56 47 44 55 43 41 42 37 36 104 40 49 316 317 33 32 31 30 29 22 21 28 23 20 12 19 24 27 16 17 18 25 26 103 15 11 10 7 6 2 : 482.845
1 2 
1 2 6 7 10 11 15 103 21 22 29 32 31 30 28 23 20 12 19 24 27 33 104 40 316 317 49 45 48 50 55 56 59 105 64 67 68 71 78 82 83 84 85 91 92 96 97 101 102 93 98 99 90 89 86 79 77 72 73 76 80 81 75 74 69 70 62 63 66 65 172 173 176 183 187 188 190 87 88 94 95 100 207 206 202 201 197 196 198 203 204 195 194 191 189 184 182 177 181 185 186 180 179 175 174 178 169 167 168 171 170 166 165 269 266 265 260 258 255 259 250 314 254 257 261 264 267 315 272 273 274 277 278 281 292 293 294 282 289 296 295 288 287 299 300 291 284 285 283 286 193 192 302 301 280 279 290 199 200 205 312 311 307 306 303 308 309 297 310 304 305 298 276 318 270 252 251 253 256 262 263 268 271 275 248 245 244 249 224 214 236 247 246 218 230 235 223 228 220 213 227 226 215 234 229 242 139 113 114 110 109 216 211 118 212 123 121 119 238 313 225 231 232 240 143 144 241 222 233 239 221 217 237 219 243 34 35 138 131 130 122 124 129 132 141 142 140 209 39 38 145 146 147 151 157 148 149 152 156 158 163 162 159 210 164 161 160 155 153 150 154 60 61 52 53 58 44 47 51 54 57 46 43 42 41 36 37 26 25 18 17 16 108 117 120 125 208 128 126 133 135 127 134 136 137 13 14 116 111 107 106 4 5 9 8 3 112 115 : 682.279
1 3 
1 2 6 7 10 11 15 21 22 29 32 31 30 103 20 23 28 27 24 19 16 17 18 25 26 37 36 33 104 40 45 48 50 55 49 316 317 59 56 54 51 47 44 41 42 43 46 52 53 58 57 105 62 63 70 69 74 75 81 93 86 80 76 73 64 67 68 71 72 77 79 84 78 82 83 85 91 92 96 97 101 102 98 99 89 90 66 65 176 173 172 177 39 38 35 34 137 136 135 138 141 130 124 117 129 132 209 150 153 155 154 145 13 14 131 121 134 112 127 126 120 208 125 128 133 123 122 114 113 110 211 238 247 220 217 118 216 213 219 215 224 214 245 244 249 246 232 313 233 236 243 254 251 262 212 109 218 279 280 285 291 315 284 290 274 267 231 273 283 286 281 278 287 289 293 292 288 294 295 256 255 252 253 314 237 226 235 227 119 221 225 140 139 241 242 240 234 239 61 60 164 210 167 168 169 178 184 182 189 188 187 183 190 87 88 94 95 100 207 206 202 201 197 196 198 203 204 195 194 191 185 181 186 180 179 174 175 193 192 199 200 205 312 311 307 306 302 301 303 299 300 308 309 310 305 304 298 297 276 275 271 270 318 248 263 268 272 260 259 142 143 165 265 261 257 266 282 296 277 170 171 166 269 264 258 250 223 228 229 222 230 144 163 158 157 151 148 147 146 149 152 156 159 162 160 161 108 106 107 111 115 116 4 5 9 8 3 12 : 770.627
2 0 
1 2 6 7 10 11 15 21 22 29 103 20 23 28 212 279 300 309 288 94 172 282 291 63 80 305 247 246 281 14 136 171 231 280 62 45 31 32 40 84 92 90 181 195 201 233 179 52 30 33 13 275 271 290 156 268 115 239 123 265 147 295 162 187 60 78 91 59 153 54 173 88 163 139 8 108 117 131 250 114 116 160 240 222 199 307 205 95 311 224 144 18 138 203 82 263 106 256 158 193 34 258 109 270 64 303 119 155 35 96 286 310 315 266 141 135 51 49 68 83 71 316 48 67 186 223 208 197 159 272 72 277 5 111 112 206 190 218 213 298 127 39 98 100 93 267 107 202 253 16 9 236 175 211 97 133 244 293 284 276 296 297 257 227 121 50 86 74 66 194 283 192 166 149 126 312 229 238 204 101 75 168 122 118 132 314 242 308 216 220 130 241 294 89 76 46 245 99 69 184 47 44 41 37 150 260 170 215 110 301 225 4 25 125 129 3 12 19 26 137 200 221 151 154 243 146 134 196 104 207 176 317 85 65 55 61 177 143 254 217 148 191 237 140 182 73 152 145 302 43 70 167 120 262 304 38 269 259 248 278 318 274 81 56 105 252 287 313 228 142 235 17 232 210 124 261 273 214 113 209 27 57 161 299 178 264 169 36 42 24 79 53 198 164 230 183 77 289 165 219 128 306 157 285 58 174 188 102 251 189 249 292 255 185 180 226 87 234 : 4344.14
2 1 
1 126 219 173 272 199 150 138 39 88 190 207 240 255 213 4 18 290 307 233 262 239 280 282 115 130 245 313 144 237 314 153 61 38 135 212 221 183 257 258 296 252 214 274 202 157 306 77 59 72 286 165 111 215 303 66 195 287 178 191 273 269 254 127 226 168 71 45 105 76 27 17 23 109 256 268 250 184 291 243 227 113 196 210 225 309 308 175 41 87 10 224 21 121 139 90 181 110 133 244 19 171 56 58 246 277 160 301 169 54 315 259 189 300 51 31 235 118 201 47 123 9 86 64 136 156 253 276 283 295 81 114 134 57 93 68 97 125 305 298 242 6 209 29 216 271 223 263 43 198 142 7 83 187 270 82 49 304 65 218 211 316 96 13 200 279 129 158 16 12 143 161 229 104 32 107 25 297 155 106 33 70 188 230 15 73 159 146 186 197 179 99 36 194 278 5 154 79 289 148 293 20 22 192 60 117 172 241 318 145 2 8 24 238 167 151 74 162 208 204 44 52 182 294 251 119 140 261 267 174 206 85 50 193 312 236 232 248 260 265 264 78 299 288 310 103 222 234 247 266 284 80 132 37 205 11 100 292 131 122 89 40 163 120 98 3 63 108 75 84 62 164 124 67 69 152 35 141 128 231 34 48 180 26 53 149 55 30 42 112 46 302 275 217 14 228 137 91 311 170 166 95 94 249 285 116 102 176 28 185 281 101 92 317 177 220 147 203 : 4980.85
2 2 
1 2 6 7 10 11 15 103 21 22 29 32 31 30 28 23 20 19 24 27 101 64 98 54 96 95 89 68 316 41 86 97 46 51 294 70 59 76 62 57 52 173 269 268 296 312 292 277 289 152 250 304 197 58 280 178 161 267 157 301 195 183 318 239 208 130 147 119 259 136 223 230 192 206 303 252 305 100 169 184 200 285 260 281 248 203 36 196 40 49 84 56 85 75 180 87 61 63 83 226 300 276 207 257 287 149 159 114 247 176 286 204 311 272 275 244 314 273 94 77 156 224 242 135 217 302 205 79 109 212 245 189 274 188 67 201 209 92 55 45 181 237 106 202 102 191 34 138 251 167 162 283 308 254 232 115 4 219 246 266 222 227 125 132 35 14 297 235 241 128 253 134 240 144 158 74 299 111 261 218 146 282 123 165 137 298 262 140 110 255 185 198 170 309 284 216 127 139 215 228 43 33 48 93 187 278 150 39 104 44 47 80 99 225 231 122 121 313 236 118 177 291 78 82 69 317 72 90 306 271 174 164 143 182 279 171 270 229 234 133 126 37 124 193 142 60 168 213 141 249 186 13 194 108 112 220 81 53 71 175 172 66 91 105 214 73 153 221 293 131 258 233 210 179 88 166 163 199 113 8 9 5 145 151 148 160 295 315 238 120 117 256 38 155 42 65 307 154 264 211 129 288 50 265 116 310 263 243 290 190 107 17 18 26 25 16 12 3 : 3887.63
2 3 
1 2 6 7 10 11 15 103 21 22 29 32 31 30 20 23 28 33 36 37 35 34 38 39 188 190 201 283 294 149 156 185 263 153 159 158 166 270 273 193 307 285 268 261 251 118 124 132 147 199 311 293 249 260 165 254 233 236 224 212 109 290 168 174 195 87 206 88 94 302 314 243 215 246 259 242 297 232 143 225 214 144 139 220 238 219 262 265 179 303 299 170 306 253 310 164 161 160 148 308 312 183 89 56 40 49 55 67 50 48 104 44 47 41 42 43 46 52 53 58 57 54 51 105 45 316 317 59 68 83 100 200 169 277 315 276 258 135 131 209 152 226 300 194 66 189 61 60 154 150 163 167 171 281 266 278 282 255 235 231 223 318 305 284 275 267 180 192 292 271 286 272 247 250 313 213 229 244 239 141 137 136 134 127 126 110 107 111 4 5 14 13 113 129 128 208 228 162 142 145 287 210 176 173 177 184 62 63 69 72 77 74 75 81 196 204 99 97 85 91 101 93 96 79 78 71 64 73 76 80 86 84 70 98 82 92 102 90 197 187 182 172 205 202 274 309 217 123 130 146 291 191 296 288 256 230 241 119 234 218 245 252 175 178 65 198 207 95 186 181 269 155 151 289 298 264 203 295 301 279 157 114 121 237 257 304 280 140 117 133 120 106 221 240 248 122 138 211 222 227 125 216 112 108 115 116 9 8 3 12 19 24 27 17 16 18 25 26 : 2080.76
3 0 
1 132 119 159 310 269 166 60 182 171 231 218 228 188 196 157 66 91 73 53 44 185 175 79 203 190 155 156 265 240 239 134 283 276 136 106 238 111 135 268 214 237 221 17 126 243 165 258 144 26 223 301 317 32 59 101 87 260 286 154 169 259 139 76 253 277 247 24 275 282 158 250 70 249 246 291 58 31 48 100 83 303 142 141 121 199 39 97 294 172 206 242 124 25 201 314 311 193 81 85 64 55 45 52 177 272 300 191 255 122 116 113 162 117 229 248 261 284 285 125 304 235 149 179 120 233 114 216 227 256 174 150 207 95 93 316 278 309 153 305 279 274 267 232 213 262 173 96 84 71 49 63 176 252 220 170 313 280 204 288 194 195 72 104 20 28 18 37 266 189 289 92 86 74 88 130 299 41 46 89 99 200 151 297 205 307 186 160 68 82 75 42 38 164 244 215 219 109 290 210 211 110 192 108 118 161 270 226 115 13 127 4 5 146 148 147 251 308 315 264 302 98 67 27 19 16 129 212 236 292 35 137 241 230 245 178 133 222 138 263 273 254 209 90 78 80 57 47 62 43 56 50 183 30 103 12 8 14 61 180 143 298 217 198 131 234 40 296 123 312 69 197 3 107 105 287 167 184 168 257 224 128 152 9 112 318 281 208 181 23 271 295 145 51 163 140 187 34 33 36 225 2 6 7 10 11 15 21 22 29 54 102 77 306 94 65 202 293 : 4091.61
3 1 
1 43 44 287 306 107 247 155 303 209 137 25 158 98 32 45 97 82 197 219 168 124 108 38 279 256 236 238 143 301 8 26 144 47 140 115 212 211 39 310 36 73 207 302 133 21 15 160 314 55 122 289 265 312 103 230 17 233 13 34 235 29 33 85 270 132 134 51 117 156 278 304 177 65 60 61 81 11 7 2 313 138 206 201 159 147 195 41 224 315 264 100 203 305 176 255 42 191 69 148 48 111 169 92 250 309 276 280 283 254 253 174 208 281 18 37 166 292 72 70 216 246 274 311 277 141 22 102 64 189 153 298 101 53 87 162 308 192 114 126 118 109 128 182 142 285 198 6 86 50 130 165 10 120 71 67 196 243 83 317 68 232 19 234 77 5 239 49 266 151 175 121 14 199 63 185 95 78 164 27 125 282 193 59 58 93 213 248 202 112 30 183 74 173 180 316 79 3 200 172 240 297 129 145 139 110 105 89 187 249 244 217 167 220 290 181 225 4 90 84 46 23 157 260 263 227 75 223 215 96 76 261 146 150 113 149 62 295 123 131 210 154 188 24 28 57 170 56 161 307 294 116 94 190 291 171 269 104 80 66 16 52 222 152 136 106 259 275 257 88 229 252 251 286 296 237 262 179 163 35 226 91 127 221 178 231 245 267 318 194 204 186 54 293 218 241 299 272 135 242 288 268 228 9 12 214 20 273 300 284 271 99 40 258 184 205 119 31 : 5023.82
3 2 
1 211 251 254 192 126 129 245 244 298 140 272 315 157 168 303 246 296 201 173 96 77 76 105 63 197 57 44 64 141 102 187 306 174 115 139 249 167 217 147 256 294 121 119 287 215 132 36 156 299 47 66 291 176 69 75 14 144 74 21 202 131 316 3 165 134 279 72 60 164 148 34 136 82 109 213 230 30 163 203 240 221 317 61 151 92 278 58 41 169 179 25 16 35 32 116 193 290 190 183 199 5 189 302 207 237 252 231 232 114 281 28 31 50 241 149 242 180 198 71 204 90 293 39 8 280 7 6 11 22 29 177 227 194 45 205 100 27 42 88 277 262 295 218 229 236 310 258 166 161 150 104 52 53 81 89 73 83 68 67 40 103 20 37 51 188 195 276 111 224 260 274 283 225 208 108 243 257 282 312 255 284 247 124 9 91 178 4 56 159 304 143 12 137 292 13 311 239 286 95 78 18 23 2 155 175 70 84 55 288 234 101 62 297 261 130 162 138 145 97 182 235 106 93 160 308 118 196 271 263 209 10 233 275 186 318 265 154 185 98 122 107 120 86 172 250 223 228 309 170 191 216 268 65 49 46 125 110 54 206 112 269 43 214 259 314 273 135 301 226 26 19 142 212 153 15 99 17 267 158 79 127 38 266 305 270 184 133 253 219 285 48 87 59 248 200 113 123 128 289 300 313 152 220 171 80 210 222 24 94 307 181 238 146 117 33 85 264 : 4862.62
3 3 
1 3 12 8 9 5 4 112 111 107 106 108 113 216 211 109 221 246 232 252 193 192 299 312 285 289 257 258 259 214 238 314 267 318 278 302 179 210 147 151 185 74 97 99 81 70 194 315 269 273 215 236 223 248 253 307 298 297 201 95 100 163 150 38 174 282 144 152 310 293 143 245 230 243 280 300 255 292 202 198 190 66 170 191 189 277 308 159 176 164 61 249 123 222 119 168 149 263 303 240 141 239 117 126 127 134 137 135 136 167 279 146 283 175 180 169 286 254 284 309 165 305 306 294 177 94 96 89 93 101 102 87 197 187 160 268 266 234 212 220 228 256 213 247 219 281 199 291 241 122 313 217 226 242 132 128 209 251 158 157 262 274 195 204 60 155 34 35 39 156 264 182 173 200 227 142 139 140 148 145 154 172 65 206 296 171 161 162 153 237 272 276 288 178 75 90 98 86 79 77 72 80 76 73 64 67 68 71 78 82 83 84 85 91 92 69 63 62 105 186 183 188 207 88 203 311 184 295 235 196 181 261 233 270 301 166 118 225 271 265 205 304 224 290 260 287 275 244 231 114 110 218 131 229 250 130 129 133 121 124 138 125 208 120 116 115 13 14 37 42 41 43 46 52 53 58 57 54 51 47 44 316 317 49 59 56 55 50 48 40 45 104 36 33 18 25 26 24 27 17 16 19 28 23 20 103 30 31 32 29 22 21 15 11 10 7 6 2 : 2149.09
4 0 
1 2 6 7 10 11 15 21 22 29 32 31 30 28 23 20 103 12 19 24 27 33 36 42 41 43 46 52 53 58 57 54 51 47 44 104 45 40 316 317 49 48 50 55 56 59 105 62 63 70 69 74 75 81 80 76 73 64 67 68 71 78 82 83 85 84 72 77 79 86 93 91 92 96 97 101 102 98 99 89 90 95 94 100 207 206 202 201 197 196 198 203 204 194 195 193 192 199 200 205 312 311 307 306 302 301 303 308 309 310 305 304 298 297 276 275 271 270 318 249 248 245 244 224 223 214 215 219 218 227 226 228 235 236 247 246 237 234 229 222 213 211 212 109 110 216 217 220 221 225 313 231 232 139 239 241 240 233 230 238 243 140 242 119 118 113 108 5 107 13 14 4 106 111 112 115 116 133 128 125 208 120 126 127 134 136 137 132 138 209 114 117 121 123 122 131 135 130 124 129 141 144 143 250 314 251 256 257 254 262 267 258 259 264 266 265 255 260 261 253 252 263 268 273 272 280 274 279 285 299 300 291 286 284 283 290 282 277 278 281 288 292 293 295 289 294 287 296 315 269 142 165 166 170 171 175 174 179 180 186 178 181 185 190 87 88 66 65 188 187 189 182 184 177 173 172 176 61 60 34 35 161 169 210 164 183 191 160 155 153 154 149 146 147 148 151 157 158 163 168 167 162 159 156 152 150 145 38 39 37 17 18 25 26 16 9 8 3 : 577.741
4 1 
1 2 6 7 10 11 15 103 21 22 29 32 31 30 20 23 28 33 104 40 316 317 59 49 45 48 50 55 56 105 57 54 51 47 44 58 53 52 46 43 41 42 36 37 35 34 137 136 135 125 128 133 138 132 129 124 121 122 123 130 131 142 141 209 145 38 39 154 150 153 155 160 161 156 152 149 146 147 148 151 157 158 163 159 162 210 164 60 61 63 62 70 69 74 75 81 80 76 73 64 67 68 71 78 82 83 72 77 79 86 84 85 91 92 96 97 101 102 93 98 99 89 90 88 87 94 95 100 207 206 202 201 197 196 198 194 195 203 204 200 205 312 311 307 306 199 193 192 301 302 303 296 289 287 282 294 295 293 292 288 281 278 277 170 171 175 174 179 180 186 178 181 185 191 189 190 188 187 183 66 65 176 173 172 184 182 177 169 167 168 166 165 269 274 283 286 290 279 280 284 285 291 299 300 308 309 310 305 304 298 297 276 275 318 270 271 273 272 315 267 268 263 262 256 253 252 251 254 257 261 264 266 265 260 258 255 259 250 314 246 237 234 229 226 227 228 235 236 247 249 248 245 244 224 223 214 215 219 218 213 216 217 220 221 109 118 119 232 239 241 242 139 140 143 144 231 240 230 238 243 233 222 313 225 211 212 110 114 113 117 208 13 14 9 5 4 106 112 111 107 108 115 116 120 126 127 134 26 25 18 19 27 24 17 16 8 3 12 : 490.399
4 2 
1 3 8 9 17 16 18 25 26 37 35 34 39 38 145 154 148 151 157 163 158 149 150 153 155 160 161 210 162 159 147 146 156 152 209 141 142 135 133 128 125 117 126 127 134 136 137 131 130 123 122 121 124 129 132 138 208 120 14 13 116 115 112 111 5 4 107 106 108 113 114 110 109 119 118 221 220 217 216 215 219 218 213 211 212 214 223 224 244 245 248 249 318 270 271 275 276 297 298 304 305 310 309 308 300 299 296 289 287 282 283 286 290 291 285 284 279 280 273 272 268 263 262 256 253 251 252 247 246 236 235 228 227 226 237 234 229 222 225 231 313 230 233 238 243 240 232 239 241 242 139 140 144 143 259 255 250 314 254 257 261 264 267 258 260 265 266 315 269 165 166 171 170 274 277 278 281 288 292 293 294 295 303 302 306 307 311 312 205 200 199 301 192 193 195 194 204 203 198 201 95 100 207 206 99 164 60 65 74 84 85 92 91 96 97 101 102 83 98 93 94 197 202 196 61 75 81 80 76 73 79 77 72 67 68 71 78 82 86 89 90 88 87 66 169 167 168 175 179 187 188 183 191 185 181 178 180 186 174 184 182 177 173 189 190 172 176 69 70 63 62 64 105 57 54 51 47 50 44 55 56 59 317 316 49 48 45 40 104 58 53 52 46 43 41 42 36 33 32 31 30 29 103 22 28 23 20 27 24 19 12 21 15 11 10 7 6 2 : 580.194
4 3 
1 2 6 7 10 11 15 21 22 29 103 20 23 28 30 31 32 33 27 24 19 12 16 17 18 25 26 36 37 42 46 52 53 58 57 54 51 47 44 43 41 104 40 49 45 48 50 55 56 316 317 59 105 62 63 70 69 74 75 81 80 76 73 64 67 68 71 78 82 83 85 84 72 77 79 86 91 92 96 97 101 102 93 89 90 98 99 95 94 100 207 206 202 201 197 196 198 203 204 195 194 191 184 182 177 172 173 176 183 187 188 189 190 87 88 66 65 61 60 164 161 160 155 153 150 154 145 38 39 35 34 132 129 117 108 212 216 140 139 242 241 240 239 232 231 225 313 230 233 238 243 143 144 250 259 269 165 166 170 171 301 302 306 307 311 312 205 199 200 193 192 295 293 292 288 281 278 277 267 266 265 260 258 255 314 261 254 257 264 273 272 315 268 253 248 249 244 251 263 256 247 246 252 245 227 235 234 226 218 237 228 229 215 223 271 275 276 280 279 284 285 291 290 286 283 274 282 287 289 294 296 299 300 298 297 304 305 310 309 308 303 262 270 318 236 219 213 222 224 214 211 110 217 220 221 118 119 109 113 107 112 120 135 138 133 128 125 131 130 123 122 121 209 149 152 156 159 162 210 169 178 181 185 186 180 179 174 175 168 167 163 158 157 151 148 146 147 142 141 124 116 208 126 127 134 136 137 114 106 111 115 13 4 5 14 9 8 3 : 616.284
5 0 
1 2 6 7 10 11 15 21 22 29 103 20 23 28 30 31 32 33 41 42 46 52 53 182 286 308 145 315 129 13 127 123 134 235 298 216 229 248 261 131 150 132 313 162 295 252 314 147 148 209 213 277 272 187 65 66 198 193 299 243 225 302 184 294 238 263 197 72 75 74 200 160 39 293 141 169 38 149 264 242 274 194 172 153 210 251 280 142 208 211 113 237 255 234 195 218 250 34 173 256 228 266 221 128 157 301 285 278 226 183 163 309 62 89 90 67 91 105 54 57 58 87 86 92 73 79 98 83 85 78 101 191 192 168 282 284 287 202 100 70 81 305 181 220 108 122 254 318 296 311 201 185 312 230 239 222 307 159 156 155 189 306 88 171 215 154 289 253 139 236 224 109 117 114 118 310 265 180 179 204 297 249 232 4 283 130 206 135 233 244 138 136 43 51 47 44 45 48 50 49 40 104 316 317 158 281 291 146 126 262 259 279 175 112 17 16 120 111 18 8 116 223 178 288 290 95 267 188 304 167 84 80 76 59 77 227 174 217 143 64 292 276 205 199 176 300 271 219 161 35 247 270 140 245 124 25 26 27 24 19 107 115 125 275 61 151 269 260 137 133 177 99 97 102 96 82 68 71 60 93 55 94 56 121 144 196 110 63 166 303 190 165 36 37 5 241 258 186 164 207 257 268 152 212 231 119 9 246 69 273 203 106 14 170 214 240 3 12 : 3498.24
5 1 
1 103 28 104 30 33 98 71 139 223 225 277 260 188 216 270 110 308 70 175 213 168 143 166 235 113 120 210 40 86 75 312 289 202 255 140 283 275 250 26 25 310 132 208 268 314 201 174 278 193 299 195 66 141 29 23 221 215 243 228 14 198 83 42 12 209 27 22 4 146 237 214 285 63 7 233 309 54 130 183 203 301 60 10 48 142 55 64 89 96 15 316 116 31 236 62 238 145 78 95 318 306 138 67 165 109 266 65 73 32 239 222 200 279 91 186 311 164 19 117 258 224 151 61 2 34 276 127 114 287 190 298 135 122 182 124 133 251 297 218 197 82 18 69 128 3 185 307 84 291 282 44 9 180 115 271 242 241 293 199 295 259 99 125 77 21 45 39 229 256 189 240 126 11 74 68 93 97 286 290 157 162 247 76 100 58 161 17 227 177 107 292 254 20 204 72 105 59 51 206 147 231 5 92 172 134 148 178 303 300 179 16 52 49 170 220 136 267 281 249 212 294 144 169 112 265 152 302 156 57 43 207 192 150 24 205 284 106 37 288 163 123 313 159 176 102 253 79 101 317 264 246 261 108 154 153 149 35 111 38 226 234 129 219 230 194 121 47 280 244 171 118 257 248 252 50 36 87 85 41 187 137 273 155 274 217 6 173 13 119 262 191 211 305 272 90 53 81 184 158 263 296 232 46 131 8 315 245 160 196 304 94 56 88 181 269 167 80 : 4984.47
5 2 
1 2 6 7 10 220 232 166 118 156 279 91 202 16 26 210 131 213 277 112 214 243 289 276 162 153 100 194 140 221 119 122 222 235 114 115 300 309 148 211 302 150 137 257 254 260 175 84 93 80 184 53 316 85 33 30 22 21 11 224 217 89 129 165 187 92 159 219 62 177 218 121 238 209 139 20 174 52 124 5 193 176 66 263 230 192 297 28 280 237 74 64 79 58 251 250 171 155 227 313 191 51 4 299 198 73 208 241 314 170 46 311 247 57 59 72 160 157 253 60 88 47 182 77 32 96 56 125 197 90 9 296 285 78 281 240 266 242 223 201 97 103 138 308 180 158 136 65 81 111 190 283 196 63 292 87 307 128 108 256 104 284 17 45 110 255 216 34 13 186 288 204 185 69 82 23 282 109 291 142 25 83 267 252 37 130 231 199 152 304 67 29 181 24 41 49 43 94 293 245 265 154 133 145 172 76 272 205 301 195 167 42 183 98 147 305 212 312 149 268 270 215 290 286 244 226 116 106 120 259 169 101 113 234 141 143 225 228 164 258 39 246 271 310 295 99 264 146 275 18 229 126 233 71 134 269 189 151 12 19 27 105 48 161 61 203 287 274 102 50 303 168 117 14 75 70 44 273 248 135 163 278 132 86 123 35 95 173 40 54 55 15 68 38 206 178 239 179 127 31 261 318 249 298 207 262 315 36 306 200 317 107 188 8 236 144 294 3 : 4835.51
5 3 
1 2 6 7 10 11 15 21 22 29 103 20 23 28 30 31 32 33 104 40 49 316 317 59 56 55 50 48 45 44 47 51 54 57 105 62 63 58 53 52 46 43 41 42 39 38 155 60 195 312 304 273 244 264 266 276 290 318 261 253 241 227 237 226 228 217 216 213 119 219 270 246 235 229 230 122 222 147 294 239 262 284 292 255 251 252 214 245 114 109 212 220 221 225 123 130 131 129 35 34 145 150 146 151 210 183 167 286 288 193 170 165 311 301 185 94 173 87 65 206 189 177 171 283 248 258 282 307 263 247 243 218 118 121 124 132 238 256 309 269 233 305 139 254 211 108 117 125 208 120 116 115 112 111 107 106 4 303 300 287 268 232 240 236 250 143 306 198 204 169 164 172 176 188 190 179 280 154 156 153 160 161 157 242 215 224 289 293 279 277 281 159 168 180 178 184 199 302 285 271 192 278 310 315 259 265 249 144 209 223 205 196 88 207 201 100 99 95 90 61 182 191 299 200 267 260 149 148 166 297 296 298 308 163 162 174 70 75 80 89 81 202 101 79 77 64 72 67 68 82 83 85 91 97 92 84 86 93 96 102 71 78 76 73 98 74 69 187 66 197 186 291 295 152 158 175 203 181 194 275 272 274 257 313 234 141 142 140 113 110 231 314 138 133 128 135 136 137 134 127 126 13 14 36 37 26 25 18 17 16 12 19 24 27 5 9 8 3 : 1744.99
