0 0 
1 21 103 30 32 48 56 54 52 53 51 58 72 77 57 64 99 78 83 92 93 95 190 187 60 163 61 157 137 125 124 158 151 209 147 150 133 127 138 38 34 13 239 227 213 232 140 231 241 123 121 129 131 128 111 168 153 178 305 270 282 289 308 279 283 295 293 259 267 246 130 132 265 263 269 302 192 136 37 14 4 5 8 3 2 6 10 11 15 29 31 40 81 189 210 154 162 243 237 251 144 171 47 50 33 28 20 23 104 45 91 102 68 85 143 264 262 287 299 204 312 311 306 291 281 169 186 177 156 149 142 139 238 223 228 110 216 211 219 266 300 310 275 271 249 244 247 215 233 240 229 255 257 268 261 258 254 224 252 318 304 166 165 314 245 256 248 253 234 260 170 193 307 202 100 96 97 82 71 67 62 66 173 175 88 183 176 164 65 70 76 80 75 63 69 172 292 273 161 188 203 309 286 272 280 290 278 294 199 301 205 180 174 200 296 298 297 276 285 288 315 284 303 274 185 184 79 89 101 207 206 195 197 196 194 179 155 145 146 148 152 201 198 191 182 181 250 277 167 39 43 25 22 27 24 316 317 49 44 42 26 36 41 55 105 59 74 90 87 98 94 73 86 84 46 12 16 17 18 122 218 242 313 118 220 230 236 214 222 226 235 134 114 9 35 135 208 113 109 217 225 221 212 119 141 159 160 120 116 108 117 126 115 112 106 107 19 7 : 1780.06
0 1 
1 179 180 191 198 199 301 171 294 290 310 300 299 267 291 304 302 295 285 283 266 165 143 269 293 273 205 286 289 284 296 280 297 318 270 244 238 232 242 241 240 234 230 225 216 213 110 124 114 16 8 12 27 41 37 26 33 51 58 176 66 188 197 196 207 95 77 68 317 40 30 45 44 63 46 155 150 136 146 157 156 167 195 303 306 203 169 210 190 94 87 36 145 116 135 142 34 208 134 137 118 233 245 248 271 276 315 258 237 170 265 261 254 253 262 275 256 132 125 127 126 38 39 35 42 57 49 70 86 88 173 53 65 186 185 177 183 189 201 288 281 282 193 148 159 163 151 260 268 249 228 227 313 212 109 117 121 128 235 224 223 219 217 122 123 131 130 120 5 111 4 13 129 140 239 152 161 160 149 209 115 14 141 174 164 61 60 158 168 175 172 105 52 83 79 78 71 31 29 32 54 316 24 104 56 243 226 229 257 251 259 166 138 133 108 112 107 106 9 3 221 220 218 211 119 139 246 250 255 215 231 236 222 214 113 17 19 2 28 178 194 184 182 311 309 298 305 278 277 263 252 279 287 192 308 307 272 274 292 200 312 204 202 187 181 64 76 43 50 62 72 82 91 90 85 84 99 206 100 89 101 96 93 75 69 92 55 67 80 81 98 97 102 73 74 48 59 47 11 10 6 7 15 103 21 22 20 23 18 25 154 153 162 147 144 264 247 314 : 1765.31
0 2 
1 6 7 10 11 15 3 26 31 29 22 30 45 40 82 183 184 162 177 201 61 65 59 92 99 89 98 62 64 67 57 44 47 43 42 150 35 16 18 9 106 117 108 114 217 237 239 230 218 238 260 242 143 122 211 133 13 129 130 113 147 156 128 149 165 253 252 244 248 311 306 198 196 186 289 281 139 243 155 153 152 55 49 316 317 50 48 104 21 103 37 60 66 105 52 71 78 96 73 86 95 185 206 207 100 88 202 166 258 266 277 293 283 287 296 270 232 144 231 228 141 34 5 164 288 298 279 274 181 191 193 294 263 251 249 300 168 314 246 257 250 303 308 310 275 318 256 268 259 255 254 234 109 118 14 8 125 127 210 167 195 170 295 286 273 245 235 226 119 221 236 247 225 264 158 157 197 188 175 173 182 160 161 179 180 204 203 194 145 171 199 302 307 90 80 76 69 72 77 75 79 41 46 68 85 83 97 74 87 70 81 101 102 91 93 84 56 38 131 121 146 151 134 126 136 111 4 124 116 112 137 209 265 261 240 229 233 241 123 107 115 135 33 25 24 12 17 138 290 278 305 271 276 297 304 309 272 282 269 63 36 51 54 58 53 20 32 23 28 142 132 120 208 140 227 216 212 110 223 224 219 215 214 222 313 220 213 262 292 285 291 280 267 315 284 200 301 299 312 192 205 159 154 148 176 187 189 190 94 172 174 169 178 163 39 27 19 2 : 1825.65
0 3 
1 12 16 18 26 17 25 14 13 315 314 257 267 259 272 283 290 298 293 307 308 285 276 318 270 245 227 244 215 214 255 256 262 181 177 194 171 282 179 292 284 274 309 199 203 88 73 97 91 202 201 184 186 180 205 193 162 157 152 281 87 185 166 265 243 242 239 234 233 222 249 224 139 231 228 236 251 258 142 130 144 240 246 247 223 297 299 271 275 295 286 301 305 310 304 300 311 192 294 288 165 269 149 209 241 250 273 291 303 296 170 289 219 218 148 141 113 114 217 232 238 121 131 124 161 75 61 210 280 248 261 313 225 226 220 252 268 254 266 143 163 135 120 125 132 138 127 126 133 122 109 212 110 235 147 146 159 137 35 128 145 34 153 204 191 174 168 160 156 38 32 29 22 136 39 158 176 99 90 101 80 54 55 30 33 7 6 2 10 11 103 20 19 24 27 15 21 8 3 9 5 106 4 108 140 119 118 213 211 107 111 112 115 116 208 216 237 230 229 221 117 123 129 260 187 178 182 287 277 278 306 200 312 302 195 206 95 189 172 169 164 134 36 40 316 317 56 58 151 154 60 47 84 86 68 59 57 50 45 66 43 42 46 41 53 51 48 49 104 37 28 23 31 44 52 81 89 77 67 71 78 64 105 62 70 69 63 85 82 72 92 102 190 100 196 65 173 94 207 198 175 264 167 279 253 263 155 150 183 197 188 74 76 79 83 96 98 93 : 1728.28
1 0 
1 137 141 136 127 265 237 220 211 224 270 300 165 166 290 261 257 254 244 216 212 110 131 133 116 115 135 126 38 187 183 39 172 177 303 301 302 155 145 113 117 120 124 142 171 185 167 174 193 201 190 87 176 203 98 76 68 47 104 57 40 82 73 72 84 80 62 61 154 168 189 246 240 219 226 218 231 314 272 144 123 122 209 149 130 129 161 25 16 42 65 207 191 195 199 186 140 250 229 214 222 264 262 252 273 280 279 286 285 299 200 306 307 206 202 100 197 184 188 181 164 163 151 162 180 259 210 158 147 157 134 121 242 230 225 241 109 118 247 139 148 156 160 132 313 217 232 233 269 143 243 263 205 315 278 292 311 294 291 297 276 309 288 283 170 312 305 298 310 308 281 274 175 152 146 150 159 153 277 289 296 169 178 182 179 192 295 282 60 37 20 12 24 18 17 36 46 48 69 105 85 71 64 67 91 102 96 88 70 34 8 3 53 10 2 29 23 30 59 78 173 204 198 194 77 93 86 97 101 92 89 81 74 75 99 66 94 95 293 287 304 275 271 251 260 258 235 266 267 239 238 268 284 256 253 249 318 236 234 227 228 221 213 215 245 223 248 255 119 5 9 112 114 108 107 111 4 106 125 138 14 13 208 128 35 55 316 317 83 79 63 52 90 196 58 41 44 45 51 54 50 56 43 27 32 33 22 31 26 49 103 6 7 15 19 21 28 11 : 1822.86
1 1 
1 28 23 12 41 42 43 57 59 67 85 91 76 81 183 174 95 201 197 202 194 172 161 137 144 240 140 163 315 186 196 182 184 187 66 99 63 54 47 44 49 48 56 64 53 82 96 102 97 100 94 206 168 216 110 243 236 230 226 227 219 249 218 235 239 106 107 9 5 112 111 115 117 121 152 175 189 38 39 265 257 233 255 259 143 200 204 195 193 171 192 165 272 275 284 300 292 296 291 313 232 260 158 159 18 27 24 3 8 14 13 116 126 134 135 241 212 114 234 251 246 254 280 276 273 264 244 223 215 214 224 237 225 162 60 61 145 177 185 207 75 69 70 77 84 93 74 78 71 32 55 105 58 65 86 79 98 72 101 92 68 45 73 87 89 83 80 191 170 285 310 305 297 308 303 205 307 312 311 288 278 283 286 301 178 190 173 179 203 198 181 188 26 19 33 316 21 22 11 10 6 7 103 51 317 88 90 62 46 17 25 16 2 15 20 29 52 50 40 31 30 104 36 130 147 131 34 37 35 180 176 155 209 166 210 169 167 287 258 252 253 256 250 139 314 154 153 164 160 148 151 157 142 238 229 248 213 231 247 228 221 242 156 150 146 149 127 124 136 133 119 123 129 122 211 222 217 118 113 132 120 208 4 108 109 220 282 299 199 306 302 293 281 298 270 271 261 263 268 318 290 294 274 295 304 309 289 267 269 277 266 262 245 279 141 125 138 128 : 1744.22
1 2 
1 10 103 21 145 172 202 184 198 166 277 199 295 170 292 205 194 195 185 204 200 302 139 242 142 127 147 148 162 156 65 60 174 180 167 158 160 69 84 74 100 203 37 25 17 8 3 9 13 120 117 212 211 123 121 134 14 35 34 125 128 133 137 153 154 43 71 80 57 51 70 55 40 48 89 175 193 179 178 168 155 136 135 149 213 257 266 192 307 278 296 301 311 206 201 197 97 82 11 7 2 6 20 23 104 44 105 46 52 53 47 41 85 79 59 19 27 39 38 138 152 131 122 124 132 144 237 240 214 228 246 247 254 314 258 259 256 273 270 249 248 244 236 287 283 252 261 315 293 146 150 209 182 141 16 36 42 58 68 83 56 67 78 99 93 91 90 81 75 86 72 98 87 306 312 299 298 297 305 291 276 165 157 61 183 188 189 186 300 309 308 279 290 169 151 143 159 210 66 173 177 187 176 190 191 88 196 207 102 95 96 101 94 181 286 269 250 253 251 271 262 260 265 288 282 171 284 285 294 303 275 268 267 264 281 263 272 280 318 304 310 289 274 119 255 231 221 108 111 113 114 109 110 223 245 224 229 232 230 238 118 130 220 222 235 227 234 226 217 140 163 161 164 64 77 73 92 76 50 18 26 12 15 49 317 33 28 24 29 22 30 31 32 45 316 54 63 62 243 218 215 219 216 313 241 239 225 233 129 126 106 107 4 115 208 116 112 5 : 1703.42
1 3 
1 38 39 137 149 134 208 128 211 26 33 37 53 55 93 101 64 73 98 202 72 54 58 49 316 48 43 317 83 81 75 97 84 79 67 51 46 104 56 105 47 31 32 40 57 66 182 169 155 145 129 133 117 158 163 167 203 312 278 199 187 65 82 85 94 99 96 91 102 89 80 74 90 201 189 172 160 154 150 146 157 269 263 253 257 266 267 251 247 314 277 290 286 309 195 265 173 176 183 197 177 175 168 186 180 293 283 288 272 239 313 236 216 240 233 271 276 249 234 243 143 287 181 210 34 127 120 13 14 35 209 156 204 194 188 95 207 100 206 306 305 308 285 291 318 166 268 255 254 258 227 242 139 261 315 298 297 264 299 273 262 228 250 171 295 259 225 220 212 107 135 193 87 28 22 29 15 30 103 21 44 52 59 68 60 164 161 191 184 178 153 69 71 86 61 36 19 23 20 11 10 45 50 41 42 138 18 17 27 24 12 2 3 106 142 110 109 221 214 245 244 248 224 215 213 219 222 226 131 132 144 159 152 141 136 114 113 230 246 252 165 294 274 151 162 292 311 198 190 281 205 302 282 256 260 140 241 218 238 235 229 237 223 284 300 303 192 301 170 307 174 185 147 123 130 124 121 125 108 126 116 115 9 5 4 111 118 148 122 232 231 119 217 280 200 179 270 275 310 304 279 296 289 196 88 77 63 62 70 78 92 76 112 25 16 8 7 6 : 1846.41
2 0 
1 118 235 212 113 304 205 257 268 306 69 52 41 71 77 63 84 59 55 92 49 100 197 276 265 314 48 43 101 176 302 172 196 256 122 107 294 232 75 214 8 12 119 156 27 154 114 220 143 33 24 54 85 91 62 96 298 130 162 247 297 217 175 146 127 200 211 13 288 142 180 133 267 5 242 300 237 94 231 252 166 178 274 167 105 56 316 32 22 11 29 109 136 90 58 157 95 179 121 202 168 317 115 116 227 42 65 182 195 17 164 262 234 134 7 23 269 219 293 207 145 147 272 279 264 57 125 110 82 303 296 97 86 93 151 230 229 144 140 155 277 19 79 76 266 124 307 206 104 47 138 28 30 45 78 261 117 70 74 123 46 34 135 18 80 280 246 292 208 233 131 26 44 171 25 305 68 251 275 253 299 290 271 281 15 102 177 192 238 287 6 89 4 263 248 291 181 3 258 309 189 169 165 289 222 185 81 132 301 254 286 310 50 228 88 312 243 313 148 221 37 173 187 20 194 39 213 224 203 282 225 240 61 126 226 174 183 108 40 128 255 158 204 273 141 53 163 190 161 72 193 308 137 98 250 284 184 64 315 188 87 106 218 35 103 10 120 210 209 270 67 31 14 153 236 244 159 318 223 249 311 198 152 36 2 278 83 139 216 201 129 199 215 160 51 60 260 239 170 112 38 16 9 186 99 295 285 191 241 259 111 21 73 66 283 150 149 245 : 4959.13
2 1 
1 24 183 56 121 132 14 263 140 79 125 194 55 47 9 213 225 313 110 221 252 270 296 302 297 275 205 281 264 224 212 217 309 254 66 53 22 188 33 23 36 90 156 75 151 170 247 49 246 104 182 77 51 196 11 82 30 99 85 128 237 298 63 165 251 249 291 285 50 149 215 242 258 172 12 38 143 233 222 218 293 278 96 103 256 283 186 248 136 127 118 31 250 208 93 60 271 45 228 139 116 203 198 119 42 200 173 262 161 129 211 290 97 68 20 10 6 2 4 167 180 154 241 98 89 83 78 95 70 195 226 115 92 169 284 164 307 209 35 216 219 40 62 5 41 72 277 114 304 193 204 312 190 29 269 15 158 137 276 13 168 71 73 155 308 280 214 197 100 102 19 61 202 305 306 145 58 229 117 57 91 18 175 282 27 223 317 69 3 32 26 261 234 227 238 179 310 106 287 279 268 260 286 206 59 150 88 52 294 245 153 232 65 243 201 301 124 37 81 230 21 94 25 105 187 74 231 235 17 166 273 210 159 39 138 160 148 122 112 8 253 185 109 181 316 257 64 255 152 265 199 288 101 192 48 191 189 289 292 87 259 134 176 113 240 84 295 142 171 86 76 123 311 7 303 207 220 43 34 157 135 274 272 236 266 147 163 44 141 162 314 130 54 120 178 146 267 244 299 184 177 16 133 239 28 131 315 300 318 126 111 80 107 174 108 144 67 46 : 5068.94
2 2 
1 137 219 273 94 82 89 99 315 18 25 243 147 140 251 64 56 142 237 129 236 205 101 198 295 154 50 30 23 7 152 194 67 291 105 32 63 196 202 90 159 300 38 244 111 172 78 197 271 303 279 108 44 61 148 171 182 195 313 46 191 312 128 192 42 81 70 15 170 175 311 116 261 257 163 307 21 253 262 259 34 221 144 155 200 132 249 166 276 27 8 115 209 309 302 292 72 62 242 223 280 254 201 96 158 245 145 36 133 86 95 306 130 167 228 260 225 286 314 216 3 138 55 53 272 189 160 305 293 156 127 97 39 77 258 234 187 134 4 317 208 76 74 40 11 68 93 222 214 215 270 206 267 186 238 252 178 79 59 123 232 281 28 22 104 169 26 162 120 102 231 263 125 100 290 297 199 85 149 121 113 135 310 84 52 213 256 277 153 75 107 246 250 177 266 165 212 31 43 316 83 122 285 180 203 173 126 80 185 118 65 230 283 268 211 218 73 48 210 131 19 49 66 58 161 143 190 235 124 288 16 226 112 247 239 51 29 233 9 109 60 229 183 71 255 54 117 181 284 274 299 294 47 164 188 265 207 269 157 24 304 282 289 298 217 220 240 301 10 151 5 13 248 174 114 176 179 296 6 35 106 98 91 87 184 14 33 110 119 193 37 45 308 241 139 41 275 227 168 136 88 278 287 146 57 103 204 224 12 17 150 20 318 264 141 92 69 2 : 5082.9
2 3 
1 260 305 166 281 285 278 192 73 79 89 86 67 63 43 44 102 78 178 191 287 276 297 190 179 146 200 90 177 93 56 97 101 95 202 170 122 13 107 227 230 123 185 224 173 33 36 64 47 266 20 303 300 269 218 257 241 215 219 201 157 151 84 99 50 317 32 91 117 172 53 48 29 28 104 49 76 198 98 153 231 261 38 92 105 186 158 298 87 181 274 275 246 131 225 133 208 135 138 239 243 286 94 88 203 70 72 304 187 159 210 150 121 209 315 188 144 247 132 318 116 8 3 2 10 11 103 69 184 197 149 112 109 165 258 9 37 110 216 220 301 293 254 228 119 222 125 42 12 45 183 214 259 249 221 189 160 145 199 262 264 277 255 41 26 15 62 175 164 280 21 30 232 154 169 272 65 136 236 291 194 279 114 302 207 289 242 237 234 248 311 155 182 193 283 118 295 22 168 147 238 250 299 85 57 52 46 59 96 292 310 35 213 163 82 75 31 18 111 229 223 211 134 226 256 204 58 61 171 113 108 313 161 268 309 195 196 294 68 51 316 74 314 167 212 14 24 25 16 81 80 71 66 240 140 141 245 180 176 263 288 273 271 233 265 137 5 60 83 54 128 126 19 27 40 139 253 148 39 142 290 308 152 282 252 267 34 244 100 77 162 156 17 120 4 106 115 235 312 270 284 306 296 129 205 251 217 124 130 127 174 206 55 23 307 143 7 6 : 3969.98
3 0 
1 52 50 85 200 168 296 270 261 239 289 290 232 109 113 126 274 294 125 107 302 282 201 214 224 286 97 54 316 21 6 110 84 151 94 141 307 244 27 40 35 273 88 204 160 108 5 242 38 48 31 20 26 117 309 230 114 58 56 83 206 72 49 96 202 57 285 213 75 80 169 198 254 277 243 228 235 275 281 260 314 259 148 149 147 195 165 291 212 252 132 189 303 158 258 222 118 116 4 226 297 234 140 136 127 76 87 130 251 102 77 18 60 299 62 220 192 287 122 255 267 10 7 36 82 199 210 293 144 89 178 301 39 11 32 79 209 86 219 99 29 69 92 115 133 215 185 161 13 227 231 196 164 46 105 33 45 305 221 93 53 112 180 12 139 306 257 166 119 181 265 173 262 283 90 246 123 174 28 162 315 264 9 55 137 276 138 236 191 91 106 177 44 70 63 179 249 95 157 8 111 2 124 128 268 208 65 156 280 68 81 190 211 183 23 288 25 42 3 308 131 101 64 245 298 152 155 311 187 120 154 250 225 217 223 318 146 129 71 271 159 66 284 24 175 15 103 188 238 121 247 266 17 167 193 135 153 78 241 186 317 142 205 171 163 143 145 279 304 310 240 292 14 41 37 216 263 34 300 313 269 170 237 295 134 104 43 176 98 51 59 197 67 182 184 194 16 248 229 233 30 218 278 150 203 74 19 100 207 22 253 47 312 73 61 172 256 272 : 5039.91
3 1 
1 25 43 45 173 95 69 90 304 116 318 198 211 260 252 188 74 153 209 201 22 10 7 6 137 181 174 283 147 229 2 189 178 133 172 205 97 82 55 210 296 275 140 254 139 309 184 281 295 170 40 78 92 267 285 200 53 59 99 206 143 14 307 73 163 124 160 29 32 30 94 202 230 57 102 220 207 287 146 96 136 235 12 251 308 268 257 233 3 9 46 180 204 299 142 311 5 303 51 165 297 186 150 266 106 47 41 145 169 93 112 20 50 66 44 240 91 223 234 125 4 13 16 129 241 261 19 151 36 316 11 214 292 49 298 88 103 141 167 217 42 89 176 208 306 187 175 85 278 258 286 130 162 272 101 135 259 190 83 191 264 177 277 290 148 24 276 109 21 262 65 282 156 31 84 194 302 263 227 80 67 239 232 132 52 64 149 18 118 226 15 192 274 280 131 75 288 157 87 197 182 61 26 17 224 243 86 179 301 312 310 123 108 48 291 113 62 317 122 128 265 195 242 294 244 193 185 218 127 284 289 166 164 245 213 216 119 134 293 203 199 79 269 115 154 253 236 305 196 183 98 120 247 273 246 248 315 255 81 54 212 34 111 238 228 100 77 71 56 121 72 33 107 114 171 27 249 256 300 231 68 58 117 161 110 126 70 39 158 144 155 168 225 222 63 38 219 138 159 105 215 37 28 104 313 221 237 8 314 270 152 279 271 60 35 250 76 23 : 5006.27
3 2 
1 302 5 23 301 114 198 22 15 2 39 31 262 282 310 64 36 264 181 259 29 37 113 160 251 215 77 242 42 232 218 115 92 101 268 144 142 216 159 217 74 156 45 84 97 19 71 51 40 294 163 18 94 236 296 68 34 210 318 281 300 109 244 200 137 162 190 199 255 127 195 286 191 206 78 194 193 265 157 140 33 111 25 129 308 207 295 151 178 173 16 185 297 276 287 252 299 202 293 246 312 67 3 59 106 231 108 289 306 188 175 164 89 204 155 62 184 76 243 38 125 168 233 90 124 241 148 271 245 43 240 139 96 93 49 277 223 309 83 80 70 197 183 53 86 27 138 13 75 311 257 230 201 69 226 128 225 213 222 21 196 229 249 260 258 172 147 165 239 85 79 104 279 134 136 26 66 176 192 180 73 307 205 20 55 303 248 275 224 304 280 24 250 131 152 283 100 292 273 305 56 298 32 82 154 54 143 253 123 270 166 212 179 30 146 120 221 316 103 11 107 208 227 48 28 167 50 47 170 88 65 189 112 261 7 317 174 63 150 288 87 186 121 119 141 269 145 153 228 278 171 130 313 14 17 52 209 12 132 266 247 291 61 41 149 272 187 290 118 135 91 102 57 105 315 35 10 203 285 99 72 58 81 234 214 284 314 274 6 122 237 116 158 177 133 211 4 238 254 46 117 182 9 95 263 219 235 44 98 220 256 126 169 161 110 8 267 60 : 5086.65
3 3 
1 16 201 294 179 299 259 240 140 311 164 134 137 288 88 171 117 121 214 138 131 252 270 244 268 305 158 196 79 80 68 81 43 49 103 7 2 6 10 11 22 33 317 83 84 65 168 276 246 222 226 110 172 202 203 199 275 261 292 165 217 231 310 278 254 34 90 249 247 224 109 144 194 77 91 303 166 281 266 306 161 128 312 274 37 157 296 147 123 57 32 24 63 204 76 159 169 287 298 271 167 104 59 192 175 285 211 18 25 36 42 176 188 182 193 73 207 301 221 263 297 290 180 186 126 220 35 107 12 60 265 108 115 233 229 262 69 185 38 26 307 197 177 54 70 48 9 236 5 256 308 223 313 114 8 152 225 227 238 248 242 163 282 293 41 39 178 277 62 187 230 183 255 241 213 300 112 120 239 132 232 64 53 212 113 122 119 160 125 184 67 124 174 279 216 215 283 314 251 52 93 205 245 269 130 111 209 21 29 30 27 219 218 143 210 153 94 189 87 74 260 170 40 286 302 75 45 86 95 19 23 156 146 258 235 228 139 237 289 206 100 98 101 92 47 318 173 78 102 149 46 50 66 56 145 4 155 99 195 162 181 116 13 82 61 44 20 135 243 28 118 133 141 106 3 234 208 127 264 250 142 129 136 291 150 151 154 58 97 17 273 148 89 55 191 316 71 267 304 280 309 257 284 96 198 14 105 272 295 51 190 31 200 253 85 72 15 315 : 4123.66
4 0 
1 3 8 35 135 137 139 122 126 138 240 229 227 110 113 111 9 121 131 16 52 202 87 158 151 145 150 129 130 161 269 261 274 223 211 244 297 300 285 250 273 287 294 162 159 78 67 69 187 193 198 292 283 160 88 189 191 201 194 199 296 275 270 291 301 302 95 74 92 97 83 56 86 72 80 44 51 45 104 316 40 32 22 29 21 28 31 317 42 43 53 47 59 64 101 91 96 89 90 75 68 49 48 37 50 54 57 58 63 196 176 105 33 23 20 103 30 15 11 10 2 12 76 79 85 94 98 84 82 55 36 41 46 207 180 281 306 307 200 312 203 177 259 249 248 235 237 254 166 266 167 71 93 73 77 62 70 204 290 282 305 165 288 293 289 303 299 279 267 263 143 140 209 114 234 238 109 212 220 215 225 233 219 230 313 247 318 284 298 276 309 246 253 252 228 239 242 232 216 142 163 155 257 251 243 241 231 265 295 278 170 169 60 197 188 173 65 61 183 178 185 186 66 168 192 205 311 308 304 310 280 245 171 179 181 172 127 136 157 152 286 262 258 224 214 222 217 119 144 271 272 277 268 156 125 17 4 112 115 117 34 148 132 314 221 213 218 236 226 260 256 315 264 255 210 184 190 100 146 182 164 149 175 174 195 147 123 133 128 208 108 118 154 39 153 206 99 102 81 18 27 24 19 25 26 38 14 13 141 107 106 5 134 124 120 116 7 6 : 1945.08
4 1 
1 12 25 17 18 135 132 131 239 312 199 308 298 283 148 137 127 13 125 9 8 3 2 7 15 33 44 81 88 87 185 184 183 190 188 168 280 257 250 314 215 140 238 267 241 139 110 227 245 244 252 243 272 231 232 213 212 106 111 4 107 5 104 31 103 20 23 28 30 32 317 48 40 47 41 58 60 181 177 172 182 194 99 86 85 97 82 94 72 53 52 51 54 105 91 75 191 305 300 276 310 273 253 255 261 286 309 200 301 165 291 288 264 256 295 278 170 277 293 260 268 270 275 315 205 178 92 101 196 198 180 193 161 210 150 130 154 155 149 209 34 145 37 36 62 63 70 83 67 96 89 77 68 74 69 179 167 66 95 202 207 204 274 306 303 302 289 281 201 100 197 206 195 266 119 220 225 248 249 263 259 292 254 271 269 151 163 162 175 203 192 166 158 157 152 146 43 46 26 24 16 35 134 124 141 262 307 282 284 297 304 299 290 247 219 224 221 114 121 14 136 112 115 138 129 128 11 6 10 21 29 22 39 42 56 55 71 84 76 98 189 153 169 186 156 187 61 142 122 159 164 120 116 126 133 208 38 123 109 216 217 211 113 117 108 118 222 218 234 251 258 229 230 226 228 235 223 242 143 144 265 237 246 233 240 236 313 214 318 279 287 296 311 285 294 171 147 176 173 65 102 78 73 59 45 57 64 80 93 90 174 160 316 79 49 50 27 19 : 1831.15
4 2 
1 6 7 11 10 103 45 55 59 98 206 95 289 277 276 300 306 274 267 273 220 251 278 293 202 96 84 99 197 203 90 77 73 64 93 71 82 102 94 169 87 207 188 168 170 174 173 100 190 194 199 309 179 163 162 61 38 36 25 18 17 117 209 124 118 239 221 218 315 165 272 263 140 135 120 19 27 58 210 136 137 12 20 28 48 67 91 101 92 280 255 258 250 252 248 249 275 266 240 223 215 230 222 217 314 138 125 122 130 113 114 219 270 271 247 241 237 244 318 282 296 310 305 285 260 269 259 245 228 226 224 216 142 123 132 211 213 227 214 212 110 225 129 133 134 47 53 57 63 54 42 43 62 65 176 183 88 177 185 178 205 290 283 192 193 166 256 284 308 287 312 294 288 292 291 303 182 189 175 145 34 148 153 156 152 37 141 208 13 60 51 75 68 50 56 40 104 29 33 31 15 30 21 22 32 316 180 184 72 70 69 74 52 46 41 105 78 66 172 187 14 126 127 39 35 131 4 106 112 5 115 116 107 111 121 109 234 236 119 144 139 159 279 286 302 196 83 85 80 81 154 155 164 158 157 243 253 268 238 229 242 246 313 233 231 257 235 232 265 261 143 149 146 147 150 295 281 200 311 167 191 204 198 186 307 299 304 298 297 262 264 254 171 301 195 201 181 89 76 79 97 86 317 49 44 161 160 151 128 108 9 3 8 16 26 24 23 2 : 1871.29
4 3 
1 7 6 12 37 36 53 63 231 216 217 131 130 222 243 142 158 80 82 78 76 207 197 100 95 92 40 49 56 50 173 163 149 146 144 265 266 284 286 309 277 287 306 205 302 195 156 169 186 191 172 259 143 241 263 256 250 254 252 236 232 119 111 17 138 44 317 33 23 11 10 15 20 28 104 30 29 103 32 59 54 89 196 88 79 62 162 148 179 166 165 192 181 199 155 153 135 126 108 112 116 117 114 129 161 164 160 150 145 39 125 299 300 308 305 307 290 281 251 261 246 248 271 282 283 292 295 200 99 198 185 127 140 227 240 234 244 223 109 213 239 247 224 220 211 212 132 221 219 214 226 110 106 120 4 5 134 9 3 8 107 14 209 38 151 183 98 91 101 97 68 189 194 312 288 296 289 270 276 278 293 269 168 159 177 182 175 94 180 93 73 81 206 202 69 105 75 85 90 96 102 83 77 60 57 48 45 58 55 86 74 316 71 84 184 176 61 201 64 67 72 70 174 157 167 178 41 42 47 51 46 52 66 187 65 204 188 87 190 210 43 31 21 22 24 25 26 122 123 208 124 147 133 136 115 13 128 137 16 18 19 27 35 34 152 154 139 262 314 274 297 303 285 279 273 315 225 230 237 141 242 238 215 218 253 272 298 280 275 310 311 203 193 171 170 291 301 294 304 318 258 260 255 264 268 249 257 267 229 245 228 235 313 233 118 121 113 2 : 1872.32
5 0 
1 235 267 128 144 241 251 228 175 74 96 68 98 75 72 71 45 183 289 121 73 56 273 160 176 129 180 102 65 97 17 30 242 173 81 80 172 264 115 35 280 196 76 224 298 26 133 257 227 191 243 291 293 203 57 230 79 152 186 288 87 135 131 141 232 258 38 10 270 32 69 154 148 213 163 236 21 66 265 296 307 246 277 211 6 37 39 85 168 153 2 7 11 103 22 104 202 194 174 268 24 43 36 294 137 290 306 18 138 233 239 58 125 219 279 181 182 92 177 217 145 94 286 297 295 192 207 67 305 105 317 49 60 64 197 276 214 206 93 70 166 250 310 259 107 247 200 86 143 209 275 248 61 179 301 262 313 314 151 147 226 136 225 5 208 47 50 198 316 89 84 162 231 157 223 220 285 59 204 27 190 155 169 82 170 110 238 315 83 99 78 41 132 318 199 126 309 240 165 189 51 161 302 271 292 130 312 195 245 100 274 304 48 29 40 52 23 266 8 111 221 300 149 142 124 20 188 261 205 118 95 171 201 77 101 287 44 252 215 187 53 218 88 269 167 4 139 260 278 281 91 254 164 210 14 108 255 284 134 122 120 229 249 263 237 123 158 283 55 234 9 127 3 16 28 15 31 54 46 90 178 282 140 311 256 34 112 116 62 12 156 119 63 146 33 159 109 150 212 114 106 222 244 272 308 303 216 253 193 13 117 113 299 25 19 185 42 184 : 4860.28
5 1 
1 146 257 241 251 5 2 15 69 201 300 192 304 274 246 107 13 161 8 137 202 46 162 164 35 207 136 3 7 95 177 294 42 117 148 18 176 291 312 128 75 94 28 211 62 158 269 282 53 280 118 11 73 29 275 285 296 295 184 221 64 104 112 24 288 266 172 212 250 83 186 195 262 171 293 303 256 308 231 189 286 41 175 149 208 124 30 227 144 178 159 143 133 183 167 134 163 109 66 72 119 121 270 245 138 55 96 97 14 33 102 91 235 113 230 287 131 115 191 92 283 80 309 170 264 89 198 226 310 238 122 9 20 316 99 205 258 240 45 90 98 154 239 222 179 278 31 314 261 100 32 153 290 196 305 37 61 16 56 242 311 63 59 10 17 317 160 181 140 88 150 34 299 199 244 215 306 130 125 248 210 247 263 165 200 77 234 147 228 216 26 44 126 188 71 47 103 23 36 209 315 213 155 86 67 220 157 132 110 12 22 93 87 68 281 78 82 204 182 197 129 39 49 173 252 292 267 229 108 260 116 105 84 6 123 76 203 57 223 190 265 313 106 139 151 255 120 237 27 4 51 276 217 218 135 284 101 85 70 297 169 81 187 152 193 214 19 279 156 224 318 232 302 166 174 141 114 253 180 206 111 25 40 236 273 289 127 38 74 298 271 268 54 58 168 60 50 301 307 194 259 254 243 142 52 145 43 249 48 277 65 79 272 225 219 21 233 185 : 5020.97
5 2 
1 106 108 115 227 136 255 261 217 297 266 183 84 78 43 182 296 53 279 308 109 237 278 245 273 267 292 99 38 26 16 82 190 83 41 72 80 302 92 283 51 257 224 40 177 96 197 112 18 289 208 162 48 193 120 251 254 238 116 205 252 309 70 68 125 175 206 52 50 218 28 17 181 258 233 256 167 64 56 57 86 200 215 188 85 189 160 145 133 122 276 244 114 117 13 118 219 73 20 184 178 259 42 149 211 293 4 35 210 21 45 60 151 123 94 170 303 157 164 203 310 161 131 141 287 187 8 192 29 270 71 247 274 165 159 204 75 134 243 150 23 148 147 77 32 271 315 221 213 300 173 62 143 223 11 15 313 110 111 140 121 242 249 228 229 6 61 135 263 163 88 314 54 272 25 44 312 285 126 55 201 127 264 128 268 305 246 232 139 250 282 207 316 90 191 301 260 239 93 269 14 153 97 231 142 225 290 171 277 179 306 81 67 155 91 101 34 311 286 130 46 19 146 158 275 47 216 226 103 294 222 262 39 113 124 87 105 104 36 10 22 214 248 9 100 185 307 156 186 66 265 3 37 234 2 129 76 240 166 317 79 63 132 138 304 199 295 235 220 102 27 30 194 284 288 202 318 174 144 209 74 59 119 137 5 152 69 98 298 172 107 7 31 241 24 196 58 49 33 12 89 280 291 212 236 253 168 299 65 180 169 281 198 154 176 95 230 195 : 5022.16
5 3 
1 40 55 104 46 67 171 299 251 79 100 70 173 276 249 228 238 297 152 161 71 85 63 142 294 176 150 154 221 217 199 293 167 295 118 140 220 236 240 138 160 170 178 207 99 206 195 281 277 208 146 239 237 132 163 168 234 256 246 265 284 115 111 4 121 223 227 280 296 192 283 38 39 77 278 147 186 37 16 26 19 21 29 28 51 69 53 27 48 82 78 317 30 32 49 120 275 222 215 193 204 65 309 242 243 157 177 205 285 300 139 183 175 145 113 107 112 5 66 114 106 110 13 232 149 35 126 213 230 225 198 282 229 122 127 109 252 179 209 172 72 316 90 6 7 187 98 312 191 125 24 23 60 250 88 96 102 273 261 20 311 190 196 158 271 224 218 211 202 94 57 128 124 129 197 101 95 81 194 258 274 307 134 117 180 259 189 61 214 87 116 136 119 12 2 3 8 314 255 298 231 75 93 164 244 241 184 151 210 47 50 148 10 11 15 52 33 59 272 143 248 130 17 291 270 18 137 91 92 86 9 45 181 315 31 74 200 310 279 153 245 44 43 64 56 105 54 58 89 169 185 304 257 287 269 144 159 288 290 306 254 219 97 41 123 212 262 289 308 14 42 318 253 174 25 84 267 162 76 155 36 303 133 22 260 235 141 266 292 182 264 302 201 286 135 103 263 216 233 34 156 165 313 268 247 226 108 131 166 188 203 73 83 80 62 305 301 68 : 3978.62
