0 0 
1 10 32 20 8 9 4 5 106 107 111 13 116 115 112 14 127 126 133 134 120 208 129 138 128 125 108 113 121 117 135 122 130 136 145 150 155 153 160 161 169 182 190 191 188 173 172 176 187 183 177 181 178 179 174 175 194 195 180 192 312 193 295 292 288 282 287 293 294 278 170 171 165 166 158 151 152 157 147 146 148 156 149 162 159 200 306 302 301 205 311 308 309 303 299 291 273 300 304 305 310 298 276 297 270 286 283 290 285 284 280 279 281 277 296 289 265 269 315 274 268 257 264 272 266 267 260 258 251 256 262 263 252 248 271 275 318 249 236 226 237 222 242 313 220 109 110 217 211 216 221 212 213 218 219 245 244 224 223 214 215 227 228 230 234 229 233 240 243 143 144 259 314 246 235 247 254 253 261 250 255 140 139 239 238 241 118 225 232 231 119 114 131 123 132 124 142 141 209 154 38 137 34 35 39 60 164 210 167 168 163 61 65 66 189 184 185 186 307 199 203 204 198 95 201 196 197 202 100 207 206 94 90 71 68 78 83 85 84 82 97 92 91 98 101 102 96 93 86 67 316 40 46 58 105 57 47 51 37 42 41 43 52 53 54 49 56 55 50 48 45 104 44 64 73 75 89 99 77 79 72 74 63 62 70 87 88 81 80 76 69 59 317 23 22 15 21 103 19 24 28 36 17 18 26 27 12 7 11 6 3 16 25 30 33 31 29 2 : 838.991
0 1 
1 11 15 33 23 30 32 47 44 42 51 57 54 55 56 317 49 316 40 45 48 50 105 43 41 52 46 37 36 104 28 103 20 27 19 25 8 9 16 24 4 5 107 106 13 116 115 111 112 126 134 138 209 155 150 154 161 149 152 146 151 148 147 157 163 159 167 174 179 180 191 172 187 184 173 190 87 182 177 181 178 165 266 265 258 260 315 291 283 274 272 285 284 286 290 296 281 170 269 261 257 253 249 244 224 223 215 214 245 248 218 219 235 226 227 228 236 247 246 262 267 263 256 318 273 268 264 254 314 255 259 143 144 251 252 250 234 237 229 213 222 243 232 231 313 242 140 139 129 124 128 131 114 121 123 130 117 122 119 109 110 217 216 211 212 221 225 241 230 238 239 240 233 220 118 113 108 14 34 141 142 132 127 125 133 120 208 135 137 136 38 39 164 66 169 176 183 188 189 95 94 197 88 93 91 92 96 101 102 97 89 81 74 75 70 62 58 53 59 86 84 77 67 68 82 83 85 78 64 71 72 196 207 100 202 206 201 198 194 195 204 203 205 293 294 277 289 288 292 278 295 192 171 282 287 166 280 279 300 301 193 307 312 311 306 200 199 302 305 304 297 310 276 275 270 271 298 299 308 309 303 186 175 185 168 156 210 60 61 63 69 73 76 79 80 98 99 90 65 160 158 162 153 145 35 26 18 17 3 12 31 21 29 22 10 7 6 2 : 850.706
0 2 
1 6 3 12 24 19 23 28 20 9 8 18 25 17 26 16 27 33 43 44 51 42 60 61 65 164 160 161 163 147 144 143 140 139 232 118 114 110 212 109 216 217 211 213 221 122 121 130 108 116 115 13 14 5 4 127 117 113 123 220 119 238 250 264 262 252 261 241 233 225 231 239 229 215 214 223 218 219 228 235 226 237 227 224 244 245 249 248 247 251 242 240 230 236 234 222 313 243 246 256 253 267 268 263 315 259 260 314 257 258 265 266 269 255 254 299 303 308 300 309 310 304 305 297 298 275 270 271 318 276 280 291 289 287 282 273 272 279 284 285 277 281 278 171 165 166 288 192 302 306 199 301 193 204 194 179 180 181 174 172 187 177 184 198 207 206 100 201 202 197 94 196 189 195 203 205 200 311 312 307 295 292 293 294 290 283 286 296 274 170 175 167 210 155 152 157 158 162 150 145 153 209 37 36 46 53 58 70 75 81 76 80 73 64 68 83 71 69 74 62 63 40 49 104 45 56 50 55 54 47 41 52 39 38 35 34 126 125 133 134 120 107 106 112 111 208 128 138 142 141 131 124 132 129 135 137 136 154 149 146 148 151 156 159 168 169 178 186 185 190 66 88 87 188 183 176 173 182 191 95 98 89 93 86 97 102 90 99 91 92 96 101 78 67 72 84 82 85 77 79 59 105 57 48 317 316 32 31 30 21 29 103 10 7 11 22 15 2 : 811.334
0 3 
1 10 11 22 21 31 32 29 7 12 103 25 26 17 9 14 13 5 18 37 36 42 58 52 41 46 51 44 71 79 84 78 67 68 82 77 72 80 76 86 89 75 81 74 70 64 73 85 83 91 92 93 96 97 102 101 99 88 188 189 173 187 61 60 148 151 147 149 157 163 159 162 155 154 39 209 160 161 153 164 210 167 168 165 166 288 293 292 281 289 277 269 315 265 260 259 250 243 246 237 213 221 119 239 232 234 230 247 252 261 274 283 286 291 300 309 301 302 312 311 200 199 306 205 303 299 308 305 310 304 298 297 276 271 318 248 249 245 244 224 223 215 214 219 218 227 228 235 233 242 241 313 231 220 217 109 110 113 114 117 136 135 131 122 130 123 125 132 121 138 129 133 137 34 35 145 38 127 126 134 124 128 208 116 115 120 111 106 112 4 107 108 229 240 118 211 212 216 222 225 238 226 236 253 257 254 264 255 258 266 314 140 143 144 139 142 141 150 152 146 156 158 171 192 295 294 296 290 285 287 282 278 267 251 256 263 268 262 270 275 273 272 280 279 284 170 193 307 204 203 195 194 190 184 177 178 185 181 180 179 186 174 175 169 183 172 176 87 65 66 182 191 198 197 201 100 207 206 95 196 202 94 98 90 69 63 62 105 57 54 47 43 53 55 50 104 40 316 317 59 56 49 45 48 23 15 30 28 33 19 20 24 27 16 8 3 2 6 : 786.138
1 0 
1 12 33 32 15 7 11 24 18 25 26 16 8 9 17 4 14 115 111 112 120 127 125 133 132 135 137 134 128 117 130 131 124 221 118 239 232 231 219 214 215 223 224 227 228 234 237 243 236 226 218 235 245 248 244 249 268 251 314 254 261 262 252 253 256 257 269 315 274 276 285 284 290 286 283 308 309 275 318 271 270 273 272 263 266 260 259 255 265 264 267 258 144 147 142 141 138 209 123 129 114 113 121 122 119 140 139 225 143 250 246 247 241 238 242 229 233 230 313 240 222 213 220 217 109 216 211 212 110 108 107 106 116 13 5 126 208 136 34 35 39 38 153 156 159 145 150 146 151 149 162 210 169 167 168 175 178 185 181 174 179 166 165 294 281 293 289 303 302 301 205 199 200 203 198 194 193 312 311 307 306 296 299 300 298 297 304 305 310 280 279 291 277 288 278 295 292 287 192 282 171 170 163 158 157 148 152 155 154 42 46 41 59 56 55 53 52 43 51 57 54 317 316 45 48 49 105 61 164 161 160 60 66 70 86 80 73 72 75 69 47 44 63 64 79 85 92 91 83 84 78 82 97 102 90 99 89 98 101 96 93 67 71 68 77 76 81 88 94 197 202 204 195 186 180 191 188 187 190 183 196 201 207 206 100 95 87 176 172 184 173 189 177 182 65 74 62 58 40 50 36 37 104 28 103 30 21 29 31 27 19 20 22 23 10 6 2 3 : 842.92
1 1 
1 7 15 29 23 28 103 12 26 19 16 21 22 42 54 51 41 35 136 137 38 39 153 154 150 155 156 151 148 158 186 194 200 199 306 312 307 301 311 205 302 193 192 293 295 303 292 289 282 170 315 285 297 305 300 299 309 298 304 310 308 284 280 291 290 274 288 278 287 277 166 171 294 281 283 273 279 286 296 204 203 196 202 207 206 197 95 100 201 88 94 87 182 187 189 183 176 169 168 167 210 58 44 56 105 68 84 90 74 73 76 81 61 60 164 161 152 159 160 163 162 157 250 314 254 236 227 228 237 230 234 313 231 232 119 216 217 110 220 221 118 109 213 211 212 219 224 214 223 215 218 225 222 229 235 226 246 247 251 252 243 238 241 242 240 233 239 140 144 147 141 146 149 209 145 120 14 138 128 125 127 121 130 123 132 131 129 124 133 135 208 116 115 108 113 111 5 4 107 34 126 134 13 112 106 117 114 122 142 139 143 255 258 260 265 262 268 249 244 245 248 318 270 271 275 276 272 266 261 267 264 263 253 257 256 259 269 165 175 185 173 172 191 181 180 179 174 178 195 198 184 177 190 188 66 65 70 62 63 69 79 98 72 67 77 78 71 83 82 85 91 97 92 96 99 89 101 102 93 86 80 75 64 53 57 55 45 49 40 317 316 59 50 47 52 46 43 48 104 32 31 20 30 37 36 33 24 25 27 17 18 8 9 10 3 11 6 2 : 861.929
1 2 
1 2 6 7 3 23 29 30 49 59 56 84 85 86 93 99 98 81 183 172 169 167 156 157 152 146 151 158 61 60 210 164 161 66 190 191 185 65 176 187 181 189 87 201 100 197 168 178 188 173 182 177 184 174 175 179 165 166 236 235 246 245 249 248 276 271 263 273 274 299 280 297 291 286 171 293 278 281 288 292 294 300 304 305 310 308 309 298 275 270 318 244 224 262 253 314 237 243 250 143 144 139 141 38 162 163 147 148 149 159 155 160 39 154 209 142 150 153 145 137 135 121 131 130 124 120 116 133 128 125 126 35 136 127 5 17 12 15 19 24 31 21 20 28 103 22 32 33 37 36 42 104 55 105 58 54 46 47 48 45 317 316 40 70 69 74 89 80 77 72 67 64 79 68 71 78 76 75 90 73 82 83 96 92 91 97 102 101 206 95 88 94 202 207 196 203 198 194 195 204 302 301 306 205 200 307 311 312 199 295 303 193 186 180 192 282 289 296 290 287 272 279 285 284 283 277 170 264 267 266 258 269 260 265 315 261 255 254 259 140 225 242 231 230 240 313 233 219 226 229 228 213 214 223 215 218 222 234 227 252 256 268 257 251 247 241 239 221 119 109 217 216 220 110 212 211 118 232 238 122 114 113 123 129 132 138 208 117 108 106 107 4 112 111 134 14 115 13 34 44 51 53 50 57 63 62 52 43 41 26 18 25 16 27 8 9 11 10 : 942.654
1 3 
1 9 8 16 18 17 25 26 24 15 11 22 23 27 19 115 5 106 107 111 4 120 34 137 136 138 129 131 130 123 128 132 208 116 112 14 126 127 125 122 121 124 135 134 133 117 108 114 113 212 211 110 118 221 232 236 229 228 237 240 231 239 242 140 259 266 269 315 250 255 268 262 264 253 252 251 254 257 256 261 258 166 165 171 170 277 278 292 288 295 287 286 289 192 301 199 200 195 203 204 311 306 302 303 307 205 312 308 299 300 309 297 298 310 305 304 283 279 280 271 276 275 270 318 248 249 223 214 215 224 244 245 247 246 314 265 260 267 272 273 263 274 291 290 284 285 296 294 282 293 281 193 184 191 172 183 173 176 60 38 39 35 13 149 142 119 217 109 216 220 225 222 213 235 227 218 219 226 243 230 313 238 234 233 241 139 143 144 146 157 151 147 141 209 150 153 43 53 64 77 67 73 68 59 48 316 317 44 47 51 54 56 55 49 40 50 45 41 42 104 36 37 145 154 155 162 210 169 178 179 194 88 87 66 187 189 95 89 102 96 101 97 92 91 83 84 72 79 78 82 71 85 93 99 98 100 94 197 190 188 65 61 164 161 160 152 156 159 148 158 163 180 167 168 175 174 181 186 185 177 182 198 207 206 202 201 196 90 81 86 75 70 74 69 80 76 62 63 58 105 57 46 52 31 32 29 30 33 28 21 103 20 12 10 7 6 3 2 : 797.413
2 0 
1 89 130 115 230 114 283 259 61 195 203 152 24 284 265 6 19 120 161 235 243 290 118 58 49 163 14 27 298 121 31 17 220 63 95 214 160 87 316 74 3 43 198 70 67 26 276 231 32 116 83 53 208 82 109 142 139 210 45 147 248 255 277 229 266 94 311 309 285 193 287 310 13 144 268 56 42 137 4 223 166 39 37 10 261 154 191 252 280 308 153 108 129 38 306 256 107 30 60 69 91 21 292 302 200 175 159 22 7 124 55 78 73 138 242 134 216 267 176 225 249 274 209 110 103 293 145 136 190 197 99 135 158 112 40 104 113 2 215 218 312 66 64 34 151 11 51 275 260 221 33 23 97 133 305 307 299 186 182 59 8 150 258 227 98 85 28 196 232 236 226 253 237 263 240 101 86 20 44 238 217 289 68 247 303 174 178 206 77 205 257 254 15 204 192 5 46 84 155 181 183 296 169 318 271 180 291 132 52 29 12 140 111 106 48 81 102 16 25 71 189 177 156 251 269 241 272 264 270 88 164 47 75 239 246 65 172 41 128 279 219 297 50 125 314 286 131 105 245 250 211 295 278 36 317 294 301 80 157 313 202 207 170 288 173 162 123 213 234 222 62 165 141 117 233 187 93 119 262 122 273 304 201 57 76 79 188 100 194 199 184 168 179 315 90 224 143 212 35 300 72 148 167 171 149 9 281 126 185 228 96 92 127 146 244 54 282 18 : 4858.3
2 1 
1 50 138 71 193 227 77 43 198 92 194 33 148 170 298 303 68 131 171 234 238 34 115 24 3 123 226 277 244 139 117 80 158 150 283 232 186 258 7 239 121 275 177 257 262 307 284 31 237 137 101 208 90 167 46 184 235 268 174 59 205 66 110 32 210 280 243 246 202 67 160 310 285 47 22 224 199 289 135 314 261 213 231 230 254 151 84 36 14 142 297 119 159 308 103 181 6 9 157 249 247 164 53 17 118 229 318 147 154 116 20 39 72 204 301 44 263 272 214 145 250 259 107 299 51 312 65 317 91 125 195 266 241 161 144 13 132 15 220 30 82 108 207 290 64 265 175 42 60 109 221 166 219 97 293 100 41 316 313 236 192 149 152 251 306 295 294 99 188 255 292 169 106 120 52 87 105 78 95 291 216 112 153 300 302 48 206 180 183 81 182 173 38 57 163 23 122 104 93 98 37 11 29 162 155 178 63 168 176 75 156 228 276 187 96 256 225 212 141 140 270 309 311 126 25 74 203 94 143 245 191 281 315 111 240 248 40 35 305 252 211 196 278 197 12 223 16 49 200 215 260 217 114 61 18 201 56 70 2 89 69 83 27 26 58 76 73 55 128 102 21 8 62 79 179 113 134 209 129 127 189 274 54 165 242 304 5 222 273 288 279 136 190 264 233 218 296 287 185 124 146 4 130 172 85 19 28 10 253 267 269 282 86 271 286 45 88 133 : 5029.87
2 2 
1 185 45 19 11 56 156 149 4 199 216 29 67 127 160 95 285 241 219 165 145 197 268 220 81 298 269 94 195 196 133 103 84 104 2 126 68 70 176 92 89 31 44 71 166 277 193 51 120 175 208 90 40 54 203 170 313 240 171 278 188 142 131 215 180 141 140 254 35 41 299 174 144 236 307 275 154 295 116 109 213 225 262 306 122 317 64 87 130 43 164 239 139 302 102 291 123 82 23 246 217 218 58 303 294 98 46 93 146 73 227 261 251 143 257 22 157 316 181 50 26 32 223 75 117 252 271 242 293 74 55 69 229 301 18 226 205 206 266 310 308 77 61 59 297 121 279 137 3 221 204 10 21 230 233 155 52 135 83 186 147 60 13 110 224 264 235 129 100 37 134 168 189 190 28 9 260 192 17 12 172 8 47 191 79 314 243 63 16 179 318 178 287 267 62 78 259 201 200 184 194 231 162 124 198 234 282 96 167 30 296 24 112 138 290 284 183 7 36 311 286 292 209 281 65 258 249 253 161 105 182 85 72 187 119 305 273 173 132 210 39 5 107 250 228 270 276 153 148 114 97 91 152 207 86 42 76 15 211 237 288 212 304 115 289 34 57 245 263 272 177 38 169 238 125 14 158 27 101 33 49 48 106 108 136 113 118 283 312 151 159 232 25 53 163 247 248 315 150 80 6 20 255 265 88 274 111 309 99 280 244 202 214 66 222 256 300 128 : 5114.25
2 3 
1 211 78 92 98 91 129 213 234 261 273 280 279 158 41 47 93 77 317 57 313 231 7 48 229 240 233 287 260 276 269 305 5 38 161 39 80 67 82 44 88 205 81 65 83 132 62 43 52 68 238 134 34 141 217 212 226 256 297 293 318 248 237 3 49 71 27 23 21 6 14 122 169 195 204 123 154 145 178 8 9 124 138 218 277 139 247 230 15 128 258 294 249 239 107 36 17 115 309 295 303 180 292 290 222 127 32 20 37 60 73 105 31 272 223 113 164 95 206 207 282 307 314 187 194 198 11 2 278 285 193 315 262 227 114 135 66 99 183 190 259 144 265 61 174 170 243 245 253 251 241 236 235 106 312 177 268 203 254 215 109 143 45 26 155 4 111 76 184 25 104 50 55 85 311 186 208 146 24 86 101 89 191 172 188 200 270 283 58 63 165 246 242 209 225 299 199 201 271 181 90 40 84 29 10 51 300 308 70 100 149 148 168 171 289 197 102 18 219 264 136 159 22 210 216 228 304 275 140 74 160 157 214 288 185 166 151 59 176 286 75 16 224 244 156 296 302 192 182 162 255 266 147 281 306 196 202 291 257 118 220 119 120 117 142 175 94 87 173 69 19 121 110 35 163 116 125 267 96 53 42 79 64 97 126 221 232 108 310 298 252 46 301 284 250 150 189 167 72 12 103 316 33 56 54 28 152 112 30 137 133 153 130 179 274 263 13 131 : 3808.42
3 0 
1 122 146 57 54 266 121 14 84 283 108 42 251 41 64 175 236 218 254 73 284 309 280 171 310 27 21 216 174 8 303 304 263 268 215 298 147 28 72 96 92 265 109 255 43 130 112 125 210 182 183 230 314 139 103 104 76 195 281 136 89 31 256 93 261 227 141 181 99 58 127 115 312 290 248 30 77 100 143 106 178 307 311 152 241 278 318 233 260 204 293 286 259 157 220 209 116 189 313 161 67 62 37 219 287 288 198 262 83 173 95 78 295 301 185 186 177 53 246 88 169 117 264 118 69 245 70 184 56 40 39 107 132 144 214 94 228 167 201 258 120 252 180 305 18 9 15 59 196 270 65 17 23 126 203 11 155 212 63 113 47 24 16 20 6 51 272 308 249 80 44 316 289 291 205 269 46 217 111 22 7 2 156 110 105 158 188 86 114 81 223 229 187 71 145 74 276 285 253 164 3 179 98 49 271 166 222 192 200 137 238 226 213 243 273 234 232 131 79 317 91 101 128 172 207 202 240 306 163 231 12 239 129 34 55 26 119 50 66 296 244 168 153 300 221 142 19 36 33 32 13 194 237 235 165 5 170 160 277 60 294 75 199 315 151 154 29 299 206 208 38 274 242 61 149 35 140 247 279 292 250 68 302 275 90 211 193 267 124 25 133 190 82 48 97 282 138 257 4 134 87 162 10 123 225 102 148 176 45 135 191 150 159 197 85 224 297 52 : 5073
3 1 
1 28 56 317 37 83 96 160 27 285 191 232 109 53 81 150 130 264 262 210 212 310 220 170 304 24 47 233 237 162 71 194 227 254 225 240 272 131 128 7 42 165 226 248 270 261 21 313 202 306 76 108 23 14 167 102 86 193 292 244 139 228 35 234 314 172 308 124 242 195 269 148 61 84 46 26 51 79 136 231 250 206 303 288 94 178 119 299 309 204 18 142 238 171 278 205 137 174 257 221 203 230 140 312 186 114 11 6 151 241 120 213 223 64 101 154 287 215 161 117 290 207 318 69 271 4 149 291 300 159 36 253 247 25 8 258 315 243 214 236 217 122 163 283 80 224 107 125 132 98 180 298 286 33 121 72 111 22 49 10 58 105 50 73 70 135 87 95 118 177 197 55 289 116 92 85 188 316 77 145 301 62 229 280 185 138 143 166 34 59 104 39 184 123 251 275 97 266 32 156 259 265 164 173 297 89 74 152 211 75 9 302 219 5 284 239 276 91 19 282 182 44 12 54 43 93 100 88 155 90 277 245 305 3 293 274 66 179 113 13 190 65 199 216 106 16 176 17 256 260 20 175 133 183 146 255 249 60 189 196 201 208 78 168 2 57 169 48 41 144 307 181 200 45 134 30 29 246 147 126 15 187 158 294 218 110 273 296 209 263 153 268 235 295 192 198 99 31 68 40 52 112 38 129 279 252 222 63 281 82 115 127 157 267 311 103 141 67 : 5033.1
3 2 
1 79 159 236 34 156 286 75 54 152 267 142 118 233 26 198 38 217 257 262 80 76 86 189 291 145 99 92 53 113 226 72 15 77 244 273 285 186 229 265 49 102 179 249 178 18 317 182 287 127 162 170 316 85 207 10 171 204 202 51 264 65 61 157 256 88 223 117 269 209 59 100 94 16 106 22 197 125 280 190 70 4 149 175 67 37 42 6 120 14 137 228 69 161 300 234 278 169 56 11 96 55 266 308 58 133 89 168 121 13 105 104 116 158 213 91 103 98 23 141 164 151 199 219 46 8 74 307 139 107 146 242 140 57 21 32 166 261 232 128 19 250 222 288 115 268 63 196 195 206 251 90 60 314 144 101 260 282 275 245 109 289 66 214 305 271 130 270 129 108 154 155 126 135 315 185 239 302 221 252 224 194 112 276 284 131 281 174 111 227 296 293 20 40 35 45 36 241 297 167 173 184 138 147 255 180 318 277 283 193 29 176 181 93 95 272 290 238 81 279 274 183 28 39 153 220 259 218 215 165 150 192 3 148 177 17 2 50 83 64 188 82 24 7 247 231 298 237 246 30 41 84 240 12 44 62 309 47 191 201 132 5 25 303 52 68 312 123 71 210 230 295 97 258 253 292 306 203 114 87 73 212 124 48 110 122 200 205 235 119 313 263 187 136 160 310 254 243 43 301 311 172 208 9 163 304 294 134 27 143 216 225 248 211 33 31 78 299 : 5122.06
3 3 
1 19 154 278 205 208 178 187 159 153 110 111 127 115 112 225 249 226 119 272 279 169 266 291 172 91 82 58 69 62 29 40 32 68 86 2 8 160 108 156 274 219 214 310 195 124 116 129 147 289 305 309 299 181 90 170 31 101 72 197 64 95 251 280 301 285 308 307 263 243 295 171 265 39 210 104 41 96 80 98 97 109 215 142 144 300 273 258 168 75 107 146 51 70 182 49 28 162 209 202 81 207 135 137 46 152 118 268 262 252 318 304 293 292 281 183 100 132 255 224 217 216 220 35 11 23 43 94 235 244 211 242 113 232 14 141 5 33 47 238 164 45 6 24 4 106 179 176 61 145 287 186 175 189 66 92 174 294 227 236 65 25 317 57 74 188 63 85 17 103 38 21 34 83 87 199 297 284 296 264 229 117 134 122 177 288 271 241 167 88 239 233 234 270 163 54 48 130 53 120 55 77 89 79 99 204 158 50 44 203 237 131 218 269 155 20 9 313 277 302 246 247 114 37 148 157 267 143 240 16 10 161 166 275 192 312 290 200 231 259 261 230 221 123 180 303 213 228 260 254 136 125 121 223 151 76 196 311 298 185 13 18 67 36 184 173 105 56 30 149 283 276 256 245 212 222 165 314 140 22 7 15 42 60 128 315 248 126 12 102 93 198 71 84 191 52 201 138 194 139 250 133 27 190 78 316 73 206 257 253 150 286 306 282 193 59 26 3 : 3669.96
4 0 
1 2 6 11 21 3 8 20 15 28 29 22 10 12 24 19 25 26 16 17 42 41 51 57 63 66 176 185 181 178 184 191 188 182 164 149 150 155 153 154 39 35 136 127 126 134 137 124 141 142 138 117 113 123 132 129 131 130 121 135 125 208 120 115 116 4 112 5 14 13 106 107 111 108 9 18 27 103 23 30 40 49 45 317 316 48 52 44 43 145 209 152 161 160 162 156 159 158 163 255 250 258 259 165 168 170 269 315 273 272 276 290 287 283 286 282 289 295 296 288 293 292 200 302 192 171 166 278 281 294 277 291 280 279 285 284 274 266 265 260 257 245 244 214 219 229 222 213 211 212 240 232 231 242 313 230 238 233 118 140 139 237 235 228 215 224 223 249 248 263 253 256 254 247 246 314 251 252 261 262 264 267 268 270 271 318 275 297 310 298 304 305 309 308 300 299 303 301 312 311 205 307 199 306 193 194 195 204 203 196 197 94 190 174 175 180 186 179 169 183 187 60 61 34 133 128 122 114 119 220 217 216 109 221 110 239 225 218 226 227 236 234 243 241 143 144 147 146 151 157 148 38 37 36 50 59 56 55 54 62 105 64 71 67 73 80 96 91 79 85 84 83 68 72 77 82 78 89 90 65 172 173 210 167 177 100 207 201 202 95 88 87 189 198 206 98 99 93 92 97 101 102 86 76 75 69 81 74 70 53 58 46 47 104 31 32 33 7 : 833.185
4 1 
1 2 9 8 18 17 37 36 25 26 16 12 20 23 19 24 13 115 112 111 107 4 5 106 113 114 124 141 142 131 130 129 138 209 145 150 154 39 38 137 136 127 117 108 116 120 126 135 34 35 14 208 134 133 125 132 128 123 122 121 109 216 212 211 213 110 217 225 241 232 239 313 242 240 233 231 221 220 119 118 139 140 147 148 151 158 157 163 146 149 152 156 155 161 160 153 159 162 164 210 169 183 191 185 194 195 306 308 309 299 300 297 298 305 310 304 276 275 270 271 318 248 249 227 236 228 234 238 246 237 229 226 235 247 245 244 224 223 215 214 218 219 222 243 230 143 144 166 168 175 180 186 182 177 184 181 178 174 167 179 171 170 266 255 258 260 165 278 293 294 296 289 277 265 315 268 263 256 253 267 262 264 261 257 254 251 252 314 250 259 269 274 287 272 273 280 284 291 285 279 283 286 290 303 312 311 205 307 200 301 302 199 193 288 282 281 292 295 192 197 201 202 207 206 196 88 172 173 176 65 66 61 60 87 188 187 189 190 203 204 198 95 94 100 96 97 101 102 99 98 90 76 73 62 70 75 89 86 93 92 91 84 83 82 78 85 69 81 80 79 77 72 71 67 68 64 74 63 58 42 43 52 53 41 46 57 44 47 49 40 50 56 45 48 105 59 55 54 51 104 317 316 21 27 28 15 10 11 33 32 30 31 29 22 103 3 7 6 : 722.858
4 2 
1 2 15 22 21 32 31 29 30 45 316 317 55 54 57 105 67 72 68 71 78 84 74 75 70 184 95 88 87 73 59 50 49 48 46 43 42 44 56 82 102 101 97 96 91 85 83 92 93 99 76 80 69 64 77 86 79 81 62 63 177 182 169 148 149 156 147 146 142 141 38 34 35 120 208 125 117 127 136 137 134 131 124 132 135 128 133 138 152 159 157 151 250 255 266 265 144 171 166 158 209 130 121 122 119 222 233 243 242 247 228 219 236 237 229 259 264 263 261 315 294 278 281 277 165 269 273 280 291 309 300 299 296 287 282 289 293 295 301 193 192 279 284 274 288 170 272 256 252 254 251 253 314 246 235 214 215 223 224 244 245 248 249 271 276 275 297 298 310 304 305 303 308 312 307 205 306 311 203 195 204 200 302 199 292 286 283 290 285 270 318 267 268 262 257 258 260 143 140 129 123 113 114 107 13 14 115 4 5 116 112 126 111 106 108 221 220 110 109 216 213 211 217 212 218 227 226 240 230 238 232 118 225 231 313 239 139 234 241 163 168 175 179 174 178 181 183 176 172 173 191 188 190 187 66 65 90 89 98 100 94 207 206 202 201 197 196 189 185 180 198 194 186 167 162 155 161 164 153 160 210 60 61 154 150 145 39 53 58 52 51 41 37 104 40 47 36 20 103 23 24 26 28 33 19 12 8 16 27 25 17 18 9 3 7 11 10 6 : 877.585
4 3 
1 2 7 10 29 23 20 19 33 104 37 46 41 43 42 52 58 63 50 59 105 57 62 73 76 70 60 161 160 153 152 149 134 127 135 136 34 14 13 126 132 123 130 131 121 125 129 133 138 141 209 150 155 145 154 39 38 35 137 208 120 116 115 112 107 106 4 9 8 11 15 21 31 28 27 24 18 36 26 25 16 17 5 111 108 113 114 117 124 128 122 109 110 119 225 217 221 216 211 212 213 218 222 220 118 242 239 232 231 143 144 140 139 142 147 146 148 157 156 151 158 163 167 168 174 175 186 179 180 181 177 184 183 176 173 185 189 182 191 178 165 170 278 277 282 272 273 268 251 253 250 228 227 238 233 241 240 243 313 237 229 235 236 234 226 230 246 314 252 247 249 245 224 219 215 214 223 244 248 257 260 255 258 267 315 263 262 256 254 261 264 265 269 266 259 166 171 295 289 286 300 303 302 200 311 312 307 301 195 194 193 192 292 288 294 296 287 281 274 279 299 291 280 290 308 309 310 304 305 298 297 276 275 271 318 270 284 285 283 293 306 199 205 204 203 198 87 100 206 207 197 88 202 201 94 95 196 190 188 187 65 66 172 169 159 162 210 164 61 74 75 69 81 80 83 71 67 64 68 86 77 72 79 82 78 84 93 89 90 99 98 96 101 102 97 92 91 85 47 51 53 44 54 48 49 55 56 316 317 40 45 32 30 103 22 12 3 6 : 746.298
5 0 
1 32 5 53 66 272 241 298 54 12 9 28 24 233 224 229 178 227 244 180 44 308 309 275 213 203 130 310 239 247 41 109 260 56 30 51 204 287 294 201 258 68 116 107 112 261 105 164 47 189 207 248 69 103 118 231 250 97 19 43 65 81 78 148 282 284 77 90 67 46 222 144 108 102 138 22 302 291 312 170 286 210 124 163 149 50 131 31 289 73 307 288 137 35 153 316 38 139 125 295 76 253 232 152 252 132 304 79 150 145 198 59 99 185 190 297 299 84 49 177 254 249 166 266 64 219 276 2 33 129 228 121 271 259 169 214 26 184 86 206 94 42 162 10 20 134 123 98 179 318 199 246 161 230 243 88 60 96 75 158 62 311 212 147 128 23 186 221 8 119 188 269 141 115 85 29 11 25 117 114 110 143 55 61 187 315 226 48 191 160 193 93 146 133 171 296 242 293 225 154 209 82 182 200 192 235 265 7 208 262 215 21 122 236 223 196 3 113 314 172 151 168 16 126 313 111 194 237 305 156 173 140 300 13 216 218 268 74 181 251 256 257 165 159 274 4 15 278 290 92 18 136 80 83 63 101 104 34 36 142 281 234 6 277 263 195 317 100 279 52 303 176 89 14 238 27 175 220 135 72 155 301 270 106 71 58 283 39 37 70 127 157 57 40 91 245 17 120 45 240 167 183 267 255 264 211 87 273 217 205 306 292 280 95 202 197 285 174 : 5124.78
5 1 
1 22 240 247 226 224 257 162 153 172 235 262 114 259 74 218 313 223 16 24 296 97 310 255 44 36 273 33 260 49 48 232 271 104 221 294 188 124 199 281 135 278 102 267 77 185 213 177 292 289 105 95 79 56 180 64 194 243 308 112 161 134 55 111 106 62 300 120 18 315 295 170 212 164 236 250 306 148 76 87 155 237 195 238 249 304 192 41 283 107 264 115 265 222 117 200 119 133 191 152 307 205 166 297 312 203 70 186 93 40 125 72 208 65 254 215 136 241 123 51 34 14 116 108 13 53 253 244 8 38 163 5 58 293 207 245 285 317 10 197 132 157 209 228 220 71 129 173 32 128 214 103 131 275 270 109 137 139 25 113 219 110 35 258 291 146 3 187 169 28 174 149 309 144 66 23 2 45 83 175 256 179 202 122 156 151 52 30 316 81 92 311 181 68 96 231 276 277 287 178 190 86 126 150 69 73 302 160 299 4 21 42 314 198 90 196 98 100 251 60 140 27 37 19 12 26 118 290 282 78 85 20 50 15 206 298 210 184 99 246 142 189 165 286 303 211 11 143 88 171 47 46 91 31 67 63 54 154 225 193 242 248 263 216 6 7 217 261 280 130 234 274 252 127 101 305 82 230 269 147 9 59 84 279 301 318 167 138 89 204 183 233 94 227 159 266 268 229 80 75 141 29 176 182 61 17 121 168 239 272 284 288 145 43 158 201 57 39 : 5088.89
5 2 
1 214 116 212 7 3 317 318 17 110 240 269 268 25 84 274 15 73 68 173 48 179 217 195 13 178 262 312 10 96 128 9 264 115 279 275 227 290 58 131 167 250 245 226 197 69 23 204 284 203 45 98 162 31 225 234 270 309 307 202 35 125 160 206 81 211 302 134 182 30 34 159 254 244 157 49 166 57 271 221 224 78 242 12 133 5 165 300 100 295 24 258 249 79 86 111 296 288 187 70 114 149 158 55 104 193 241 175 64 105 283 292 140 248 252 132 27 218 299 301 129 52 65 97 80 147 60 19 266 102 113 188 154 26 36 303 199 189 28 122 156 183 253 277 267 314 192 4 161 99 72 136 298 232 256 286 297 281 310 285 51 32 37 50 63 83 293 121 282 92 91 126 190 305 75 120 77 238 219 119 215 71 198 41 94 177 184 207 150 138 216 196 87 287 236 103 93 67 316 155 260 95 137 148 191 40 185 172 201 82 22 85 176 130 56 153 308 263 246 259 237 304 164 210 315 278 235 163 247 142 146 33 107 135 8 209 152 213 233 251 74 273 54 280 139 88 66 181 228 16 194 311 143 174 170 291 44 243 265 230 127 313 231 208 200 261 222 106 205 18 59 47 46 39 90 43 186 151 294 180 169 168 2 42 20 14 38 62 123 61 255 118 141 289 101 144 272 229 276 112 108 21 29 53 89 76 117 6 11 223 220 239 257 109 171 145 124 306 : 5097.99
5 3 
1 208 69 84 71 57 37 28 170 191 196 105 12 185 313 254 270 318 275 213 246 274 282 217 224 168 114 35 126 26 38 125 134 63 40 21 13 241 225 266 52 178 303 300 305 280 253 256 249 25 31 175 239 257 232 133 140 211 279 172 104 46 54 154 231 167 64 80 120 23 11 15 49 212 221 267 273 259 278 99 301 240 143 131 136 162 210 89 156 102 87 189 197 77 55 83 59 183 205 199 146 128 66 95 24 18 10 317 181 79 312 309 171 157 3 47 48 2 296 118 187 188 88 72 60 32 112 123 16 34 272 264 293 297 119 260 139 113 135 106 148 302 295 294 195 192 250 230 288 17 6 53 85 65 206 184 144 269 216 8 50 56 90 82 262 276 251 299 164 160 166 190 70 201 58 7 9 316 41 285 298 289 265 291 193 36 39 96 74 67 207 198 203 177 61 186 68 81 86 33 5 142 107 124 127 103 43 101 97 98 45 20 30 115 149 150 4 159 108 29 42 19 129 109 220 110 277 179 163 315 287 307 138 93 202 204 292 174 141 75 100 173 223 304 200 306 237 236 244 238 222 116 209 44 111 155 62 94 176 161 91 145 227 242 248 233 255 215 268 182 180 229 308 284 218 245 228 234 226 290 51 27 121 263 252 152 147 243 117 311 281 247 122 14 22 92 169 73 78 76 194 165 283 219 153 158 137 258 314 235 310 271 286 214 261 132 130 151 : 3640.96
