0 0 
1 3 12 15 11 2 6 10 20 23 29 30 33 27 28 22 19 103 24 7 9 17 26 25 32 31 104 46 47 51 57 70 63 62 61 210 164 35 161 175 166 293 273 284 280 303 193 312 200 199 203 184 178 186 158 269 231 239 229 250 279 285 286 296 283 169 204 194 192 295 290 281 287 277 278 282 310 307 311 292 306 308 309 305 297 275 300 205 201 206 180 150 114 113 122 108 236 240 222 254 272 276 291 174 168 148 209 38 137 133 124 128 125 5 120 117 13 14 116 106 107 111 112 34 141 142 136 135 115 126 65 176 66 94 95 207 202 191 172 196 197 41 36 43 42 45 49 55 97 92 91 96 85 69 81 68 78 82 73 93 86 80 67 83 71 64 54 50 56 317 105 79 77 101 102 188 190 183 173 100 98 76 72 39 156 157 165 259 315 271 318 298 304 270 267 266 274 170 159 167 163 151 146 132 127 131 134 121 123 129 208 53 52 40 48 37 18 8 4 119 138 145 153 155 162 147 143 144 220 232 235 228 245 249 248 247 246 234 243 225 221 109 149 152 154 160 189 187 179 181 195 198 87 60 289 299 288 294 302 301 265 260 262 263 218 110 130 212 118 217 211 216 213 226 227 140 139 313 233 241 257 255 258 251 253 252 256 264 314 244 215 214 223 224 219 238 242 230 237 268 261 171 185 182 177 88 99 75 84 74 90 89 58 44 316 59 21 16 : 1392.75
0 1 
1 6 2 3 11 8 115 4 39 151 148 162 292 282 171 255 231 243 215 214 218 220 114 140 251 227 314 257 261 144 142 166 266 254 253 246 222 236 226 118 131 128 117 134 37 25 18 16 126 172 180 301 293 193 311 199 302 307 306 205 303 200 198 196 207 95 175 165 283 284 272 279 287 304 275 248 247 235 238 313 297 310 312 295 294 289 278 281 300 285 296 288 274 259 273 318 271 252 228 224 223 244 245 249 256 269 264 268 263 262 315 267 258 265 260 143 232 242 240 241 239 219 213 216 119 113 116 136 108 111 121 225 110 109 212 211 217 230 237 233 229 139 221 234 250 152 145 153 194 178 184 182 70 77 67 73 89 93 99 83 71 63 79 85 82 44 50 55 317 48 58 57 62 47 24 104 22 32 17 19 9 13 112 106 107 14 5 124 123 159 156 157 149 163 147 209 150 146 189 155 174 179 167 186 195 203 204 188 177 169 35 34 125 208 120 122 137 38 138 154 210 173 176 183 88 190 170 192 291 298 270 280 299 308 309 305 276 290 286 277 168 158 161 160 130 129 133 141 132 135 127 26 43 40 54 65 66 164 60 61 181 187 191 185 202 197 201 87 94 206 100 98 90 101 102 91 92 96 97 52 56 105 68 84 59 49 42 74 78 72 64 69 81 80 86 76 75 51 45 31 30 27 12 36 21 316 41 46 53 23 33 28 15 20 29 103 10 7 : 1361.77
0 2 
1 2 12 40 51 32 29 22 33 28 3 10 23 14 13 106 113 120 164 60 150 154 161 146 141 132 117 126 136 134 128 131 35 125 24 8 6 7 15 38 34 127 123 217 212 114 122 130 137 138 302 195 158 121 135 133 124 129 209 148 139 234 109 110 119 220 233 242 269 166 259 250 143 144 142 151 159 162 149 145 152 160 156 155 208 237 229 228 235 240 239 231 232 118 140 258 257 254 272 293 193 301 300 298 276 291 274 273 282 292 170 171 163 147 157 153 39 210 173 88 62 52 54 44 59 48 50 56 85 84 77 73 93 90 74 187 178 194 175 167 174 191 202 183 65 182 176 184 200 205 312 311 309 279 299 281 288 283 285 280 290 296 284 192 295 278 277 165 168 286 287 289 179 181 61 66 185 169 172 180 186 306 303 308 310 294 260 265 263 244 238 226 224 245 215 214 223 213 313 221 211 222 218 236 318 246 252 255 266 268 262 261 267 315 264 253 248 249 251 219 225 314 243 241 256 247 230 216 227 270 271 305 275 304 297 307 199 197 207 206 201 198 190 196 95 94 87 177 189 188 203 204 100 82 102 99 76 69 79 72 67 64 98 89 75 80 105 70 58 55 83 68 81 86 97 92 101 96 91 78 71 47 63 41 53 43 46 37 42 49 317 316 57 45 18 27 25 16 103 19 36 104 17 116 107 112 4 5 115 111 108 9 11 30 20 31 21 26 : 1355.35
0 3 
1 2 10 6 3 5 111 208 13 26 31 32 11 37 14 115 128 130 113 134 35 34 127 145 54 43 42 52 46 57 77 72 69 81 173 38 164 169 184 191 177 185 178 170 167 174 168 158 147 163 171 180 179 188 66 183 189 204 197 172 87 176 60 210 153 141 220 233 236 245 252 257 314 258 259 264 262 263 248 249 244 223 219 222 240 241 246 234 225 237 214 224 270 271 318 273 267 228 226 243 313 230 231 242 166 265 260 269 299 309 308 192 274 277 289 286 298 296 301 307 200 311 193 302 205 199 306 312 303 276 275 304 305 297 310 280 279 288 315 255 287 281 203 181 186 300 291 292 294 290 285 284 282 295 278 293 283 272 268 253 256 266 143 159 150 144 254 247 238 232 235 122 131 124 24 12 8 103 22 21 29 28 18 23 19 58 93 91 92 97 86 84 89 95 88 100 94 65 182 198 99 98 90 76 80 85 79 71 78 102 101 96 82 68 83 62 41 104 47 33 20 30 15 16 17 36 59 317 49 50 56 63 64 74 73 67 105 55 51 48 45 316 40 44 53 75 70 190 196 206 207 201 202 152 156 155 160 138 123 121 114 108 112 4 136 137 157 209 146 151 149 133 132 142 139 154 148 165 250 251 261 175 195 194 187 61 162 39 161 135 106 126 125 120 116 107 129 117 109 110 118 119 212 211 216 213 218 215 227 229 217 221 239 140 25 27 9 7 : 1296.84
1 0 
1 6 2 103 22 21 10 28 11 7 12 17 8 4 106 112 128 126 111 107 5 115 129 135 35 14 137 145 148 163 38 160 162 152 156 210 66 172 176 147 146 120 13 134 34 36 59 104 71 83 69 70 89 74 90 68 92 102 101 93 86 80 81 64 53 105 63 62 51 54 44 49 50 317 78 77 67 82 85 91 96 97 79 84 72 76 73 99 181 189 75 98 206 190 182 185 187 183 94 196 202 201 207 100 197 95 188 194 180 178 184 186 193 301 312 286 269 315 238 228 237 248 236 244 215 214 313 109 217 221 118 119 125 127 133 138 136 208 116 141 142 164 169 167 155 168 153 149 24 19 32 58 18 25 23 30 20 31 316 45 56 55 46 61 60 161 151 159 209 131 123 113 108 117 121 110 220 241 218 226 234 229 199 311 289 280 279 309 285 303 293 296 166 266 272 270 290 291 308 306 205 299 300 281 278 287 192 277 292 171 302 310 305 271 259 250 314 165 282 283 288 274 170 273 267 239 240 231 224 223 245 249 318 276 275 304 297 298 284 294 295 230 243 227 235 225 114 132 216 211 122 130 124 150 158 255 242 139 232 233 246 143 140 222 219 212 213 144 260 257 258 263 252 253 268 256 247 251 254 262 261 265 264 175 204 307 200 203 195 177 173 87 179 174 191 88 198 65 157 154 39 48 40 57 47 41 43 52 42 37 33 15 26 29 27 16 3 9 : 1328.52
1 1 
1 2 317 96 102 97 92 84 73 53 56 45 104 161 154 158 163 160 153 150 61 60 38 58 105 63 62 54 51 31 32 33 37 52 43 71 64 67 101 95 88 76 91 93 98 99 207 169 172 65 66 149 155 146 141 133 138 151 168 152 210 175 306 200 199 288 294 304 309 310 305 280 284 285 171 281 292 311 205 206 94 201 85 82 90 70 81 74 100 80 89 75 72 77 69 78 79 86 174 145 39 116 135 25 17 9 8 106 137 127 117 113 132 120 5 4 126 115 16 18 26 55 57 41 50 316 83 68 59 48 121 131 139 259 250 258 253 231 228 235 244 223 215 218 119 241 216 118 222 217 224 268 299 307 192 277 289 279 265 144 232 114 124 123 35 128 125 109 211 212 219 227 236 243 255 269 293 295 312 195 176 278 287 283 291 297 276 270 271 318 275 282 193 302 204 183 173 164 177 197 196 190 202 198 191 184 87 187 185 186 203 194 189 188 182 181 179 180 178 156 157 166 165 274 261 254 239 209 159 136 208 129 147 142 226 230 240 233 237 229 234 246 262 213 220 107 111 112 13 24 7 10 12 103 30 40 49 36 42 46 47 44 34 130 143 148 162 167 296 303 308 300 298 273 256 260 263 264 314 251 257 266 170 290 286 272 301 315 245 249 248 267 252 247 214 238 221 225 110 140 313 242 122 108 134 14 15 29 11 19 27 20 28 22 23 21 6 3 : 1444.2
1 2 
1 2 7 11 15 20 3 29 21 9 12 19 16 27 24 30 6 22 316 67 173 188 60 133 132 26 25 23 105 317 53 58 52 17 8 114 113 238 233 230 219 256 257 268 254 273 270 276 310 308 304 299 285 171 165 247 251 293 282 289 283 272 279 309 297 298 300 144 123 39 148 158 152 209 153 154 61 87 88 197 194 195 178 186 207 100 98 99 94 206 203 181 180 200 311 205 199 192 278 166 179 185 184 191 202 201 198 95 196 204 170 315 250 314 242 241 142 140 119 231 229 228 313 234 248 246 245 244 243 232 225 239 236 218 224 318 271 263 262 260 258 261 259 267 266 292 281 277 288 253 252 286 290 295 294 274 296 287 284 291 280 275 305 303 312 301 307 306 302 193 189 54 43 49 40 59 45 65 177 187 176 66 69 70 75 81 68 79 93 102 96 97 89 72 82 84 83 85 86 90 74 101 92 91 190 175 174 169 155 160 162 157 161 210 156 149 150 139 226 227 222 240 143 255 269 265 264 147 163 141 131 118 109 216 237 235 249 223 215 214 213 212 110 217 221 220 211 116 137 34 134 115 112 4 18 35 136 151 159 167 168 126 129 122 121 130 146 164 71 78 64 46 55 50 48 104 36 41 42 37 14 107 13 5 103 32 56 57 51 47 44 63 62 76 77 80 73 183 182 172 145 38 138 120 106 208 125 135 117 108 111 128 124 127 28 33 31 10 : 1330.74
1 3 
1 22 29 30 28 21 17 27 23 3 2 7 6 20 103 4 117 124 129 108 106 107 113 123 313 218 214 215 219 211 212 227 236 264 267 276 299 308 312 286 294 303 204 177 190 52 44 51 50 59 56 64 67 82 79 77 86 68 83 85 101 97 102 207 94 202 195 199 306 295 179 165 268 258 265 261 263 252 253 262 246 245 223 224 247 243 232 230 228 242 229 234 233 226 256 254 257 278 125 116 112 120 5 9 14 38 128 208 134 111 13 35 39 18 25 16 37 41 55 53 57 58 36 24 31 32 316 104 33 43 42 40 317 48 47 54 105 78 84 91 92 80 73 90 87 197 201 100 196 95 88 66 61 147 168 60 169 155 154 157 148 160 152 156 162 161 164 163 159 210 65 191 194 203 205 200 307 302 283 315 310 272 285 279 291 296 311 193 292 280 318 249 244 248 251 259 314 255 166 171 274 281 293 300 289 269 266 144 260 301 192 178 181 185 183 187 188 184 186 174 182 180 206 99 198 189 69 70 46 153 150 209 137 131 114 127 115 135 126 133 231 216 118 241 239 119 141 167 175 149 130 34 136 151 158 146 145 138 132 143 250 240 238 237 235 222 213 220 217 122 121 110 109 221 139 142 225 140 277 284 273 271 270 304 298 305 275 297 309 290 282 287 288 170 173 172 176 63 74 81 62 75 89 93 98 96 72 76 71 49 45 15 10 11 19 8 26 12 : 1314.63
2 0 
1 142 18 260 31 24 156 54 168 90 155 139 53 70 295 29 145 165 30 265 150 195 225 268 306 198 42 148 78 48 95 103 97 276 318 120 207 102 171 234 185 160 191 37 222 173 28 100 233 228 312 88 187 93 74 166 259 219 251 61 169 301 270 3 143 175 94 43 13 134 45 55 75 17 164 47 133 14 23 27 249 230 292 310 274 200 77 9 7 196 248 253 227 125 209 46 65 26 163 44 212 36 149 176 15 138 181 117 38 202 223 89 298 302 194 206 199 152 311 309 263 239 243 118 283 80 235 237 183 105 50 316 255 266 180 231 313 247 294 41 71 167 254 303 63 58 52 147 130 106 121 62 56 291 285 73 204 221 60 113 229 197 40 162 241 115 182 224 135 172 210 108 257 33 16 112 188 66 51 286 81 67 91 192 317 129 140 271 215 35 25 22 104 308 146 157 87 83 34 179 287 288 107 10 144 218 236 289 39 190 116 293 184 123 11 6 12 32 273 290 82 177 131 203 186 299 269 250 256 161 99 307 277 119 132 4 189 128 5 109 86 208 258 159 232 136 261 238 280 193 246 281 174 153 262 68 57 85 278 205 279 124 127 72 79 284 19 20 59 282 240 242 264 214 217 211 201 300 244 141 69 49 252 275 296 314 122 101 110 111 137 126 158 226 8 216 64 84 154 151 245 114 2 315 272 213 305 267 297 92 76 98 96 21 220 170 304 178 : 4974.21
2 1 
1 50 138 71 193 227 77 43 198 92 194 33 148 170 298 303 68 131 171 234 238 34 115 24 3 123 226 277 244 139 117 80 158 150 283 232 186 258 7 239 121 275 177 257 262 307 284 31 237 137 101 208 90 167 46 184 235 268 174 59 205 66 110 32 210 280 243 246 202 67 160 310 285 47 22 224 199 289 135 314 261 213 231 230 254 151 84 36 14 142 297 119 159 308 103 181 6 9 157 249 247 164 53 17 118 229 318 147 154 116 20 39 72 204 301 44 263 272 214 145 250 259 107 299 51 312 65 317 91 125 195 266 241 161 144 13 132 15 220 30 82 108 207 290 64 265 175 42 60 109 221 166 219 97 293 100 41 316 313 236 192 149 152 251 306 295 294 99 188 255 292 169 106 120 52 87 105 78 95 291 216 112 153 300 302 48 206 180 183 81 182 173 38 57 163 23 122 104 93 98 37 11 29 162 155 178 63 168 176 75 156 228 276 187 96 256 225 212 141 140 270 309 311 126 25 74 203 94 143 245 191 281 315 111 240 248 40 35 305 252 211 196 278 197 12 223 16 49 200 215 260 217 114 61 18 201 56 70 2 89 69 83 27 26 58 76 73 55 128 102 21 8 62 79 179 113 134 209 129 127 189 274 54 165 242 304 5 222 273 288 279 136 190 264 233 218 296 287 185 124 146 4 130 172 85 19 28 10 253 267 269 282 86 271 286 45 88 133 : 5029.87
2 2 
1 211 80 93 152 219 106 292 173 139 74 227 286 303 102 297 242 174 280 306 247 71 6 5 203 113 130 147 17 98 68 317 156 9 28 87 7 209 105 110 259 204 184 8 86 258 257 150 127 32 64 239 151 279 10 46 63 65 183 266 38 135 39 108 20 94 261 52 205 307 200 287 245 215 77 169 23 310 212 275 95 125 240 143 155 177 115 141 304 309 45 116 25 44 241 103 59 89 264 196 4 85 165 145 314 218 193 186 236 234 231 138 191 2 276 66 92 97 181 14 223 26 60 96 301 312 159 271 171 140 124 31 221 294 35 254 230 222 123 179 175 137 316 47 101 82 298 268 255 256 197 192 269 217 136 163 43 104 11 233 284 182 176 33 57 91 148 281 295 189 69 79 207 238 237 55 61 166 142 149 185 19 249 318 119 83 300 88 208 37 122 157 153 12 76 73 194 158 250 120 112 62 285 244 260 134 188 51 18 50 107 272 232 167 180 206 160 315 78 131 15 296 195 278 299 248 220 154 164 111 283 228 129 235 214 27 3 48 30 114 216 293 75 198 29 289 229 273 311 305 109 24 265 199 190 225 34 251 282 128 243 132 22 121 54 133 72 172 308 226 40 49 118 117 170 213 146 58 53 36 16 210 81 290 302 67 42 224 313 277 267 253 161 21 144 270 263 262 202 288 162 84 100 291 246 168 274 13 187 99 90 70 41 126 178 201 56 252 : 5099.06
2 3 
1 31 100 68 92 101 89 81 79 74 48 67 161 16 145 217 129 173 87 88 206 59 71 82 27 296 269 272 35 113 131 141 170 297 266 226 116 278 6 17 22 102 54 152 40 97 7 203 195 198 187 282 304 197 189 166 273 270 298 224 219 211 62 85 86 185 132 135 115 34 208 254 171 313 20 139 114 130 246 80 43 41 75 316 45 236 271 267 285 260 309 291 318 5 136 33 29 10 28 134 169 252 227 234 220 216 157 105 176 172 66 175 214 245 261 103 30 50 104 39 90 143 186 137 243 253 251 199 154 276 262 275 230 237 221 215 255 274 299 305 300 306 151 146 286 235 124 120 125 225 122 65 303 119 8 9 107 162 58 72 174 140 232 229 314 123 228 188 231 117 15 23 108 13 212 111 127 77 14 121 280 283 284 168 200 279 51 11 32 218 247 244 60 63 287 193 183 153 155 164 53 160 182 302 288 192 178 289 150 156 46 44 64 250 268 264 148 312 294 308 281 311 181 98 57 99 177 202 191 277 301 196 49 36 190 184 207 94 76 56 55 73 201 205 42 128 110 126 109 233 222 240 293 256 242 204 95 84 96 18 38 315 78 25 70 241 238 142 147 93 259 248 21 133 310 165 159 194 180 91 210 179 69 83 163 209 149 52 118 223 265 258 239 106 3 167 61 292 257 263 138 4 26 112 290 307 144 158 24 213 12 317 47 37 249 295 19 2 : 3747.77
3 0 
1 70 318 255 257 283 65 59 179 263 307 6 48 45 96 94 15 225 121 66 303 245 88 270 268 246 193 161 181 186 11 241 135 89 82 47 253 300 132 222 128 232 269 235 147 166 201 112 34 69 157 164 136 12 97 167 60 133 119 134 110 289 111 171 98 137 238 64 172 67 50 71 256 217 243 272 288 101 142 90 296 227 131 215 162 16 208 216 316 23 187 146 265 290 5 223 279 226 44 280 221 55 49 25 4 123 149 309 284 150 26 308 99 85 78 39 120 52 295 281 198 248 13 276 124 72 95 103 190 145 28 139 129 175 211 254 185 105 22 17 35 196 194 220 249 244 106 306 305 262 104 74 141 14 107 231 188 18 102 91 154 192 61 92 233 20 41 168 298 304 93 100 260 37 58 155 250 195 203 178 148 214 153 75 189 62 182 240 199 291 310 251 191 29 156 293 160 202 207 247 138 242 275 159 143 36 87 140 286 278 125 40 56 127 118 277 219 228 266 259 114 173 158 32 258 224 273 311 210 81 83 264 170 183 229 239 184 299 301 206 33 213 117 234 108 204 177 292 312 200 236 237 317 313 302 271 144 19 63 274 261 297 7 3 2 8 122 43 27 57 86 21 10 73 42 116 68 115 109 51 24 176 77 9 252 230 267 314 282 285 209 205 165 197 126 54 30 174 287 80 79 212 218 38 152 169 315 46 151 180 130 113 76 31 84 294 53 163 : 5014.77
3 1 
1 209 190 317 118 6 25 216 139 261 294 89 229 251 247 306 277 242 74 119 130 265 254 180 169 264 255 183 113 275 280 164 7 120 297 179 230 107 263 301 122 145 2 18 111 133 233 87 203 195 278 304 271 239 92 8 189 93 101 81 218 151 100 185 187 33 15 83 54 149 57 72 58 134 226 234 194 13 59 206 116 241 282 204 104 30 253 137 90 5 196 178 117 136 155 188 166 298 34 219 50 284 210 163 26 52 24 235 4 161 16 21 53 311 257 148 208 312 316 300 71 160 272 258 96 68 132 248 103 98 94 84 146 181 60 144 115 299 224 171 246 215 244 114 112 40 177 318 291 305 243 158 287 269 20 182 308 105 70 43 288 175 205 29 154 214 292 256 245 152 95 141 48 66 147 49 135 236 222 32 64 37 97 106 138 249 313 157 46 91 220 31 61 238 266 270 80 168 274 41 260 108 131 77 279 126 12 212 3 170 192 197 310 39 232 176 198 193 191 35 51 174 55 45 38 227 228 295 273 9 184 162 314 307 186 65 202 217 82 124 268 199 231 267 262 110 223 252 143 125 172 63 153 76 85 290 150 19 159 44 211 140 315 293 221 123 142 303 276 200 73 75 201 56 10 14 237 165 88 11 47 102 281 167 22 62 86 302 207 213 285 283 156 129 121 289 69 79 99 17 36 127 109 128 250 286 42 78 28 67 27 225 296 173 309 240 259 23 : 5086.39
3 2 
1 306 274 232 291 59 20 268 76 281 38 98 12 214 160 119 151 67 201 280 286 271 94 125 87 60 81 196 70 72 220 121 212 318 111 36 24 9 246 272 247 293 264 296 262 139 136 302 6 58 33 11 97 35 177 222 107 39 108 103 77 294 99 182 66 152 233 256 68 49 254 124 167 178 305 289 208 128 199 240 204 174 193 303 91 28 149 25 18 261 310 5 295 117 283 184 155 132 126 86 308 309 17 314 54 207 297 180 158 265 114 138 64 225 300 73 186 243 313 14 269 267 209 263 304 226 56 197 85 134 153 110 21 3 104 101 190 53 47 23 79 10 165 257 210 102 44 8 112 316 216 238 52 48 200 307 84 173 130 116 65 41 159 22 40 61 192 211 239 251 63 171 301 284 311 166 143 150 31 183 144 245 92 106 217 266 137 164 185 248 175 270 109 50 172 169 93 95 250 55 218 135 13 122 168 181 7 115 235 156 51 45 141 227 292 57 219 96 157 317 154 19 131 74 89 30 224 273 194 299 215 88 187 15 105 176 279 188 191 189 100 78 206 275 129 230 252 213 241 16 290 71 142 146 234 229 179 69 90 82 27 34 258 259 231 4 26 198 253 133 127 170 205 113 62 43 83 221 228 242 260 32 29 148 2 75 237 244 255 312 202 163 282 276 145 42 118 315 161 147 120 278 203 287 140 162 195 285 123 223 46 288 249 298 236 277 37 80 : 5132.36
3 3 
1 12 14 19 138 190 136 17 66 196 197 81 51 317 117 13 4 240 289 306 200 231 281 286 256 264 270 271 164 250 128 107 178 202 205 93 43 102 69 268 129 132 130 212 46 191 56 6 15 101 75 100 62 192 277 298 183 57 88 201 182 47 116 27 147 236 159 292 301 173 226 255 156 241 243 282 257 274 225 269 67 91 26 3 18 112 220 238 222 318 295 307 207 71 50 167 78 79 52 38 5 237 219 276 216 210 187 94 206 308 279 166 65 82 68 8 309 172 149 160 53 40 20 84 179 287 158 32 37 124 137 122 171 77 72 105 95 28 30 24 23 22 63 73 60 96 224 252 123 34 9 10 106 7 11 45 143 299 165 186 80 294 170 35 54 16 126 59 108 215 266 253 248 246 262 275 312 311 180 58 61 145 163 92 127 223 228 235 119 150 302 283 140 110 120 233 109 218 208 76 272 195 313 247 234 259 70 74 125 229 261 29 36 162 239 242 111 115 135 230 193 31 55 41 188 221 213 251 209 99 154 293 199 285 273 87 98 161 177 97 64 89 198 265 296 204 157 260 315 310 291 146 121 232 214 189 118 267 297 290 181 83 39 86 49 152 263 133 42 33 168 104 316 25 103 21 48 144 258 303 176 151 278 284 245 131 280 254 314 139 142 211 249 175 134 113 141 244 114 90 304 305 227 288 300 169 217 148 185 203 194 155 184 174 44 85 153 2 : 3861.85
4 0 
1 7 15 30 37 26 9 17 16 25 40 56 50 59 316 55 62 94 202 201 207 203 198 63 74 87 95 196 204 195 186 175 178 176 61 90 93 97 101 102 79 84 77 67 71 83 85 78 73 82 76 184 174 311 205 301 277 278 274 269 315 260 266 261 267 254 247 244 246 251 248 318 276 297 304 305 307 312 306 200 302 296 280 283 272 314 264 252 263 286 282 279 298 275 289 299 303 287 268 249 245 214 226 218 228 230 224 223 219 235 313 221 122 138 38 46 54 42 155 153 159 156 157 141 140 239 227 253 237 236 240 238 241 256 166 258 259 265 165 281 290 295 294 192 293 308 310 309 291 171 210 149 147 163 148 144 124 133 125 111 132 117 208 128 129 120 112 113 211 242 229 234 213 215 233 118 109 212 231 222 232 139 243 250 170 199 193 288 292 300 285 284 273 270 271 262 257 255 143 119 130 114 137 142 34 123 131 146 185 173 172 75 70 69 80 96 92 66 65 60 183 188 187 89 91 86 72 81 100 206 197 191 167 209 152 150 151 158 182 161 164 160 162 168 181 177 190 169 99 98 88 194 179 180 189 135 126 127 39 145 154 121 110 225 220 217 216 134 115 107 13 108 106 4 5 116 136 35 14 18 36 29 32 22 33 20 31 12 11 3 19 27 21 45 47 104 44 57 52 53 64 105 68 49 317 48 58 51 43 41 28 23 24 103 2 6 8 10 : 1305.91
4 1 
1 2 103 26 27 25 17 37 23 19 30 20 33 32 31 50 105 59 78 82 91 96 98 76 79 93 92 101 97 102 99 90 85 64 58 75 86 77 68 84 48 104 16 29 12 3 9 8 18 22 15 7 28 54 40 316 72 71 62 81 185 179 175 168 157 129 126 128 13 120 112 5 4 125 133 138 137 141 142 140 139 109 110 221 225 238 266 257 252 228 227 235 231 237 211 217 216 212 232 222 220 114 130 131 122 136 127 147 156 210 176 65 87 196 182 60 61 161 209 154 155 164 53 47 317 56 43 42 45 44 49 55 41 36 39 38 145 150 63 70 100 206 207 80 89 83 74 160 308 301 306 194 190 202 95 201 187 183 66 94 198 195 204 200 199 303 299 309 285 290 289 170 302 193 307 311 312 205 192 294 288 284 315 269 274 279 291 296 277 278 293 295 292 287 281 298 300 305 310 304 275 276 297 318 271 270 245 234 251 280 263 259 240 267 186 88 203 191 171 282 283 286 165 144 166 167 178 180 174 184 173 172 146 151 148 152 153 162 158 177 169 188 189 181 197 67 73 69 57 51 52 46 35 34 163 149 159 24 10 11 14 115 111 106 108 113 208 134 135 116 143 250 255 258 260 262 261 268 272 273 265 254 264 253 256 247 248 249 224 214 226 229 215 213 219 218 314 233 243 246 223 244 236 230 241 242 239 313 119 118 124 132 121 123 117 107 21 6 : 1253.99
4 2 
1 2 126 146 250 282 281 193 199 204 302 307 200 203 185 168 159 144 175 166 194 312 306 205 311 305 278 289 279 273 262 263 253 249 244 313 241 143 145 150 34 42 41 39 43 49 30 40 104 45 31 32 23 37 46 50 44 55 90 99 98 89 97 63 74 26 17 25 19 18 136 116 111 5 112 107 4 108 213 231 139 119 221 109 110 122 129 128 13 14 35 36 8 10 29 21 3 6 7 103 28 20 11 33 12 24 114 138 130 209 131 135 137 124 117 106 113 132 115 208 123 142 157 151 152 140 211 218 219 147 149 156 162 174 186 258 255 267 251 245 247 271 290 287 296 294 272 261 269 315 264 164 153 165 293 295 292 301 303 299 309 308 310 298 304 283 276 297 275 280 285 300 274 270 318 256 179 178 173 180 181 170 266 265 260 171 192 288 268 314 239 246 243 227 259 257 242 217 238 230 232 237 229 118 220 233 234 240 225 212 216 222 226 214 223 228 235 224 236 254 252 248 215 121 125 134 127 38 183 163 172 184 167 161 155 154 160 64 52 105 62 68 79 85 101 102 78 59 316 317 48 58 53 54 57 51 47 56 94 202 95 206 191 86 81 190 198 189 197 201 88 69 76 67 77 84 82 71 80 75 72 83 70 73 176 188 87 182 169 177 187 196 66 195 284 291 286 277 207 100 91 92 93 96 65 61 60 210 158 148 141 133 120 9 27 15 16 22 : 1464.81
4 3 
1 9 12 29 31 20 116 132 131 141 129 114 313 213 218 226 234 247 217 109 242 110 212 211 216 130 160 158 188 178 176 187 172 190 88 90 72 101 91 85 93 86 73 76 81 62 63 185 296 292 290 274 299 309 298 297 284 192 286 289 300 308 301 312 311 199 203 204 193 306 205 307 302 206 100 201 197 60 65 183 281 278 288 277 263 266 255 224 276 279 269 251 267 280 291 303 293 170 260 259 265 295 294 171 282 287 258 264 315 165 273 272 166 163 151 156 153 157 148 241 232 231 221 230 219 237 235 233 243 228 222 236 227 229 215 223 214 220 122 123 117 14 124 113 119 140 240 248 318 270 275 283 285 304 310 305 256 252 261 257 139 314 253 268 271 245 244 249 254 262 246 143 250 142 137 121 115 108 112 107 4 5 3 8 15 23 10 2 6 7 21 30 26 40 49 316 56 48 55 54 59 50 57 51 84 74 69 75 80 64 70 87 94 95 202 207 99 67 68 317 45 41 44 43 33 32 53 47 104 134 34 136 135 145 209 162 150 210 161 152 147 146 167 177 164 155 133 126 208 111 106 13 25 18 19 27 36 105 77 71 82 79 83 78 92 96 97 102 98 89 66 61 52 46 58 149 159 191 180 175 198 200 182 173 186 194 179 174 181 184 189 196 195 169 168 144 118 225 238 239 154 138 127 120 128 125 35 37 42 39 38 17 16 28 24 103 22 11 : 1301.67
5 0 
1 263 92 265 164 108 295 306 292 262 266 154 110 175 316 166 113 247 282 95 89 287 229 277 305 180 245 190 317 26 25 62 44 54 48 215 227 28 9 202 65 47 158 275 267 167 284 87 35 86 40 130 145 85 53 76 29 7 303 170 107 176 2 22 160 191 183 200 224 77 172 298 194 36 161 123 50 79 16 165 139 129 268 252 173 68 72 178 189 233 155 63 235 69 209 78 84 73 310 260 146 19 115 132 272 258 162 41 24 195 301 250 197 199 208 14 211 94 230 203 168 99 204 181 114 127 169 239 121 280 288 152 133 134 221 119 249 141 83 98 163 276 192 187 128 304 314 174 135 241 279 286 299 143 131 33 102 318 81 289 120 213 82 10 6 43 182 273 71 177 147 290 88 74 291 294 212 20 140 248 223 242 225 302 269 39 281 12 52 179 101 228 283 297 244 148 151 8 23 193 91 56 100 312 196 117 116 75 254 218 246 5 57 255 46 238 118 18 59 51 157 11 31 122 30 58 105 159 66 201 111 253 210 278 90 188 259 309 103 234 153 150 311 206 307 257 185 4 37 240 124 216 49 34 61 112 13 67 93 126 186 70 32 64 109 15 137 136 142 3 156 184 315 205 45 300 274 17 198 125 60 97 80 261 106 55 21 231 219 220 243 138 256 296 313 42 207 237 270 251 104 96 171 222 271 264 308 226 217 38 149 236 232 293 285 214 144 27 : 5074.38
5 1 
1 93 126 156 87 139 314 137 57 79 190 197 180 318 130 103 76 80 16 270 184 189 99 294 52 77 105 78 12 74 101 298 227 211 5 59 272 202 177 53 75 90 6 49 32 222 122 26 256 62 220 259 134 21 152 107 232 284 308 257 296 207 231 160 280 204 168 132 169 193 245 244 187 312 209 265 171 198 185 219 120 148 23 40 29 303 151 27 92 182 194 237 164 70 55 110 233 208 19 248 229 54 3 45 266 269 31 183 191 291 106 25 84 178 201 295 158 50 162 216 234 186 138 91 98 131 228 240 226 142 37 71 10 113 181 125 30 83 161 258 210 128 69 203 268 283 213 167 242 289 276 200 305 297 212 22 2 176 150 81 293 179 172 188 72 14 261 108 286 304 301 246 124 39 111 143 317 170 149 85 18 100 8 217 278 249 159 34 255 129 174 96 196 302 241 56 61 82 223 199 281 144 4 243 89 41 15 13 253 195 141 33 11 165 279 254 267 236 307 292 287 274 306 315 123 58 155 86 136 166 36 121 67 35 43 224 116 112 239 153 9 260 114 145 146 205 38 73 135 154 277 273 64 262 118 275 313 221 271 163 46 95 264 235 140 97 60 51 316 117 48 68 88 42 192 299 285 44 24 251 290 310 173 65 102 225 247 115 17 119 218 288 147 63 28 311 215 238 252 263 109 133 214 94 282 175 230 309 300 206 250 157 66 7 104 47 20 127 : 4952.79
5 2 
1 294 6 89 169 248 254 268 158 43 164 23 152 237 36 69 44 168 34 88 304 284 101 193 200 310 260 49 62 38 106 11 60 50 78 197 107 155 17 175 185 240 190 110 142 119 226 198 103 27 256 61 16 131 10 265 255 261 253 113 63 75 77 91 156 154 189 67 161 218 191 37 209 109 290 293 149 235 230 177 199 35 14 30 59 18 132 5 126 299 47 21 108 280 303 15 231 236 289 206 222 74 51 314 308 286 262 72 162 278 263 287 292 291 270 52 55 184 174 201 83 93 192 48 81 112 316 266 288 269 283 311 245 271 244 94 68 187 102 118 19 90 207 276 241 172 178 203 212 194 173 264 309 204 312 249 121 122 159 114 220 29 99 3 84 180 157 171 273 225 80 148 246 196 4 257 7 188 92 64 26 143 58 45 258 213 267 282 302 234 151 306 315 186 227 272 28 147 46 125 71 56 165 232 215 318 146 301 98 33 144 176 181 136 95 297 166 295 221 281 139 205 123 238 243 120 223 216 153 70 22 9 211 135 217 202 214 233 57 219 296 252 229 40 104 275 208 32 25 76 105 224 313 31 100 82 141 179 250 274 160 79 133 130 124 210 183 239 182 163 39 86 242 134 117 42 298 300 247 251 317 137 115 12 13 305 2 66 65 277 96 97 228 20 41 307 170 145 85 54 24 279 53 73 8 128 129 285 127 138 150 195 111 140 87 167 116 259 : 5137.99
5 3 
1 181 200 182 153 47 71 59 156 144 222 217 240 223 34 162 183 175 187 66 53 48 84 199 202 295 287 274 180 309 312 285 286 256 127 317 170 298 111 157 237 225 254 242 119 137 270 310 272 263 73 65 41 55 60 204 198 76 72 61 95 15 18 125 289 305 177 5 49 6 3 21 28 50 99 89 101 58 164 239 318 304 315 36 52 90 148 129 133 159 136 106 7 40 44 70 185 27 63 12 292 288 143 206 80 86 57 102 306 184 227 243 269 154 299 290 267 78 171 132 247 300 98 94 203 91 82 194 141 313 219 213 257 279 244 266 168 192 88 23 39 24 17 146 307 293 294 255 64 69 62 35 173 189 139 241 245 220 233 147 261 205 124 152 163 230 93 46 79 191 30 228 145 115 302 297 235 282 273 117 160 155 190 126 138 128 249 253 209 188 281 118 179 195 196 158 32 131 260 250 262 246 303 193 201 314 166 4 26 103 51 109 16 29 22 107 9 25 275 276 271 165 197 161 150 92 252 186 278 229 211 268 140 87 100 77 67 14 11 130 208 142 215 224 216 264 248 172 316 81 83 167 116 122 210 176 311 259 308 301 207 277 291 283 108 212 151 2 31 42 45 120 114 56 105 43 234 231 104 13 296 258 280 284 54 8 10 169 174 265 236 226 110 214 238 218 112 37 113 121 178 149 85 74 96 75 68 97 20 123 135 33 38 221 232 251 134 19 : 3859.65
