0 0 
1 7 16 44 51 84 86 80 91 96 97 89 102 92 100 207 197 177 179 185 174 170 284 280 276 266 259 272 291 300 304 275 271 270 298 297 305 310 309 312 307 205 306 311 288 203 195 175 178 191 184 168 163 167 144 294 192 302 303 292 278 281 293 277 165 289 279 287 295 301 194 204 198 206 202 90 82 78 83 72 93 85 99 98 101 200 199 308 171 66 188 87 88 63 56 47 316 317 23 32 30 9 17 25 33 28 6 3 29 21 22 31 40 45 55 59 67 71 105 53 46 61 43 36 35 136 135 109 212 211 110 218 228 237 229 213 234 236 235 230 226 227 219 214 215 224 223 244 318 251 253 264 257 252 263 262 268 248 249 245 246 255 267 315 269 166 180 186 196 95 201 94 169 172 65 164 210 160 162 151 148 158 143 149 146 139 254 243 217 118 222 220 221 216 313 233 240 225 238 241 119 239 232 231 242 142 140 247 314 261 260 265 250 258 256 285 283 290 286 273 274 282 299 296 193 181 176 182 190 189 183 187 173 145 154 152 157 156 209 155 150 126 14 120 107 4 125 208 117 106 108 130 121 114 113 134 116 115 127 137 133 132 131 147 141 129 124 123 122 138 128 112 111 5 34 13 38 153 159 161 60 64 68 77 79 76 74 81 69 73 75 70 62 49 48 50 58 54 57 104 42 41 52 39 37 26 27 24 12 103 11 15 19 8 20 10 18 2 : 1144.31
0 1 
1 26 25 16 103 7 10 6 9 5 106 113 117 208 120 112 18 29 22 32 20 37 28 23 24 15 11 30 36 48 317 55 50 47 58 84 83 77 73 64 54 57 104 49 316 56 59 96 101 102 85 67 91 97 92 79 71 78 72 95 189 187 183 172 173 169 167 174 179 175 259 254 246 252 262 265 275 245 249 171 295 278 277 170 274 284 285 299 300 310 298 280 279 286 283 303 306 205 311 312 302 301 203 207 178 180 181 185 186 176 66 65 61 63 75 69 62 105 74 80 70 60 149 136 132 131 121 128 109 225 114 129 133 125 124 134 111 115 14 137 123 130 138 154 153 158 160 150 155 34 122 231 241 233 243 234 228 235 218 213 211 217 110 108 4 135 127 126 53 68 82 93 86 90 201 202 94 206 196 188 197 177 198 195 194 166 168 156 152 209 141 142 140 229 251 244 248 271 318 304 305 309 308 307 200 293 288 193 199 294 289 290 287 282 192 292 281 165 267 261 258 260 264 263 257 266 144 250 255 247 236 223 224 215 214 237 230 239 221 212 219 118 119 220 139 242 313 222 226 227 240 238 232 216 143 296 291 297 270 276 272 273 269 314 253 256 268 315 162 151 157 163 161 164 146 147 159 148 210 191 182 204 100 190 184 87 88 89 98 99 81 76 52 46 41 43 44 42 145 107 116 13 35 38 39 33 45 51 40 21 31 12 8 17 27 19 3 2 : 1165.66
0 2 
1 3 6 2 15 104 31 40 208 126 115 136 35 209 146 148 163 172 81 79 72 78 71 68 64 57 54 63 75 80 77 105 70 69 74 50 36 7 59 46 55 52 61 38 39 154 145 34 124 106 107 133 125 131 122 117 113 142 161 168 169 179 174 157 147 149 153 167 191 207 206 195 177 178 186 187 89 98 96 91 92 102 101 86 197 100 95 180 182 176 171 281 278 289 199 200 308 284 291 280 297 290 288 286 305 304 285 300 318 270 275 276 272 264 254 251 233 230 225 211 110 217 216 212 220 139 241 239 118 119 221 240 247 244 248 245 223 246 237 243 228 226 236 227 242 143 140 234 213 235 313 238 232 222 229 214 215 262 165 282 277 253 250 268 257 314 261 269 315 267 266 265 260 159 158 141 128 129 137 135 127 116 4 5 112 111 14 132 130 120 150 155 156 152 160 190 183 87 201 99 188 164 60 65 181 210 162 151 175 203 204 194 198 202 196 90 94 88 189 184 185 294 256 258 252 166 170 307 302 192 193 296 303 205 311 144 138 134 8 16 25 37 58 76 82 85 93 97 83 67 84 73 62 43 42 48 49 45 51 47 317 316 56 44 41 53 66 173 259 255 263 249 271 279 274 295 301 312 306 293 287 292 283 299 309 310 298 273 224 219 218 231 109 114 108 121 123 13 26 24 27 33 12 11 10 23 9 18 28 17 30 22 29 21 20 32 19 103 : 1287.85
0 3 
1 2 11 103 32 41 42 49 59 316 43 18 22 28 7 3 6 21 29 15 12 20 10 47 210 156 162 155 161 154 38 160 163 149 60 172 184 190 65 164 179 188 177 198 197 207 203 95 201 194 191 181 180 174 175 307 303 193 288 171 289 165 166 277 169 173 187 183 182 100 206 202 99 98 101 97 92 93 76 86 96 81 87 196 88 94 89 91 71 85 102 73 74 80 64 176 61 39 35 51 53 58 105 72 75 44 33 48 45 25 16 24 17 26 19 106 115 13 208 134 128 138 121 127 133 113 129 132 117 108 111 107 5 4 9 8 317 83 82 50 56 54 46 153 145 150 123 130 212 232 313 231 242 114 120 124 112 136 135 126 116 14 34 159 158 267 243 235 226 222 223 215 244 245 214 218 230 240 144 168 167 151 147 250 260 273 259 261 253 246 280 299 278 309 302 301 291 275 297 310 312 205 285 286 287 282 283 290 186 204 192 170 255 249 224 234 229 219 211 221 131 209 146 157 148 152 142 137 125 141 139 239 241 236 247 216 217 110 109 122 119 118 252 248 263 254 258 314 265 238 237 143 228 213 220 140 225 233 227 251 257 264 315 266 256 269 274 284 294 306 308 298 276 262 270 293 296 200 199 311 305 304 300 271 318 268 272 279 295 292 281 195 185 178 189 69 66 62 52 57 63 70 79 84 90 77 68 67 78 55 40 30 31 104 36 37 23 27 : 1369.76
1 0 
1 6 12 29 21 27 44 40 317 316 50 48 30 28 43 46 42 54 53 69 80 86 98 93 82 84 71 79 91 83 74 49 55 57 73 174 178 175 186 169 188 173 159 61 172 65 67 68 72 56 47 105 51 60 150 153 154 210 177 184 182 152 151 147 161 66 88 190 189 187 183 176 203 198 206 199 205 273 298 300 270 271 275 280 287 292 283 303 309 308 305 288 192 281 295 282 299 294 289 200 302 193 301 204 179 164 155 39 34 13 117 123 114 163 274 315 272 279 284 258 143 254 257 256 252 247 262 261 269 165 260 290 296 304 297 276 310 286 291 277 285 268 318 249 248 228 226 253 267 264 250 246 244 214 223 224 245 215 229 240 109 212 216 219 218 236 227 265 266 251 255 263 234 171 166 181 180 195 306 312 311 307 87 95 81 76 64 85 92 75 62 59 58 41 33 31 8 120 124 128 137 107 5 142 141 133 127 135 209 145 156 149 122 121 136 116 125 112 115 4 106 14 113 131 129 208 134 52 38 126 132 130 118 217 313 225 146 157 158 167 138 148 119 221 213 211 110 220 232 235 230 222 231 140 233 238 241 237 239 243 242 314 259 139 108 111 25 16 22 19 24 103 15 23 26 37 36 35 160 162 170 278 293 144 168 185 191 194 207 202 100 94 89 101 96 102 97 201 196 197 99 90 78 77 70 63 45 104 32 10 20 11 9 18 17 3 2 7 : 1342.92
1 1 
1 7 30 31 28 24 37 73 63 70 47 57 53 60 173 89 90 98 96 97 91 92 75 66 176 178 179 194 183 175 174 205 312 308 301 295 287 310 305 300 283 289 286 280 285 279 272 271 297 304 298 275 309 307 296 277 170 291 284 282 290 302 311 281 166 157 151 149 146 190 188 207 95 130 113 123 121 115 120 14 150 145 153 186 187 197 195 199 288 253 256 273 318 248 249 247 143 140 313 222 109 232 240 241 141 164 159 156 152 35 116 51 59 79 67 72 71 80 85 83 86 78 64 316 22 6 3 16 12 49 40 55 317 23 20 43 42 46 58 50 48 69 74 93 94 100 65 177 181 204 203 88 201 99 102 101 206 202 172 198 180 182 184 185 87 81 62 76 84 82 68 77 56 105 54 44 36 104 15 26 17 18 19 27 25 38 208 5 106 111 129 132 167 168 162 161 154 155 210 163 148 134 114 128 124 136 189 191 196 160 135 39 117 107 112 137 4 127 125 133 138 61 169 278 171 306 200 193 293 192 303 299 294 274 292 268 267 252 224 234 246 244 245 215 214 223 229 217 212 242 221 220 211 110 216 213 235 227 226 250 233 231 119 118 158 139 230 225 238 243 257 262 314 236 228 219 218 239 265 258 260 254 261 264 269 266 263 251 270 276 315 165 144 237 255 259 142 209 122 131 147 126 13 108 34 9 33 45 52 41 32 11 8 29 21 10 2 103 : 1412.49
1 2 
1 10 22 49 316 17 18 14 128 117 108 216 212 213 118 239 240 233 230 241 237 119 129 208 38 52 39 35 126 135 134 137 163 162 87 202 194 183 66 187 195 174 184 176 173 198 302 306 303 312 199 204 203 100 95 61 164 154 120 13 127 136 141 122 157 159 172 65 60 152 149 145 43 24 20 28 16 116 4 106 107 111 5 114 221 220 251 261 267 265 266 247 246 236 229 238 242 243 218 109 211 225 110 217 219 226 228 231 313 214 215 223 249 224 244 252 254 255 279 285 283 294 292 295 179 180 182 188 186 165 144 272 280 286 290 282 289 308 309 298 305 304 291 284 262 256 250 314 232 234 222 235 227 318 245 248 258 147 151 197 207 288 293 296 311 277 281 193 307 205 300 287 315 257 259 260 268 253 263 264 170 171 278 299 310 297 270 276 271 275 274 273 269 192 301 200 166 142 123 139 146 153 160 168 140 161 210 175 167 181 189 196 206 177 185 158 178 148 209 150 155 156 169 191 190 91 83 67 78 82 68 64 86 96 97 85 84 93 94 88 90 92 101 102 71 77 70 201 73 79 89 99 98 75 81 69 74 47 46 42 53 54 62 72 80 76 63 57 51 59 105 317 45 104 40 58 36 37 26 12 3 7 2 21 29 11 15 30 31 32 19 25 33 56 55 48 9 8 125 124 121 112 115 131 143 130 132 113 138 133 34 27 103 23 44 50 41 6 : 1336.21
1 3 
1 10 103 23 32 27 19 8 13 111 4 106 211 230 220 232 243 222 212 213 214 215 223 224 228 221 119 118 217 110 122 130 114 133 108 115 117 109 216 35 42 58 63 62 75 76 96 93 84 97 91 207 201 90 202 94 197 174 175 203 194 195 186 179 184 87 206 100 95 98 102 72 47 50 59 71 86 89 101 77 78 56 57 51 54 104 44 17 25 36 157 149 151 121 144 142 123 128 5 9 208 137 124 159 155 152 146 134 141 140 148 158 163 143 139 225 233 238 231 313 314 247 253 252 263 264 259 258 241 237 254 293 278 180 60 164 127 34 116 14 107 113 239 261 249 262 251 268 265 260 255 229 242 240 246 244 248 256 250 170 210 46 48 45 316 30 21 29 7 3 28 112 129 136 126 120 39 154 162 153 167 171 292 288 301 200 205 199 191 187 66 38 52 53 65 182 204 198 177 185 181 172 88 173 189 168 303 300 297 227 226 219 218 236 234 235 245 257 266 271 275 318 270 279 290 273 287 283 276 267 284 280 309 302 306 286 291 289 282 295 307 311 312 304 298 310 305 308 277 274 299 285 272 281 165 169 190 178 192 193 296 294 315 269 166 147 156 135 138 131 125 132 209 161 160 145 150 16 6 2 26 18 37 69 183 188 176 61 81 196 64 83 79 70 92 99 85 82 68 67 105 49 31 24 33 12 22 317 43 41 74 73 80 55 40 11 15 20 : 1437.88
2 0 
1 142 23 212 143 218 84 145 113 109 242 169 204 306 118 297 94 58 163 5 9 24 79 101 136 209 160 234 216 33 22 8 126 224 34 108 215 78 303 193 285 139 162 60 75 103 41 231 95 99 49 47 207 183 80 187 50 89 300 110 98 37 268 182 195 77 104 117 226 13 315 171 155 179 175 200 196 263 178 82 93 257 259 173 189 140 230 211 137 229 2 44 14 245 237 115 125 141 138 134 267 188 308 292 62 154 290 199 40 7 3 31 81 59 10 304 87 153 277 298 90 276 302 43 159 157 217 279 258 280 317 313 135 202 250 68 301 241 270 266 240 253 299 105 70 27 11 165 42 238 116 106 71 192 256 20 186 121 122 83 4 309 221 130 201 210 21 15 32 61 168 72 112 265 288 38 55 261 12 26 57 176 180 198 282 184 260 214 305 194 167 131 128 248 239 39 146 293 310 172 166 246 220 151 181 197 227 205 69 203 144 150 156 114 295 73 254 65 185 286 164 30 17 244 271 74 243 119 67 219 120 147 275 264 132 149 232 291 284 247 64 88 52 102 92 100 312 272 223 222 225 107 28 86 63 91 133 251 294 16 289 278 273 249 316 19 85 213 66 6 29 45 25 54 53 111 314 190 152 283 311 206 170 148 18 228 236 281 76 56 48 36 123 124 174 287 161 307 274 269 191 208 46 235 296 158 97 233 255 51 35 177 127 318 262 252 129 96 : 4912.01
2 1 
1 30 127 219 84 170 110 230 239 65 28 273 45 48 88 228 303 74 234 160 209 144 177 46 168 159 68 158 95 164 41 264 183 172 292 56 120 246 140 245 266 111 252 37 162 250 139 244 269 124 208 155 62 150 222 253 77 316 237 4 167 101 81 96 80 23 92 118 107 15 130 29 116 281 201 302 220 289 271 163 50 44 151 278 31 103 277 231 256 315 72 60 223 318 238 212 184 87 148 100 294 276 232 79 265 236 268 156 89 200 197 191 3 186 194 97 202 36 35 129 243 85 125 189 169 18 249 40 61 233 52 161 147 171 274 227 105 6 59 12 57 86 39 99 214 102 216 267 205 215 180 192 207 142 286 146 21 108 109 217 138 64 82 91 66 204 241 218 11 133 251 313 229 224 128 132 176 188 58 137 83 115 20 113 195 260 254 173 310 290 240 131 261 258 70 199 17 7 190 27 275 123 206 287 94 135 185 54 187 174 175 63 55 5 166 221 9 93 104 181 312 270 154 90 53 13 51 42 255 210 24 279 67 296 198 33 196 75 19 121 114 134 225 14 304 295 149 179 98 317 78 178 272 297 305 143 242 141 145 153 43 314 288 211 136 308 300 117 106 126 76 307 299 49 182 152 213 119 259 112 32 25 8 34 26 73 69 47 193 165 311 293 16 10 309 291 284 306 285 282 122 248 263 257 247 2 38 157 22 71 203 235 283 280 262 301 226 298 : 5005.43
2 2 
1 218 128 234 277 260 86 165 93 284 313 129 238 242 226 24 194 100 159 269 119 149 6 230 169 109 108 10 273 132 296 312 19 7 29 236 80 122 197 185 171 261 166 263 214 256 274 178 195 67 75 196 304 270 297 140 264 308 160 268 210 205 289 133 190 189 46 136 294 301 228 283 229 307 298 258 286 309 183 90 177 314 287 248 113 153 106 47 103 59 69 40 147 187 215 257 232 152 176 310 239 285 78 186 11 30 137 240 134 95 88 207 63 181 142 213 72 57 5 244 250 27 235 94 143 2 245 243 101 156 259 38 99 33 13 288 22 58 83 182 121 237 249 203 291 246 278 155 302 217 318 267 105 162 157 180 115 84 52 225 221 198 172 199 241 71 48 282 200 306 317 251 117 223 266 281 193 303 17 110 3 154 56 151 96 262 139 126 14 295 272 292 279 82 102 85 41 28 32 170 104 15 31 70 271 220 222 148 62 61 131 211 212 253 23 192 51 188 49 77 204 87 219 118 124 184 208 91 55 36 179 202 161 112 81 311 280 123 79 64 127 276 168 92 116 231 18 114 255 224 130 73 54 150 175 76 209 97 98 138 35 300 65 60 25 146 315 305 12 66 227 39 167 21 252 120 111 44 191 16 9 206 265 164 216 26 53 201 173 45 50 89 163 74 275 144 125 8 43 42 107 233 290 254 4 299 293 135 316 158 174 145 141 247 68 37 20 34 : 5096.89
2 3 
1 220 258 138 79 189 204 178 173 45 6 81 97 203 180 172 176 206 194 165 115 103 56 50 96 114 261 264 231 128 102 80 33 62 18 53 235 274 77 162 306 308 237 262 281 290 134 31 58 48 3 28 210 191 311 295 294 310 163 196 167 141 149 117 192 275 254 70 40 198 199 15 19 112 4 121 171 217 218 292 130 142 183 287 201 202 197 86 67 85 69 71 23 55 257 300 159 175 184 164 137 154 222 87 179 174 140 241 143 250 236 315 276 240 20 12 83 73 187 100 271 304 208 14 255 113 98 153 21 302 182 34 133 2 44 59 151 244 30 42 249 7 65 91 150 108 139 148 242 131 124 25 46 68 43 76 88 185 37 297 248 229 118 169 63 277 280 200 299 259 54 82 47 266 267 253 296 29 268 129 157 160 135 110 215 109 243 17 125 32 57 93 291 313 234 283 309 298 279 282 293 303 314 209 61 188 195 284 35 5 106 126 144 90 156 146 155 161 168 166 38 104 147 74 89 95 101 190 84 260 64 94 312 269 289 317 207 177 181 316 36 132 66 127 41 10 238 256 228 246 158 119 212 107 13 136 8 16 39 213 221 223 219 285 230 239 186 205 305 120 116 216 227 245 211 265 273 270 252 224 318 272 22 52 78 60 99 193 111 27 123 122 145 11 9 225 233 232 24 75 105 72 92 51 49 170 301 278 214 226 307 286 263 152 247 251 288 26 : 3966.09
3 0 
1 216 305 286 212 260 135 136 7 147 14 124 27 262 231 50 161 79 187 282 230 198 157 155 192 170 70 107 131 109 15 23 17 203 210 303 248 244 44 12 317 61 114 34 174 285 159 301 281 279 224 290 21 294 2 269 83 186 48 316 125 56 101 99 57 270 293 272 275 111 36 93 71 274 314 233 52 47 84 29 221 227 277 185 40 205 306 278 75 90 51 63 247 150 32 197 62 156 180 176 96 112 78 116 42 85 137 236 243 250 181 190 59 255 299 154 3 28 4 296 64 20 54 91 214 148 184 149 74 235 273 143 213 253 119 60 31 123 98 95 19 39 249 289 308 259 73 165 315 126 158 239 151 193 127 238 256 267 234 80 10 304 153 76 122 69 81 88 313 145 92 35 160 223 222 146 163 265 284 194 167 46 43 208 25 45 33 26 252 110 134 264 129 312 172 195 189 217 288 118 86 191 245 87 177 179 268 237 100 246 251 276 297 292 309 228 188 120 206 171 105 219 72 102 68 133 141 169 55 117 24 53 8 37 175 218 65 202 104 287 144 30 103 232 291 82 13 162 106 108 142 130 11 16 241 89 318 211 225 182 199 94 22 257 115 263 283 307 201 97 9 138 5 209 58 41 310 280 302 200 152 140 220 18 204 67 173 271 49 38 196 261 139 132 266 168 298 113 178 254 242 226 240 229 6 207 295 121 166 311 300 77 183 66 128 215 258 164 : 5048.42
3 1 
1 126 191 64 271 306 51 9 218 296 274 116 72 134 164 224 41 86 136 115 132 14 39 35 146 245 203 98 232 63 133 157 258 200 77 206 99 6 151 5 235 118 295 278 303 158 153 145 196 178 184 57 7 42 166 225 219 114 15 227 294 92 109 117 161 172 264 107 130 127 147 282 62 318 260 276 209 44 194 48 256 121 29 100 143 213 183 88 284 169 250 85 139 242 287 56 275 297 91 228 187 269 221 211 201 214 94 314 168 220 110 226 76 102 55 47 46 192 307 185 124 277 159 141 93 10 79 103 21 176 251 270 80 83 33 61 120 40 155 53 144 189 207 89 122 49 69 231 262 26 291 210 236 193 273 255 300 281 171 24 186 179 165 259 223 111 310 82 54 289 279 212 106 315 170 252 241 125 17 199 190 60 177 268 230 257 237 248 160 265 313 149 74 205 25 173 123 131 97 66 283 309 204 311 78 198 140 222 4 45 36 52 2 135 240 96 67 233 19 3 43 167 150 90 87 142 152 238 27 31 70 162 129 105 317 11 113 16 30 181 286 128 28 305 301 293 137 119 247 261 195 154 308 266 217 253 174 299 202 8 18 95 216 156 239 112 108 267 13 50 23 81 138 234 71 148 34 58 65 182 188 101 302 59 312 254 244 246 280 292 104 68 75 215 38 32 316 175 243 180 298 285 288 249 304 290 84 22 163 272 229 197 37 73 12 20 263 208 : 5079.7
3 2 
1 140 131 180 13 222 263 207 126 269 261 238 266 213 196 183 8 12 271 235 122 139 136 109 250 65 289 69 176 161 243 299 284 313 186 301 30 48 204 270 116 260 146 194 273 162 88 125 241 81 75 64 149 98 202 166 264 274 120 57 50 281 252 245 71 185 74 14 53 296 200 96 164 278 262 218 56 61 184 73 113 17 226 198 247 231 135 220 51 103 216 212 232 227 191 37 101 254 32 29 195 229 228 42 256 18 97 221 22 215 155 54 40 159 188 175 154 15 35 49 137 119 293 237 36 246 117 233 150 158 70 68 173 38 4 151 20 141 165 242 276 240 318 306 86 178 16 104 41 93 239 62 255 288 25 177 145 143 174 34 127 257 292 179 112 147 234 144 303 94 300 315 208 253 314 267 23 63 46 92 82 172 121 189 110 52 224 265 286 244 107 44 251 118 219 100 298 133 168 72 85 311 287 11 58 89 197 90 275 304 193 290 80 111 84 160 169 45 2 248 277 156 153 268 163 124 283 5 316 66 55 24 10 3 91 308 305 310 309 302 206 190 201 99 129 130 170 105 203 295 21 230 307 182 102 28 259 167 199 83 157 217 9 187 192 19 79 7 223 77 67 115 128 27 152 285 294 279 47 78 142 31 205 95 171 297 317 181 291 312 282 87 76 43 272 33 6 39 209 148 138 249 123 106 236 214 280 134 132 108 26 258 60 225 210 211 114 59 : 5124.04
3 3 
1 3 234 211 153 69 81 80 32 103 57 158 179 187 74 97 96 208 268 229 138 130 169 148 126 145 220 252 285 282 170 159 33 184 77 104 194 190 206 60 117 31 78 125 212 230 318 276 233 160 52 317 91 173 137 217 223 199 301 308 100 175 93 240 253 225 72 53 201 274 224 227 9 20 136 43 128 157 286 298 214 263 271 287 149 65 87 191 198 42 150 174 94 89 311 164 102 40 48 264 171 167 202 101 75 49 12 45 70 66 306 181 192 38 62 258 161 189 188 41 58 7 26 140 4 254 257 265 108 29 55 28 46 165 289 310 295 146 266 168 238 249 105 71 76 241 200 61 154 246 204 205 309 291 255 64 85 79 82 47 127 243 236 304 247 119 51 316 73 83 156 177 113 314 19 115 36 30 106 107 11 10 13 267 63 277 269 273 178 99 18 109 242 288 284 279 129 17 112 50 56 90 237 232 133 110 256 39 15 35 183 142 116 210 139 59 185 176 8 27 14 151 152 67 134 95 203 300 315 226 123 34 111 207 297 305 307 163 143 124 6 2 118 239 290 261 259 280 213 222 260 281 296 37 98 172 196 88 86 54 21 114 25 22 23 299 278 218 120 228 251 248 245 235 219 162 293 294 195 144 216 231 221 180 84 92 132 24 121 209 182 68 155 166 215 313 16 44 292 250 303 283 270 272 275 197 312 193 122 147 262 131 244 186 135 302 141 5 : 3943.34
4 0 
1 7 103 24 18 36 27 5 14 116 115 134 208 133 129 141 13 19 22 34 135 136 125 120 137 107 111 112 4 130 122 132 209 149 148 156 147 269 220 233 238 119 240 237 227 219 239 243 258 231 247 222 225 213 110 166 151 139 140 143 265 257 144 263 273 259 38 157 159 176 189 184 181 175 66 90 88 87 81 77 64 105 316 32 11 30 15 49 50 48 71 92 91 97 101 93 98 206 197 201 196 198 173 154 150 152 145 155 182 178 187 167 295 289 311 306 205 199 307 303 308 203 299 251 314 266 170 192 294 171 168 169 61 52 42 41 127 138 131 121 114 117 108 212 218 236 216 214 224 234 229 268 304 305 310 285 279 267 262 249 248 223 215 226 221 313 232 245 244 228 235 254 250 118 230 242 241 264 283 290 284 280 277 291 309 300 286 200 312 302 301 298 275 297 318 271 276 270 272 252 256 253 288 281 282 274 165 188 183 177 172 70 62 56 76 86 80 75 89 99 100 204 292 278 261 246 255 260 142 163 60 59 55 57 51 54 44 58 53 47 104 33 12 20 37 45 43 46 63 202 94 95 207 96 72 78 83 82 69 74 73 85 102 67 79 84 68 317 17 126 211 217 109 123 128 124 113 146 162 161 160 164 158 153 65 315 287 296 293 193 180 194 195 186 191 190 174 179 185 210 35 25 21 31 23 6 2 29 40 9 16 10 3 28 26 39 106 8 : 1448.08
4 1 
1 18 25 14 5 111 131 146 210 151 254 258 259 143 141 123 221 109 122 108 114 217 212 211 313 230 222 213 216 119 113 106 107 4 120 126 128 134 35 55 59 50 48 317 67 82 91 96 83 78 74 76 64 86 85 84 81 316 63 70 75 88 189 188 194 185 197 94 97 102 99 98 101 45 47 49 40 29 33 30 36 41 43 52 105 51 42 54 46 58 56 57 104 28 103 15 11 10 8 24 17 9 117 125 110 239 240 231 232 220 118 144 314 265 261 253 140 139 242 238 243 250 263 280 291 266 273 301 288 296 300 275 252 271 318 270 249 248 286 281 269 168 166 315 241 165 274 260 267 264 251 256 268 294 287 293 193 192 307 200 302 90 100 206 198 204 201 190 72 73 69 71 68 77 79 93 92 89 80 62 60 182 172 207 95 202 187 183 181 177 61 65 169 180 173 184 87 178 191 196 203 175 186 167 164 179 174 195 311 312 306 205 199 170 171 292 295 299 304 310 262 236 245 224 244 237 257 255 234 218 227 247 246 219 226 228 235 223 215 214 229 233 225 112 132 130 13 136 135 138 209 124 129 137 153 39 44 53 133 150 152 142 149 148 161 154 145 272 284 276 297 298 309 305 308 303 290 283 289 285 279 277 278 282 156 162 158 157 163 38 116 115 121 147 160 155 159 176 66 34 127 208 37 16 26 21 31 22 7 19 27 20 2 6 12 32 23 3 : 1333.72
4 2 
1 7 10 14 120 126 4 6 29 12 19 103 23 28 27 33 30 20 104 11 21 22 31 24 15 32 44 105 43 46 60 61 153 150 209 149 151 210 178 189 188 87 183 190 187 203 194 207 176 181 169 100 99 90 98 196 197 95 75 77 86 202 94 201 198 204 191 180 174 186 175 179 148 147 131 122 111 5 16 34 135 128 125 127 136 117 124 114 110 226 248 318 270 271 304 305 300 299 205 306 312 307 195 168 167 161 157 152 53 59 316 45 50 54 47 41 26 25 18 17 36 40 48 51 145 154 155 143 139 254 257 265 251 268 253 249 276 283 284 286 279 290 285 280 291 293 295 165 170 274 277 278 281 289 199 171 200 301 193 311 309 298 275 192 302 303 296 292 294 287 282 166 258 273 269 315 252 244 245 222 238 241 237 228 217 213 119 109 211 212 231 246 229 230 225 233 264 263 297 310 308 288 206 81 79 71 68 76 80 89 93 101 102 96 91 84 78 64 56 55 49 317 62 88 182 177 185 173 184 57 63 69 73 70 74 67 72 92 97 85 82 83 58 42 52 66 65 172 159 164 38 39 141 142 163 156 146 160 162 37 35 137 134 115 116 112 113 232 118 314 242 313 218 219 261 262 256 255 259 247 272 267 266 250 260 243 235 234 236 214 215 223 224 227 221 216 220 121 138 158 144 140 239 240 132 129 13 133 208 130 123 108 107 106 9 8 3 2 : 1224.3
4 3 
1 3 9 8 103 32 30 317 316 50 48 52 61 102 97 44 24 28 21 15 11 33 104 40 26 25 39 62 64 105 63 56 53 46 41 42 51 55 54 45 16 19 43 120 126 134 127 208 121 123 243 314 224 219 222 246 255 254 261 227 215 223 214 244 249 275 318 276 304 297 312 307 205 200 306 311 293 294 301 199 303 268 248 245 262 225 143 144 231 235 237 251 236 234 232 229 228 226 218 213 247 252 263 273 291 270 299 309 300 286 284 285 292 287 278 277 264 315 279 267 265 272 283 288 192 302 163 157 148 156 145 34 14 111 116 128 135 136 146 162 175 167 269 258 259 230 221 313 233 242 240 241 238 216 118 211 139 250 256 253 271 257 260 171 274 280 298 310 305 308 290 296 282 281 289 295 193 181 180 198 203 194 94 197 195 204 186 178 179 165 266 170 166 142 141 149 154 155 173 188 79 72 82 78 80 99 89 75 100 191 183 70 86 84 67 59 49 57 81 74 65 71 91 96 93 83 68 101 85 90 98 92 73 77 69 76 37 36 27 12 18 17 20 22 7 2 6 23 38 153 150 137 13 115 113 106 107 125 122 138 133 112 35 209 152 210 177 189 182 201 196 202 206 207 95 190 185 140 132 114 4 5 108 117 129 239 119 217 109 220 212 110 124 131 130 158 174 168 164 169 88 172 176 184 187 66 60 161 159 151 147 160 87 58 47 31 29 10 : 1332.25
5 0 
1 74 130 99 170 268 305 279 76 80 10 184 318 298 219 25 105 151 304 182 83 163 181 173 201 37 147 213 265 209 81 33 145 26 176 41 272 242 97 86 157 262 188 297 308 270 166 50 161 198 111 24 96 98 162 267 9 39 73 88 52 149 120 15 19 60 79 63 144 38 174 280 273 18 56 11 172 252 13 141 77 290 143 14 196 40 232 216 146 64 168 257 7 62 92 197 153 177 271 222 218 58 75 12 300 275 202 160 312 207 187 28 204 101 46 30 291 292 289 93 309 293 55 245 155 169 110 87 193 288 295 109 140 212 317 21 42 91 240 65 53 22 20 103 106 35 306 311 100 47 122 244 154 125 131 214 117 192 5 258 284 287 276 159 175 171 133 180 123 112 227 277 85 2 254 210 95 195 315 203 114 264 185 179 274 253 119 235 236 82 78 206 94 137 299 139 313 217 89 17 54 250 116 16 34 67 225 45 156 84 121 57 249 251 233 167 107 68 186 27 165 199 71 152 266 230 220 118 102 164 132 36 310 108 239 228 259 237 231 3 136 44 191 158 226 221 248 215 6 128 124 135 32 4 134 303 307 243 208 115 261 229 8 255 281 223 72 260 104 150 69 70 224 314 190 234 296 301 269 286 194 200 43 294 256 127 263 113 142 129 282 51 138 183 238 48 246 29 61 90 148 31 59 283 278 189 302 23 49 178 126 316 241 285 205 66 247 211 : 5139.27
5 1 
1 233 213 296 112 269 108 78 48 8 124 202 141 163 7 182 178 158 147 272 225 138 134 95 41 316 100 174 4 60 210 85 52 160 236 260 86 97 187 3 248 265 314 289 13 105 150 302 82 227 80 143 204 307 117 209 292 186 240 135 245 107 261 73 311 287 218 253 118 136 25 231 315 192 313 148 46 109 20 11 119 305 310 146 224 228 5 116 149 300 304 111 14 217 278 301 250 17 33 177 115 37 293 123 274 223 151 126 137 239 19 83 299 295 290 96 92 45 49 130 282 54 28 142 153 264 214 179 188 207 312 193 226 238 220 114 189 270 10 2 273 257 252 243 98 70 47 59 164 200 155 63 285 247 318 267 303 170 156 27 68 40 81 66 196 67 199 203 208 87 258 171 288 256 251 56 23 101 266 259 113 16 12 53 64 71 167 38 104 42 18 139 255 262 24 44 31 9 93 90 212 280 145 131 121 6 43 194 298 309 172 162 34 103 79 244 308 291 183 65 222 29 132 237 241 181 91 106 69 133 144 271 216 120 32 277 30 15 35 39 127 122 161 191 176 201 169 57 58 268 275 215 232 140 157 219 50 26 283 205 36 190 89 129 242 279 284 180 84 206 51 175 159 165 94 184 198 173 185 102 294 297 77 88 230 246 263 154 128 166 197 75 62 317 76 234 22 99 254 21 152 235 221 74 306 281 168 286 55 125 72 229 61 211 110 276 249 195 : 4813.15
5 2 
1 108 57 4 81 133 241 287 277 96 97 256 255 275 49 51 102 47 177 167 190 205 106 188 185 139 212 55 98 53 288 89 208 82 224 214 107 219 179 61 138 15 25 116 17 78 157 2 14 151 280 207 204 168 130 289 161 141 150 265 128 236 118 123 26 125 19 31 311 252 153 22 68 233 262 198 73 91 27 59 187 304 279 35 152 251 94 74 195 267 314 191 299 264 302 308 290 202 232 12 135 292 316 36 209 300 210 87 39 174 24 34 281 273 313 243 240 126 58 103 312 38 216 137 131 79 85 80 48 69 71 144 13 112 145 122 164 10 9 206 270 33 230 194 238 75 148 196 172 263 250 166 253 95 8 301 186 182 111 318 295 109 30 121 64 60 119 228 218 154 21 297 65 221 18 231 303 165 176 171 155 7 247 226 114 234 258 72 217 169 3 142 46 134 66 246 237 158 269 44 99 235 110 62 29 223 296 294 200 268 286 16 32 284 83 211 67 127 162 159 140 261 259 213 215 227 220 305 291 178 56 192 310 248 244 129 257 260 245 285 298 20 283 149 201 50 266 86 88 175 147 136 197 254 278 271 222 156 43 28 54 317 70 6 282 100 92 146 105 93 42 170 229 41 120 306 309 90 225 77 307 104 315 272 239 52 84 276 274 249 293 163 113 124 183 63 203 184 101 242 11 23 132 117 199 180 189 115 5 37 143 76 160 173 181 45 40 193 : 5122.04
5 3 
1 238 246 159 104 10 56 54 251 244 262 247 273 286 261 193 176 190 85 30 177 49 98 142 114 118 124 5 34 37 147 150 279 206 73 316 16 241 271 198 196 199 226 235 108 25 24 7 38 19 234 216 139 17 113 217 42 207 265 318 152 116 168 173 75 44 4 99 186 312 187 290 228 119 240 192 88 64 167 287 109 134 278 194 95 65 146 39 223 215 166 172 301 315 300 220 230 33 47 175 289 245 306 169 144 161 15 127 82 145 239 242 229 294 302 203 317 160 128 133 210 21 154 259 233 295 256 212 231 107 252 305 205 208 141 156 151 90 94 298 311 165 288 74 26 100 308 201 185 282 200 76 149 41 27 31 57 2 20 9 232 227 249 267 248 214 219 236 221 110 69 102 79 62 60 272 268 257 204 63 28 45 59 96 86 48 72 55 50 253 254 40 32 35 12 6 314 130 125 284 191 138 81 52 164 155 105 153 36 269 299 293 183 263 303 181 178 184 182 162 195 309 237 224 188 91 101 68 189 89 71 58 179 132 157 51 97 297 111 106 18 136 313 143 121 122 123 43 140 137 103 11 3 120 135 117 304 307 292 174 180 296 310 92 70 80 78 14 148 197 112 222 258 255 218 171 275 264 209 115 22 158 77 93 83 87 213 211 243 260 274 283 170 84 23 163 61 66 202 46 53 29 67 126 250 131 225 270 276 291 285 280 13 8 129 277 266 281 : 3891.31
