0 0 
1 56 47 62 13 17 300 303 31 259 27 38 212 267 116 34 292 248 161 231 245 124 289 191 61 197 106 167 238 131 44 291 258 182 54 57 136 315 138 316 158 37 181 118 213 253 278 237 271 224 93 21 4 25 296 208 275 134 143 228 82 185 269 125 145 3 317 50 55 75 302 257 244 170 186 198 117 83 243 252 254 109 187 19 255 234 247 222 206 314 119 11 260 78 64 216 169 263 58 40 283 12 230 217 195 153 155 88 183 200 144 311 306 265 114 242 219 164 36 8 251 9 133 115 192 168 264 108 178 18 130 6 5 60 46 184 207 45 110 151 65 139 262 268 313 256 107 26 154 266 180 91 189 28 71 226 277 241 301 201 307 99 102 77 129 159 35 23 84 137 196 202 10 293 308 42 149 214 261 81 135 146 318 160 126 312 209 250 236 279 288 240 223 173 76 90 310 156 148 193 249 298 220 270 70 69 162 211 284 309 276 105 95 142 175 39 67 103 89 174 299 48 188 190 16 210 79 53 215 280 24 59 15 123 132 73 304 2 286 305 235 294 86 7 122 147 171 204 68 177 100 74 111 272 203 163 113 290 150 30 141 72 49 43 225 92 87 85 20 179 14 94 166 274 273 165 96 152 121 128 297 205 281 33 218 120 29 227 194 172 80 140 199 66 32 101 22 104 229 127 239 97 98 112 41 52 233 232 176 51 282 221 287 285 295 157 246 63 : 5270.38
0 1 
1 139 126 304 170 96 37 103 163 187 318 312 199 4 153 82 92 79 261 18 12 78 47 236 122 185 99 31 155 22 43 6 81 260 207 29 159 172 70 80 182 51 58 76 5 124 176 86 35 171 313 112 237 107 28 225 229 193 132 188 11 147 123 178 201 230 200 194 40 54 277 151 205 307 184 175 129 183 2 208 121 281 111 114 273 95 14 73 272 174 52 34 290 108 223 292 127 300 158 30 94 244 8 283 269 66 21 317 284 169 310 125 55 50 297 265 311 39 90 135 113 168 210 308 299 85 102 271 213 100 106 250 256 251 315 144 220 263 164 245 142 218 206 33 3 247 262 293 180 303 288 140 45 59 161 246 268 134 196 242 238 19 198 91 309 160 146 65 115 314 197 259 173 83 294 148 46 270 179 167 62 235 49 219 93 89 203 248 215 228 166 128 38 291 116 25 316 69 68 64 287 141 306 305 10 119 143 110 56 252 298 61 267 295 42 191 154 216 189 211 212 239 48 209 104 145 195 133 72 53 84 253 20 181 87 75 190 279 98 266 240 16 67 280 285 130 254 278 221 186 36 137 214 152 117 156 224 249 15 138 41 234 282 243 226 257 120 60 9 275 302 27 71 7 301 157 289 88 101 57 77 217 258 286 204 177 74 136 222 17 97 32 131 162 296 63 105 150 192 202 165 232 227 276 264 118 26 233 241 109 255 24 13 44 23 274 149 231 : 5392.07
0 2 
1 48 101 87 145 260 162 4 179 170 197 307 25 60 49 243 132 312 235 165 205 74 29 302 99 89 301 114 143 245 7 180 250 71 130 134 19 244 309 288 175 135 125 44 266 178 210 313 153 299 247 224 149 195 201 273 108 287 5 139 211 232 158 137 193 225 293 159 59 146 279 3 45 289 127 144 133 281 168 54 22 93 174 39 207 239 241 242 21 86 123 147 191 142 61 81 291 176 117 305 185 102 31 91 296 264 100 308 198 230 215 107 84 73 121 62 43 103 136 80 68 231 237 276 72 164 67 6 131 115 20 222 53 292 58 186 253 177 306 90 203 189 194 157 112 65 249 234 14 13 265 76 55 110 220 94 28 129 209 286 32 75 271 246 206 42 188 98 161 154 221 2 18 268 163 240 27 169 105 223 155 192 227 85 35 79 30 82 9 202 255 314 109 259 282 111 160 311 304 280 118 166 262 252 256 261 285 17 200 204 116 248 124 33 275 226 290 156 217 47 15 257 274 119 298 270 106 212 70 184 183 218 181 173 83 300 258 278 267 208 78 317 97 310 315 316 104 16 37 69 34 57 236 38 277 269 303 199 272 151 167 66 284 150 122 88 113 213 120 182 64 50 251 46 77 92 283 152 238 187 126 12 138 214 96 52 148 128 297 228 216 254 41 190 140 196 36 172 233 295 171 229 51 141 24 26 56 294 8 318 263 219 10 11 95 63 40 23 : 5370.11
0 3 
1 65 136 121 42 13 2 154 204 237 132 92 128 310 127 133 196 105 206 70 231 142 184 68 175 143 236 194 53 14 205 318 280 135 157 109 110 214 240 316 224 146 156 249 211 216 190 5 139 148 292 248 218 122 220 238 281 235 28 176 305 171 95 304 271 15 11 200 19 287 272 314 300 260 312 261 125 134 131 197 119 307 193 69 79 33 100 89 210 67 83 66 30 266 64 137 252 46 213 239 186 58 107 140 247 34 187 102 282 285 289 259 40 106 138 103 296 291 116 233 38 56 80 61 189 181 74 172 178 169 165 290 279 158 130 315 262 293 123 306 124 313 303 149 44 251 295 150 234 227 278 173 162 117 27 264 246 155 90 50 99 174 48 72 167 215 250 77 85 96 24 153 62 63 245 217 273 221 59 120 20 198 299 31 147 3 114 84 4 297 47 283 270 243 76 73 161 23 258 185 43 45 254 225 301 21 145 91 202 12 97 170 113 118 152 268 284 203 49 151 168 267 129 52 160 177 98 9 6 226 298 308 199 179 60 183 192 75 188 101 164 126 93 256 275 78 294 17 57 219 232 111 104 94 309 223 274 10 71 209 191 81 18 7 180 244 141 22 88 87 201 163 115 208 253 286 277 265 37 269 166 288 8 112 159 302 25 230 229 32 55 54 195 212 26 35 255 182 39 108 36 82 51 222 263 241 16 41 207 86 311 228 144 257 276 242 317 29 : 5115.2
1 0 
1 122 63 73 66 213 257 78 58 191 48 147 235 197 217 279 209 179 3 90 27 168 242 139 265 154 65 277 177 222 96 293 247 249 46 88 307 62 100 232 255 49 223 245 315 273 174 148 263 288 271 189 10 195 256 42 290 285 59 124 61 268 246 211 157 67 215 199 167 5 163 158 26 129 159 181 92 87 72 309 97 153 76 21 56 85 75 250 200 282 18 19 7 186 69 141 267 29 64 47 113 114 134 115 231 83 240 251 188 93 281 239 121 116 143 318 292 51 91 166 125 182 291 233 284 275 138 4 77 261 173 34 25 289 219 45 11 9 52 108 301 259 43 269 311 303 305 112 151 12 32 149 295 297 208 55 13 22 190 254 146 156 53 130 241 120 316 314 224 227 99 103 317 150 210 178 201 164 152 137 107 221 128 236 110 80 270 140 144 175 118 28 214 132 16 218 229 226 286 184 230 37 252 165 300 192 30 207 127 304 44 119 244 170 135 81 274 216 312 161 206 101 180 302 24 36 31 160 155 57 6 38 258 60 70 8 117 33 15 296 187 86 102 145 2 287 162 264 169 35 50 294 98 196 203 95 131 253 298 202 228 225 283 260 248 313 17 84 276 205 142 89 23 79 20 126 123 94 243 278 262 171 136 172 71 68 193 82 39 41 40 266 308 74 306 183 104 111 14 105 176 185 238 234 133 198 204 109 220 54 194 272 310 280 299 237 212 106 : 5199.74
1 1 
1 304 57 80 100 107 198 260 190 157 152 48 175 138 148 15 34 153 14 165 211 241 263 278 67 193 97 132 128 177 22 108 282 246 233 9 206 118 16 59 156 61 284 120 82 55 279 274 135 113 158 11 313 307 216 69 71 20 220 283 52 105 243 237 36 26 169 144 247 29 217 222 103 50 5 187 143 239 125 115 228 174 184 84 45 3 252 141 21 87 73 91 111 19 7 226 271 303 192 40 95 254 151 24 37 194 98 159 221 154 2 214 104 150 189 10 289 238 77 127 242 134 146 183 92 85 70 318 179 126 229 94 147 27 209 186 314 162 119 122 72 89 200 270 287 161 66 96 266 68 316 23 18 249 133 65 58 250 123 13 265 131 140 291 309 300 262 182 235 245 28 273 195 41 42 258 312 81 244 230 231 208 110 317 60 114 109 204 167 290 178 203 234 310 56 213 293 163 315 295 219 292 44 116 199 306 171 185 275 168 136 191 207 35 256 281 121 172 170 261 112 210 64 31 39 88 286 276 253 47 288 117 145 74 83 33 164 259 176 302 296 299 6 86 49 54 305 160 51 149 201 255 212 218 79 197 106 236 272 280 267 264 101 196 63 102 129 30 225 298 269 93 53 268 301 78 137 240 76 75 46 285 181 43 130 173 4 227 124 248 224 8 205 188 202 251 25 257 232 62 38 297 308 155 166 142 90 32 180 223 99 215 17 12 294 277 311 139 : 5429.31
1 2 
1 152 84 14 166 170 306 134 104 37 35 208 112 218 287 255 136 65 67 18 224 109 235 288 72 106 63 299 284 180 64 198 70 52 94 271 44 62 118 6 268 279 315 47 83 38 297 188 121 253 2 202 204 292 169 31 26 20 154 211 243 160 99 241 233 105 54 96 177 138 163 261 206 24 264 247 66 58 12 77 95 179 98 209 298 312 242 226 314 281 248 131 219 39 300 181 289 161 141 191 192 146 127 190 256 220 113 183 270 133 43 150 151 51 81 295 259 85 184 36 135 122 53 162 260 252 13 257 91 178 286 129 87 28 140 155 293 296 307 230 311 207 156 86 157 116 119 216 217 193 17 92 56 74 80 195 221 251 203 250 301 16 11 9 29 45 182 5 34 205 25 46 101 68 302 55 130 97 304 285 41 27 139 266 263 213 196 61 48 23 90 107 111 120 137 132 3 310 115 291 103 303 186 100 73 57 59 187 262 272 153 21 19 102 317 149 212 108 7 199 42 33 215 30 75 171 225 185 4 143 258 308 15 49 82 265 164 128 175 210 254 222 269 189 239 294 267 278 40 194 22 200 60 275 305 144 223 234 318 232 274 167 231 282 158 246 71 124 229 290 76 8 277 313 145 214 273 316 78 148 201 236 32 10 283 228 174 89 245 69 244 309 126 114 173 159 238 117 88 168 249 125 123 237 172 176 50 147 142 240 110 79 197 280 227 276 165 93 : 5310.79
1 3 
1 248 312 218 175 199 256 291 271 71 131 138 122 299 15 19 183 283 267 171 99 216 135 9 48 49 86 96 41 189 166 242 76 172 246 117 11 72 112 79 197 129 247 212 31 101 210 92 14 30 43 60 162 161 22 2 201 284 21 105 6 116 252 91 155 295 217 133 195 167 203 13 146 191 309 304 254 158 219 233 65 207 50 52 98 139 236 266 230 141 10 170 147 83 268 109 17 142 33 274 186 56 59 57 134 187 206 198 182 163 36 263 153 188 8 215 270 277 140 115 16 124 253 238 261 265 275 130 239 279 280 285 85 44 73 94 26 82 64 209 46 250 178 88 204 58 80 262 273 294 128 222 28 290 75 102 149 193 200 221 308 165 103 282 62 53 106 173 78 260 214 258 227 305 315 137 318 292 176 81 286 278 235 314 154 313 211 87 84 152 123 24 42 104 95 77 229 240 287 301 160 127 255 234 4 143 205 264 179 196 29 145 67 114 181 168 164 148 185 136 132 288 169 174 66 35 231 208 69 93 192 38 25 70 5 202 108 27 32 272 249 296 63 150 303 243 18 213 190 310 97 257 111 302 298 55 293 100 113 276 180 68 225 194 118 184 110 300 297 89 151 121 306 259 61 281 232 159 245 224 251 289 119 34 54 177 307 220 126 156 269 45 144 157 120 311 7 90 51 39 20 241 107 37 223 12 47 237 74 3 40 316 125 228 244 226 23 317 : 5208.32
2 0 
1 214 108 4 295 160 90 23 8 291 104 133 91 80 2 175 257 305 242 254 132 300 20 102 197 129 244 225 60 206 215 183 155 251 205 41 179 255 123 22 78 302 241 275 186 59 21 12 116 226 113 163 3 67 185 152 293 130 83 189 228 276 141 301 252 289 74 53 40 64 70 6 317 18 120 135 16 273 63 24 79 101 284 164 199 207 88 310 236 318 48 56 42 9 92 136 314 169 86 68 39 256 261 55 38 95 246 247 218 13 193 11 10 181 146 75 106 312 253 208 196 111 121 112 187 172 230 264 97 117 17 283 192 178 100 82 162 165 76 84 122 128 125 287 220 274 61 174 99 147 87 25 263 299 94 47 85 19 45 316 308 173 65 234 304 26 243 37 191 54 153 115 7 149 285 158 195 154 77 66 27 177 231 51 5 71 50 166 62 139 58 209 188 144 35 31 156 259 202 168 204 148 290 309 249 298 269 29 28 212 52 313 240 105 190 272 159 33 238 248 237 34 194 138 96 57 110 46 32 126 145 307 157 278 137 43 36 250 271 232 229 260 265 93 281 124 103 277 219 270 161 81 227 223 235 171 315 294 303 182 151 224 200 142 109 140 14 266 131 286 262 297 118 167 296 306 222 292 267 233 73 114 107 134 44 49 311 203 69 170 143 211 239 127 15 72 119 288 268 89 98 280 258 279 217 30 213 210 201 245 221 216 150 184 282 198 180 176 : 5217.42
2 1 
1 206 35 90 309 297 202 61 298 126 310 131 245 41 54 128 185 43 91 130 252 268 8 299 301 286 167 210 208 276 228 147 204 198 207 85 213 52 87 183 247 101 58 152 242 111 11 255 161 264 77 63 124 55 18 28 234 127 230 136 133 238 274 188 258 279 201 83 89 145 159 312 193 66 273 75 82 70 191 88 180 92 71 7 289 45 86 316 27 106 163 275 236 231 68 32 129 22 287 139 314 30 177 109 318 144 305 300 153 158 169 119 308 10 221 226 96 98 168 105 285 270 12 39 135 80 103 237 143 189 36 194 205 203 100 235 243 123 281 23 160 151 284 269 277 155 16 137 187 5 178 175 271 239 14 3 33 304 246 104 4 9 17 113 197 72 37 162 78 240 250 222 108 156 42 132 174 200 192 165 154 46 53 44 211 257 79 24 114 176 125 290 262 49 59 272 196 6 116 306 57 251 171 146 97 232 233 227 260 313 215 266 296 186 173 157 212 216 81 282 95 225 67 253 283 302 117 220 263 244 179 256 218 110 107 288 219 94 48 120 229 65 307 15 56 241 134 121 170 19 265 291 2 31 138 38 40 184 267 214 51 29 20 64 249 248 295 150 84 190 261 60 303 209 223 99 294 315 34 69 166 118 199 292 13 74 142 115 181 224 259 182 26 47 93 217 254 141 112 278 311 50 164 195 76 317 140 280 172 73 21 25 122 293 148 149 62 102 : 5258.34
2 2 
1 42 2 174 272 139 254 166 194 291 301 206 312 50 81 132 41 192 310 78 126 210 163 169 64 105 190 227 148 219 162 231 215 37 11 259 283 306 123 146 13 257 198 184 316 77 88 49 258 113 115 107 106 196 54 18 153 140 195 295 268 90 131 204 191 91 234 122 211 84 117 82 110 269 290 108 213 251 151 121 141 172 238 286 277 205 130 216 265 30 9 79 266 294 267 167 99 80 160 31 261 51 302 252 202 181 137 5 59 179 288 3 245 134 104 311 289 38 237 287 193 7 315 221 157 19 27 159 281 87 127 149 305 209 273 299 101 186 8 16 69 74 298 20 175 224 309 92 58 100 93 308 23 46 300 187 28 103 138 152 173 55 168 66 292 280 158 282 25 250 236 318 242 200 67 285 253 278 199 94 177 313 29 182 86 178 197 232 75 70 176 14 124 33 201 275 143 256 240 226 296 271 180 34 154 112 274 43 183 161 239 120 297 76 147 44 144 243 129 142 171 293 102 270 26 71 263 264 314 317 72 156 21 170 111 229 246 128 62 164 89 45 114 133 230 4 39 244 203 228 218 247 225 235 241 214 284 279 223 304 255 118 15 222 83 98 63 248 220 189 73 36 24 307 57 53 10 6 52 276 85 207 40 97 56 233 47 217 262 48 60 145 96 188 208 32 136 125 249 65 150 303 17 12 260 22 165 119 155 95 61 109 35 68 185 116 135 212 : 5290.12
2 3 
1 202 185 316 85 298 112 4 30 206 66 136 95 101 55 193 174 169 250 63 243 237 262 240 307 295 311 191 210 3 48 58 304 104 34 31 221 109 17 182 149 192 134 259 257 279 245 203 299 73 215 56 50 96 20 309 223 159 139 27 74 68 22 162 25 46 88 76 272 23 92 72 105 184 292 9 49 47 51 296 253 166 38 217 81 198 52 258 146 141 41 228 150 91 290 62 44 2 302 318 224 214 254 188 70 278 246 130 67 126 106 5 153 164 75 305 266 273 157 205 64 313 260 291 93 286 83 211 181 71 82 176 197 199 268 129 28 60 39 216 145 261 123 209 158 117 274 77 163 10 148 226 314 29 90 7 133 135 235 255 125 61 69 147 300 14 138 281 288 143 241 194 249 118 264 229 178 263 16 26 282 114 89 40 195 248 204 42 115 231 108 99 43 310 222 54 131 242 111 103 218 168 11 80 59 165 120 78 116 225 175 285 219 127 252 265 275 280 15 65 170 6 13 190 201 227 271 151 238 33 293 303 171 122 110 97 144 128 239 132 270 234 124 283 294 53 18 244 306 247 177 35 308 207 317 167 142 297 161 208 289 179 87 200 121 183 287 94 277 160 312 251 12 45 57 32 140 212 36 180 276 79 189 213 220 172 267 152 173 155 156 233 107 113 269 196 100 284 256 187 119 8 37 137 154 315 236 230 301 186 24 232 21 84 102 98 19 86 : 5303.56
3 0 
1 290 257 306 278 114 141 58 30 83 173 113 103 134 151 207 73 38 309 292 297 276 67 228 22 35 196 16 268 241 235 117 108 71 202 238 206 181 89 147 90 49 40 23 294 275 249 132 188 95 62 227 69 308 129 115 240 234 208 285 253 112 109 10 17 25 43 105 72 60 31 101 56 125 316 48 170 210 91 138 184 74 273 302 267 284 171 271 204 86 118 288 195 314 180 154 57 143 102 68 133 211 225 144 178 212 283 97 317 162 231 261 269 259 295 246 262 150 301 236 286 289 127 311 65 148 55 20 213 166 82 81 182 303 176 63 11 7 104 229 251 298 266 310 12 217 51 174 158 224 120 300 222 318 165 19 135 2 21 186 191 130 24 59 255 299 3 291 14 140 164 221 220 312 123 111 47 52 106 6 100 237 107 179 177 161 124 187 94 80 28 279 205 193 163 36 239 216 307 242 155 33 209 260 153 172 263 87 44 175 75 84 70 85 99 121 136 280 265 142 119 46 203 194 168 39 122 76 9 8 61 149 190 128 215 93 274 296 293 270 282 156 37 27 54 78 116 42 137 41 243 250 183 88 64 247 152 252 4 169 29 26 198 245 34 304 189 272 264 197 126 77 219 244 98 254 226 15 287 277 200 232 258 256 248 96 230 5 45 233 159 131 201 199 192 92 18 13 157 160 110 313 185 223 145 218 79 50 214 32 139 66 167 281 305 53 146 315 : 5190.45
3 1 
1 104 16 299 246 157 86 15 111 124 126 106 21 6 213 148 113 32 91 228 290 143 141 220 117 154 308 274 255 11 119 210 236 270 64 144 35 52 57 310 115 121 18 40 151 224 193 171 268 269 271 242 243 74 59 241 234 266 247 215 288 192 316 100 309 283 305 311 160 120 194 159 277 138 3 61 20 178 307 312 161 295 238 36 118 206 89 2 297 237 158 136 17 186 45 44 273 221 125 317 9 219 212 222 185 300 63 211 218 114 4 205 80 208 81 95 313 42 83 239 296 275 128 60 175 287 133 139 256 34 251 56 146 259 137 248 87 179 98 169 131 225 72 181 39 7 226 41 235 5 67 229 214 183 261 102 174 97 92 264 147 162 249 142 303 306 54 280 285 116 10 31 135 199 101 62 155 318 26 30 71 68 75 198 182 130 168 240 282 165 209 278 170 172 46 153 233 53 29 85 216 123 257 265 207 77 13 187 108 140 250 298 167 263 231 184 173 202 156 188 190 203 70 314 286 294 272 180 134 43 204 301 112 127 93 19 149 24 8 28 23 217 129 38 304 109 110 244 65 293 107 12 262 79 191 163 33 176 245 132 289 267 76 47 166 82 315 230 150 189 94 281 291 73 78 50 152 122 195 99 164 145 37 25 51 258 55 88 200 302 252 276 22 14 197 279 66 58 90 27 69 227 260 105 84 49 232 292 177 254 253 103 96 223 284 48 201 196 : 5147.51
3 2 
1 261 121 187 109 226 132 273 167 158 108 41 126 96 77 90 15 127 238 311 154 294 114 198 110 235 73 141 195 243 168 248 298 98 95 293 22 153 124 76 35 105 97 222 9 24 28 263 312 302 34 39 111 271 135 239 247 301 33 202 183 160 282 186 276 255 250 277 92 161 103 53 295 176 45 262 80 138 184 100 283 264 290 162 93 48 84 57 228 260 170 256 251 272 42 142 234 299 25 47 269 191 231 104 75 200 60 219 119 139 253 94 151 296 3 69 4 116 58 72 112 240 13 171 27 221 233 85 37 291 52 89 189 128 113 229 208 19 236 237 315 87 91 83 227 242 284 147 274 148 199 280 118 288 56 26 38 210 145 246 316 71 209 65 21 18 29 313 117 20 309 78 193 64 11 266 140 102 213 44 7 225 308 136 203 206 59 303 275 137 220 241 218 6 289 286 175 257 307 285 281 159 10 169 14 74 50 172 258 67 68 300 230 156 49 63 51 99 143 278 177 204 196 207 194 55 86 188 152 146 165 279 244 54 149 166 164 36 173 30 217 215 297 61 115 214 245 66 178 224 125 17 82 211 197 287 305 179 5 144 314 106 23 62 174 190 192 181 79 216 304 267 318 8 40 163 268 252 310 292 306 182 130 2 157 101 70 133 123 150 32 81 185 107 212 88 317 205 122 180 249 265 259 131 134 31 46 270 16 120 232 12 254 201 223 129 155 43 : 5289.93
3 3 
1 87 167 190 62 71 231 199 136 20 277 242 180 168 86 80 285 282 100 200 205 204 6 309 3 258 288 284 208 281 106 110 263 163 124 179 292 171 186 8 142 197 130 283 276 279 162 120 228 308 104 153 113 240 246 111 229 214 69 191 312 61 65 31 46 101 207 97 57 198 183 44 52 264 305 144 261 102 148 244 225 293 299 317 119 28 156 22 42 30 212 251 127 161 133 185 72 300 239 271 298 307 152 158 114 254 122 248 145 4 27 316 32 149 9 41 70 18 184 236 73 235 226 265 297 164 301 36 194 219 218 224 25 2 112 245 256 51 160 45 192 47 310 5 35 49 193 216 14 63 17 303 287 151 290 75 123 272 206 302 238 76 268 138 117 306 89 55 39 243 257 318 252 255 267 178 174 155 296 64 237 275 107 129 115 81 260 311 259 50 11 116 227 304 182 92 94 223 74 150 202 139 195 91 220 67 177 93 315 157 95 60 314 221 289 249 196 126 118 213 280 173 15 141 247 137 83 88 172 103 29 125 250 147 262 37 269 294 166 181 54 21 33 90 12 278 209 53 295 143 56 26 215 234 43 79 77 187 23 135 176 132 13 58 99 34 211 273 232 188 230 286 165 201 270 233 40 78 175 105 217 96 169 59 154 159 189 68 108 10 266 121 131 203 84 128 48 210 146 38 16 313 222 291 98 253 241 140 19 134 66 82 170 274 109 85 7 24 : 5291.42
4 0 
1 222 59 78 64 139 194 267 218 211 247 276 288 153 89 55 213 311 214 126 271 113 52 233 156 115 149 104 290 262 177 102 45 128 189 25 246 162 179 155 266 28 174 21 112 111 146 308 212 107 39 225 114 199 34 79 62 188 285 33 298 53 184 314 161 160 301 205 193 306 235 7 10 299 227 182 187 232 297 101 18 86 207 204 137 165 209 289 228 27 56 65 116 181 83 105 196 170 158 231 106 61 109 274 195 178 185 203 253 223 12 309 30 236 173 84 85 4 145 98 287 221 295 258 22 43 66 255 148 13 88 132 122 6 46 123 291 152 5 316 51 90 305 69 93 71 159 154 286 206 294 19 144 96 202 100 192 250 252 129 95 77 317 99 269 275 273 186 150 130 230 135 281 140 201 67 292 260 217 270 26 243 307 47 208 238 261 264 31 259 108 302 63 167 240 36 163 40 215 87 121 237 168 151 92 133 229 210 41 191 245 124 103 241 120 24 248 300 38 74 296 263 219 91 9 164 169 118 68 15 8 44 127 279 166 48 183 73 176 280 60 16 11 315 125 147 304 293 303 143 171 220 265 138 81 197 190 226 268 318 234 257 57 42 277 312 72 94 37 17 14 157 35 110 131 49 29 20 32 136 272 117 216 80 175 249 256 198 310 76 58 97 282 82 278 244 119 70 224 239 200 134 254 242 313 172 50 180 284 283 54 23 75 142 141 251 3 2 : 5342.6
4 1 
1 126 43 169 121 302 124 120 4 60 52 257 82 270 275 315 297 308 218 226 301 26 215 48 57 206 114 159 266 118 318 40 51 244 248 109 13 10 143 12 141 238 62 113 178 32 17 241 129 174 54 44 180 49 90 268 64 161 162 260 108 94 36 292 197 175 96 271 253 227 278 69 81 70 196 300 165 164 283 225 265 299 148 222 157 15 100 207 50 220 250 150 311 152 208 53 211 111 103 247 280 245 146 291 313 125 128 205 310 9 85 155 309 307 105 185 99 256 107 213 212 79 63 136 92 189 198 255 158 168 112 200 259 276 117 209 316 42 156 267 303 261 264 237 144 305 232 134 269 2 160 91 304 5 24 192 31 284 295 139 87 23 123 172 154 272 77 147 166 58 88 138 293 219 41 95 221 122 195 149 80 289 286 183 230 246 170 277 191 163 171 45 33 242 194 86 67 203 133 285 66 249 16 201 30 187 14 236 140 188 34 235 142 217 104 18 68 296 132 184 116 47 210 71 214 288 78 101 234 56 262 298 282 20 314 224 72 29 37 93 98 39 21 135 38 19 131 46 59 6 177 274 110 258 281 312 251 61 84 74 89 127 3 35 97 102 190 231 233 317 153 73 22 186 7 25 137 199 240 173 254 65 179 287 11 106 115 76 193 279 182 55 75 130 176 290 263 119 273 28 216 27 204 239 243 181 229 252 228 223 202 306 8 167 294 145 151 83 : 5436.89
4 2 
1 206 36 60 310 204 34 262 94 16 5 263 116 95 14 173 129 172 107 219 62 112 82 77 64 27 7 311 298 273 237 216 18 297 85 290 103 76 138 6 145 254 113 125 2 87 190 22 275 268 202 194 13 89 19 252 71 188 151 184 17 105 274 106 214 224 218 143 281 288 183 83 42 122 230 108 59 127 289 28 4 227 33 223 114 123 229 25 117 43 153 50 135 234 187 294 181 97 86 90 158 63 69 301 313 163 171 155 46 70 52 29 243 248 233 276 265 144 57 180 239 203 269 244 100 118 277 161 51 309 226 30 179 74 56 247 136 240 250 54 53 41 178 102 160 302 303 238 88 55 104 44 169 175 3 130 198 205 189 291 147 139 271 37 120 293 318 174 150 259 213 61 266 170 165 197 253 225 99 295 305 215 31 92 272 306 307 132 207 146 111 231 157 65 24 220 133 164 80 278 45 316 249 109 152 192 304 15 162 11 270 96 257 241 208 317 81 236 20 186 101 98 9 26 315 232 110 176 8 48 154 196 212 300 200 47 148 228 167 141 287 258 84 221 68 12 140 40 115 128 131 38 260 279 280 159 245 283 67 10 21 32 73 292 246 261 222 217 166 121 182 177 137 156 267 282 168 75 39 126 193 35 251 58 49 119 199 264 211 296 235 308 142 255 210 66 285 286 93 91 149 284 209 195 256 134 299 314 79 72 23 185 201 191 124 242 312 78 : 5415.98
4 3 
1 168 163 278 263 146 290 253 47 142 296 295 86 29 139 265 67 87 218 289 9 31 135 124 126 216 40 30 27 127 121 297 22 159 262 131 174 115 230 311 178 301 268 244 59 162 109 173 276 234 111 257 203 99 78 158 279 294 306 270 288 77 138 137 200 152 285 281 144 48 84 277 175 317 81 7 95 314 236 180 220 226 260 24 300 56 89 291 237 112 62 305 299 223 280 74 105 39 73 63 102 85 42 128 136 57 113 129 75 229 282 225 193 318 245 205 160 145 224 10 293 201 215 52 41 12 154 28 252 219 156 256 71 312 303 165 132 313 33 25 184 189 104 191 83 196 212 94 91 238 287 183 259 97 96 79 55 76 80 34 190 60 210 5 197 155 247 235 214 14 304 246 307 100 302 309 258 106 213 125 92 153 114 231 227 157 170 222 2 13 37 143 141 310 284 179 36 283 130 161 120 292 51 147 199 204 82 20 206 21 140 171 117 49 8 274 17 272 164 90 308 134 286 264 188 185 11 186 209 149 169 43 298 261 228 250 267 118 266 35 19 98 248 123 15 133 32 208 23 44 177 108 107 122 217 221 240 239 254 18 167 50 38 72 269 249 65 181 192 275 207 232 315 187 172 103 61 182 150 3 6 233 273 211 202 93 243 116 151 53 88 4 255 45 101 251 148 70 64 194 58 316 176 195 110 16 66 271 242 46 26 119 166 54 69 198 68 241 : 5249.51
5 0 
1 4 65 200 7 259 288 229 203 139 32 219 42 191 116 181 51 38 3 20 303 316 169 50 260 82 48 100 285 308 73 62 221 226 155 153 147 39 138 6 130 264 275 34 283 234 227 190 297 298 122 144 235 179 261 186 304 206 252 113 11 71 142 266 302 166 174 274 151 145 77 198 271 207 172 233 171 137 104 295 279 237 314 251 313 157 95 89 53 310 140 238 154 242 196 287 258 286 148 63 115 269 98 81 86 164 292 204 294 210 123 52 257 223 85 93 79 194 46 185 249 245 160 167 193 184 217 158 96 231 273 278 175 201 105 114 24 43 26 5 159 272 209 254 255 97 87 107 56 218 222 12 178 69 74 163 9 103 150 59 211 110 128 127 61 281 133 111 236 187 277 19 119 244 183 232 134 180 168 41 267 165 312 317 290 161 78 212 318 64 112 40 15 29 22 247 57 301 246 149 208 94 84 213 129 280 224 305 99 37 173 54 35 132 202 228 239 136 263 146 27 253 192 152 90 72 88 307 18 17 83 243 124 135 143 215 2 102 80 214 230 225 284 262 268 109 306 14 66 176 182 188 70 197 25 31 241 126 106 75 23 49 30 125 45 8 76 199 36 276 270 265 58 256 248 240 289 131 60 33 189 55 16 10 282 195 120 170 296 291 300 21 28 293 250 162 205 311 47 156 92 117 121 220 67 108 141 309 315 299 13 101 118 216 177 68 91 44 : 5180.89
5 1 
1 147 140 5 242 314 99 171 49 239 170 240 310 192 195 165 282 144 153 290 14 277 288 8 183 181 69 58 166 46 39 43 120 257 206 54 52 187 296 291 262 143 80 133 168 268 227 226 110 199 202 141 236 155 47 167 18 3 95 203 101 142 135 88 194 119 79 217 223 218 25 255 266 131 28 281 126 89 71 158 173 16 15 26 150 210 40 10 298 35 272 249 304 303 276 220 305 274 84 51 22 132 66 308 252 289 152 96 250 184 146 20 216 238 164 123 231 196 179 38 12 65 21 306 311 60 161 214 254 307 157 115 9 154 234 37 59 317 228 211 221 278 4 36 76 312 269 251 48 163 244 258 2 309 297 74 149 207 245 151 156 162 118 292 285 6 107 212 280 30 273 145 94 175 200 253 224 201 190 191 159 134 189 63 114 300 271 33 23 169 248 55 42 34 208 315 108 117 185 193 113 77 11 265 233 215 229 284 137 82 91 301 106 160 7 62 56 235 237 213 136 313 111 61 295 31 103 68 139 209 279 109 230 81 93 122 73 302 174 100 41 275 130 125 264 75 232 72 24 44 148 247 246 299 178 318 198 222 86 105 121 45 138 112 13 286 90 287 70 128 294 243 129 85 19 53 293 256 205 116 188 64 17 182 29 124 98 97 83 32 180 263 261 270 78 259 104 50 27 241 92 127 316 102 172 283 267 225 67 260 57 177 186 219 204 87 176 197 : 5300.78
5 2 
1 113 252 127 205 51 239 278 61 240 226 42 8 22 143 249 11 280 292 78 47 40 10 203 32 140 150 18 162 37 128 296 184 182 201 29 6 71 312 90 157 285 295 219 257 72 262 129 96 315 214 20 130 111 217 185 83 124 133 125 177 199 192 175 242 62 52 218 309 283 268 26 289 110 311 9 105 106 198 126 237 59 132 57 304 316 298 233 259 191 99 92 16 77 3 194 69 46 176 135 138 211 102 88 74 179 165 310 80 174 318 120 116 97 75 134 24 314 73 63 34 56 91 30 98 206 171 169 107 122 260 100 103 45 197 149 115 209 193 160 200 290 139 207 291 36 230 305 168 272 118 215 84 70 67 60 273 108 95 159 317 21 64 76 181 277 202 235 294 189 216 66 254 313 286 87 275 274 82 287 170 178 53 49 2 104 17 208 284 306 186 158 79 123 44 167 35 114 187 33 236 119 156 221 4 301 281 251 250 112 146 276 39 231 227 38 244 264 288 145 14 86 155 265 153 85 15 267 7 25 137 65 303 131 28 241 270 213 161 101 54 307 224 166 229 232 228 43 12 5 23 136 258 164 245 27 183 141 256 308 163 13 94 50 302 222 234 173 81 253 261 154 152 210 55 212 121 41 142 172 89 246 243 248 144 148 93 58 293 48 238 299 279 180 271 263 151 195 220 117 31 19 190 266 204 196 255 225 223 147 300 109 282 297 247 269 188 68 : 5368.54
5 3 
1 210 215 59 250 10 123 63 11 51 69 205 143 144 219 135 26 28 171 180 278 289 312 109 212 190 17 151 218 296 19 220 272 75 90 43 77 98 46 53 168 21 317 257 313 38 198 187 127 308 81 270 103 243 244 253 14 71 124 119 207 117 86 114 269 44 2 310 154 223 224 305 286 155 22 148 206 170 142 188 174 162 217 249 157 84 306 318 111 89 225 276 147 33 222 113 65 136 216 232 179 156 18 288 279 273 295 298 125 256 265 283 271 282 258 97 159 6 39 247 266 140 197 193 186 280 182 315 307 200 252 104 101 100 91 112 297 300 231 164 126 202 52 160 277 134 203 259 201 268 285 240 291 29 95 94 175 301 55 72 204 262 211 235 74 221 196 178 32 25 145 230 60 58 15 138 73 177 239 116 172 284 234 189 24 184 146 106 13 287 167 120 48 209 191 79 23 129 141 131 255 36 49 139 228 208 110 83 70 173 229 242 152 195 88 304 248 158 254 260 238 214 62 80 3 121 290 263 163 42 37 302 303 82 128 176 275 293 16 241 251 40 45 166 137 169 245 47 67 92 66 68 132 115 61 76 165 8 150 183 122 12 314 133 181 213 118 56 274 9 264 261 54 194 130 41 31 78 27 34 4 93 237 108 267 35 199 236 226 105 311 281 57 87 233 227 294 246 292 102 99 64 20 192 107 7 316 30 149 185 309 299 50 153 5 161 85 96 : 5319.82
