0 0 
1 150 37 158 316 111 272 203 163 113 15 136 195 78 48 74 100 177 68 204 118 181 183 103 206 119 80 172 95 227 29 89 105 49 72 67 290 218 180 184 46 60 5 6 97 292 248 161 231 245 124 289 191 61 197 106 167 238 131 109 254 252 243 83 117 112 98 101 32 66 199 90 76 173 223 288 209 312 126 160 318 146 135 81 261 214 202 134 143 228 82 185 269 125 145 3 317 50 75 302 257 244 170 186 198 41 52 270 220 298 249 193 148 156 310 153 200 280 215 210 162 140 22 104 229 127 239 43 20 14 274 273 152 33 189 28 307 294 235 305 286 2 123 132 73 304 311 306 265 114 242 219 164 36 8 251 9 133 115 192 168 264 108 23 18 130 216 240 64 314 279 236 250 260 258 275 190 188 174 194 39 175 142 276 309 284 211 69 70 291 182 54 57 315 138 213 253 278 237 271 224 93 21 4 25 296 208 10 293 308 42 149 196 137 84 178 35 159 129 77 102 99 201 301 241 277 226 71 91 281 205 297 128 121 96 165 166 94 179 85 87 92 225 141 30 171 147 122 7 86 207 45 110 151 65 139 262 268 313 256 107 26 154 266 120 233 232 176 51 282 221 287 285 295 157 246 63 56 47 62 13 17 300 303 31 259 27 38 212 267 116 34 44 55 19 234 222 263 283 299 16 79 53 24 59 144 88 155 217 230 12 40 58 169 11 247 255 187 : 4997.21
0 1 
1 132 277 200 264 193 211 225 120 151 142 197 212 123 229 54 295 59 289 194 33 175 2 17 11 201 307 318 230 286 177 74 136 32 154 191 42 270 216 242 19 160 115 314 208 68 94 244 8 283 203 3 27 302 275 9 269 234 15 156 117 131 192 202 165 232 223 127 300 158 69 66 317 125 297 83 90 135 85 102 271 100 106 256 144 263 148 153 4 199 312 187 163 162 250 109 114 36 183 96 121 178 172 281 184 65 169 161 268 196 82 92 79 64 287 141 306 305 10 119 143 110 56 252 298 61 267 179 167 62 173 259 238 236 122 185 99 31 155 22 43 6 81 260 207 159 98 49 45 93 89 291 248 215 228 166 265 152 214 137 186 221 278 254 130 285 280 67 16 240 266 279 190 75 87 181 20 253 84 53 72 133 195 145 104 235 209 48 239 139 213 308 205 310 146 134 294 246 105 97 128 38 116 25 316 224 249 140 37 296 63 198 91 309 60 40 35 304 39 210 233 118 315 311 284 55 257 301 157 88 101 57 217 258 220 12 188 150 147 204 29 50 168 251 299 46 103 164 206 218 245 261 18 78 47 189 70 80 182 51 58 76 5 124 176 86 171 313 112 237 107 28 24 13 44 23 274 149 231 226 243 129 276 111 30 71 21 7 126 273 95 14 77 73 113 138 41 222 282 292 247 262 293 180 303 288 272 174 52 34 290 108 227 26 241 255 170 219 : 5125.69
0 2 
1 289 170 21 23 89 187 98 49 2 4 45 286 36 233 166 81 95 303 279 295 281 227 261 294 213 48 87 282 257 118 272 283 59 277 220 110 55 76 265 13 14 249 65 112 157 194 189 186 58 292 53 20 115 131 216 67 164 231 80 136 103 62 6 51 146 240 245 214 176 177 306 90 203 196 253 35 72 26 40 79 104 155 27 193 262 113 7 60 18 107 50 182 238 141 84 171 311 105 275 147 256 122 250 202 52 149 254 138 179 150 217 153 140 273 285 195 291 251 247 64 151 126 109 255 224 268 30 31 299 22 154 44 129 108 8 130 63 25 302 144 119 121 145 209 159 280 308 269 230 33 68 237 276 234 222 94 212 70 184 183 173 83 300 258 278 267 315 34 57 156 263 226 270 200 192 77 175 42 3 125 143 229 172 43 248 309 162 163 188 132 99 313 111 296 178 210 24 242 127 165 185 91 243 142 190 96 100 191 123 239 208 78 317 97 310 181 316 37 69 236 38 259 16 204 168 252 82 47 201 297 10 148 218 86 28 74 314 32 88 198 169 167 152 174 318 271 246 223 215 304 205 124 133 120 106 128 290 116 73 12 75 46 114 284 101 244 301 160 11 9 287 5 139 211 232 158 137 293 298 307 219 228 41 180 56 274 92 241 39 134 19 135 225 221 235 260 161 15 61 85 102 206 264 288 66 71 117 197 266 29 199 54 17 305 312 207 93 : 5129.11
0 3 
1 65 136 121 42 13 2 154 204 237 132 92 128 310 127 133 196 105 206 70 231 142 184 68 175 143 236 194 53 14 205 318 280 135 157 109 110 214 240 316 224 146 156 249 211 216 190 5 139 148 292 248 218 122 220 238 281 235 28 176 305 171 95 304 271 15 11 200 19 287 272 314 300 260 312 261 125 134 131 197 119 307 193 69 79 33 100 89 210 67 83 66 30 266 64 137 252 46 213 239 186 58 107 140 247 34 187 102 282 285 289 259 40 106 138 103 296 291 116 233 38 56 80 61 189 181 74 172 178 169 165 290 279 158 130 315 262 293 123 306 124 313 303 149 44 251 295 150 234 227 278 173 162 117 27 264 246 155 90 50 99 174 48 72 167 215 250 77 85 96 24 153 62 63 245 217 273 221 59 120 20 198 299 31 147 3 114 84 4 297 47 283 270 243 76 73 161 23 258 185 43 45 254 225 301 21 145 91 202 12 97 170 113 118 152 268 284 203 49 151 168 267 129 52 160 177 98 9 6 226 298 308 199 179 60 183 192 75 188 101 164 126 93 256 275 78 294 17 57 219 232 111 104 94 309 223 274 10 71 209 191 81 18 7 180 244 141 22 88 87 201 163 115 208 253 286 277 265 37 269 166 288 8 112 159 302 25 230 229 32 55 54 195 212 26 35 255 182 39 108 36 82 51 222 263 241 16 41 207 86 311 228 144 257 276 242 317 29 : 5115.2
1 0 
1 122 63 73 66 213 257 78 58 191 48 147 235 197 279 209 179 277 293 205 89 23 79 20 126 123 94 243 278 203 196 98 294 274 81 135 170 244 119 44 304 127 207 30 192 300 165 252 37 230 184 286 226 229 218 16 132 296 187 86 102 51 91 285 290 108 287 162 137 169 35 117 217 3 90 265 168 242 139 247 154 65 177 222 219 45 11 9 52 2 145 141 69 186 7 19 18 282 200 250 75 85 56 21 76 153 97 173 25 289 305 24 302 180 262 171 101 178 210 150 317 103 99 62 307 88 96 46 112 225 228 202 298 253 131 95 43 259 301 42 256 195 10 189 271 288 263 148 273 315 245 223 49 255 232 100 136 206 161 216 34 50 33 15 71 68 193 166 125 182 269 311 303 36 31 160 155 57 6 38 258 60 27 8 292 318 143 144 175 118 28 214 106 212 237 74 306 183 104 111 14 105 176 107 128 133 198 204 109 220 54 194 272 310 280 299 309 308 266 40 41 39 82 59 124 61 268 246 211 157 67 215 199 167 5 140 270 80 201 295 234 238 185 264 297 236 110 83 240 251 188 93 281 239 121 116 231 115 26 158 163 221 142 276 84 17 313 248 260 283 174 312 249 151 12 32 149 164 152 208 55 70 13 22 190 254 146 156 53 130 241 120 316 314 224 227 291 233 284 181 92 87 72 261 77 4 138 275 159 129 134 114 113 47 64 29 267 172 : 4956.34
1 1 
1 16 216 283 156 290 177 206 309 226 271 188 77 84 183 138 66 152 308 272 208 75 79 153 31 297 315 192 266 89 93 227 113 26 103 3 252 107 116 175 95 154 196 214 241 314 215 219 140 242 105 145 112 172 136 306 187 310 302 296 299 4 204 169 249 171 256 313 287 23 67 15 223 180 274 32 90 13 173 119 14 8 251 186 262 207 100 59 202 35 210 92 85 22 157 53 268 250 301 232 78 62 118 137 240 133 60 46 285 257 181 43 130 142 102 225 264 57 189 25 20 74 128 176 40 49 229 37 65 80 73 81 201 303 151 134 27 265 291 231 234 56 199 94 269 158 174 203 5 19 220 33 228 235 45 42 167 182 88 166 123 28 7 163 48 52 83 29 44 9 34 258 317 2 238 51 115 55 12 147 86 161 155 236 101 82 124 160 38 260 239 248 278 191 311 41 255 212 295 230 164 125 263 222 132 261 170 121 108 184 10 54 213 141 197 293 99 162 280 209 253 289 298 218 178 244 282 91 259 76 36 159 149 129 98 179 68 150 72 70 279 120 18 144 288 135 200 17 190 97 193 243 211 165 195 270 126 316 106 21 307 24 11 143 245 111 194 267 131 30 246 305 254 110 281 58 217 117 247 64 69 63 61 87 50 6 148 122 304 71 39 168 198 104 96 294 277 139 237 114 109 284 292 233 221 185 275 146 47 273 276 224 286 205 312 318 300 127 : 5182.16
1 2 
1 124 229 119 181 286 140 257 188 65 47 148 198 51 246 299 93 314 43 268 252 87 202 295 22 254 210 175 29 45 205 114 155 129 28 156 62 24 183 288 200 146 192 141 161 289 300 247 91 178 218 278 267 239 40 201 95 189 105 206 309 275 259 253 77 104 18 283 272 215 222 194 219 131 134 248 281 312 298 209 98 211 179 12 66 264 297 261 145 54 118 296 293 158 113 53 133 166 180 227 280 197 79 110 240 142 147 50 176 172 237 52 44 123 125 249 168 88 117 121 238 159 220 36 236 270 126 78 10 279 184 25 34 316 94 69 152 274 234 136 269 277 8 160 242 313 245 58 68 38 103 151 276 244 46 318 255 294 21 115 60 96 5 163 307 230 311 207 86 157 116 216 217 193 17 92 56 74 80 195 221 251 203 250 170 301 16 271 169 11 83 243 9 128 154 64 31 63 164 265 82 208 49 15 308 72 204 258 143 4 241 315 185 225 171 75 30 33 42 199 7 108 212 149 317 102 19 153 262 187 59 57 73 100 186 303 291 310 109 132 137 120 111 107 90 23 48 61 196 213 263 266 139 27 41 285 304 97 130 233 14 6 55 302 235 101 165 76 190 256 223 144 305 173 214 224 226 122 228 284 135 306 84 67 32 182 273 292 287 89 290 232 70 85 112 150 231 26 2 35 167 282 71 106 174 3 39 191 127 99 177 138 13 260 81 162 37 20 : 5209
1 3 
1 111 66 312 175 199 256 212 247 129 197 257 112 72 11 117 13 215 145 231 8 188 290 263 36 163 86 96 102 149 193 200 221 308 165 103 282 62 53 106 173 78 260 214 258 227 305 315 137 292 176 81 286 278 235 314 154 313 211 84 261 238 253 124 16 115 140 270 153 182 198 206 187 134 57 59 56 186 274 33 142 17 109 268 83 147 170 10 141 230 266 236 139 98 151 50 207 65 233 219 158 254 304 309 191 146 203 167 195 133 217 295 155 91 252 116 6 105 21 2 22 161 60 162 43 30 14 92 210 101 31 79 246 172 76 242 166 189 41 28 222 128 294 273 75 262 80 58 204 88 178 250 46 209 64 82 26 94 73 44 85 285 280 279 239 130 275 265 152 123 24 42 104 95 77 229 240 287 301 160 127 255 234 4 143 205 277 213 318 38 201 87 20 284 264 179 196 243 303 150 63 296 249 272 32 27 108 202 5 70 25 192 93 69 208 35 174 169 288 132 136 185 148 164 168 181 114 67 29 18 190 310 97 241 232 281 302 125 293 289 107 245 269 180 68 126 194 118 228 226 23 244 40 159 184 61 121 317 39 55 51 251 156 157 223 300 7 297 100 298 119 47 37 90 316 34 110 113 276 220 225 307 259 306 45 52 89 120 54 177 311 3 144 74 237 224 12 248 218 291 271 71 131 138 122 299 15 19 183 283 267 171 99 216 135 9 48 49 : 5176.63
2 0 
1 214 108 4 295 23 8 112 175 133 91 80 2 85 257 305 166 158 39 147 22 309 274 148 204 94 269 302 253 100 190 243 188 202 196 159 33 162 75 12 60 37 95 58 86 199 205 247 62 236 193 318 48 26 106 42 7 77 310 169 90 256 218 229 157 136 186 55 36 78 123 230 251 272 215 283 225 244 93 197 102 20 300 96 179 255 121 117 183 128 254 174 238 34 126 145 144 113 312 29 299 291 242 297 31 156 259 278 59 35 17 290 43 28 54 92 66 97 313 307 98 237 194 138 298 57 116 226 163 3 67 185 293 83 189 228 276 141 301 252 289 74 53 40 64 70 6 317 18 120 135 16 273 63 24 79 101 81 227 223 235 171 315 294 303 151 224 266 262 296 222 267 233 211 239 127 119 268 89 280 279 155 30 41 314 220 216 61 110 46 32 72 191 76 84 150 122 125 111 240 245 99 87 206 19 132 165 304 115 9 177 195 192 246 5 292 10 11 182 82 146 264 50 137 56 73 250 271 234 241 38 172 45 140 213 21 154 173 285 149 207 198 88 210 201 130 221 284 184 109 282 47 176 306 152 167 118 168 178 286 181 131 14 13 187 142 200 164 68 308 65 161 270 219 277 103 124 281 217 212 209 105 316 71 52 51 231 232 27 134 139 170 258 208 265 260 25 248 275 114 107 129 44 49 311 203 69 160 143 249 104 287 15 153 263 288 180 261 : 5096.44
2 1 
1 206 35 90 309 297 202 61 298 126 310 131 245 41 54 128 185 43 91 130 252 268 8 299 301 286 167 210 208 276 228 147 204 198 207 85 213 52 87 183 247 101 58 152 242 111 11 255 161 264 77 63 124 55 18 28 234 127 137 16 155 277 269 284 151 160 23 281 123 243 235 100 203 205 194 36 189 143 237 103 80 135 39 12 270 285 105 168 98 96 226 221 10 308 119 169 158 153 300 305 144 318 109 177 30 314 139 287 22 129 32 68 231 236 275 163 106 27 316 86 45 289 7 71 92 180 88 191 70 82 75 273 66 193 312 159 145 89 83 201 279 258 188 274 238 133 136 230 187 5 178 175 271 239 14 3 33 304 246 104 4 9 17 113 197 72 37 162 78 240 250 222 108 156 42 132 174 200 192 165 154 46 53 44 211 257 79 24 114 176 125 290 262 49 59 272 196 6 116 306 57 251 171 146 97 232 233 227 260 313 215 266 296 186 173 157 212 216 81 282 95 225 67 253 283 302 117 220 263 244 179 256 218 110 107 288 219 94 48 120 229 65 307 15 56 241 134 121 170 19 265 291 2 31 138 38 40 184 267 214 51 29 20 64 249 248 295 150 84 190 261 60 303 209 223 99 294 315 34 69 166 118 199 292 13 74 142 115 181 224 259 182 26 47 93 217 254 141 112 278 311 50 164 195 76 317 140 280 172 73 21 25 122 293 148 149 62 102 : 5252.76
2 2 
1 140 296 196 114 249 9 2 186 172 168 206 306 40 181 56 237 195 69 136 266 283 62 95 122 254 226 8 127 107 214 126 49 155 178 64 299 157 242 318 102 65 67 244 235 197 100 269 63 5 106 96 108 50 6 209 142 120 87 37 32 23 44 31 34 200 175 158 189 104 252 123 105 48 90 91 166 134 270 73 25 137 14 46 220 258 117 57 165 128 204 180 144 278 109 118 202 52 58 81 179 302 167 185 298 297 60 12 225 316 30 33 192 194 255 236 154 59 7 141 239 149 83 281 71 11 156 159 272 317 103 116 290 80 163 212 219 295 20 68 294 208 230 132 176 139 24 310 43 313 38 308 79 152 312 314 231 282 53 101 42 55 199 16 72 89 217 36 145 170 124 129 26 10 293 29 307 305 223 232 241 161 35 187 75 287 121 3 22 19 286 280 193 45 148 119 256 261 125 15 76 191 147 264 279 99 88 301 248 218 143 251 18 66 273 115 84 262 205 74 98 268 162 277 288 289 86 21 13 61 77 203 184 210 151 94 70 153 215 304 260 224 182 110 4 216 315 160 265 259 274 190 169 82 133 41 112 27 51 275 303 221 47 17 222 227 138 291 39 201 164 229 300 233 54 28 173 311 271 228 131 211 177 243 292 113 174 276 309 247 245 263 238 250 146 135 246 93 78 183 284 130 171 240 85 234 188 213 285 257 267 150 253 207 111 92 97 198 : 5249.81
2 3 
1 6 210 81 90 7 146 267 204 74 110 143 42 96 83 136 162 55 156 287 187 178 207 94 86 295 279 316 5 309 234 109 44 68 304 291 283 202 169 100 177 31 73 50 148 19 15 20 191 38 179 284 276 200 2 185 292 134 23 22 9 123 63 113 92 272 262 26 172 257 215 250 88 145 157 205 64 313 260 261 206 62 302 318 214 254 130 126 106 153 164 75 305 286 211 181 71 176 129 252 28 39 170 138 14 69 61 125 29 10 117 158 209 216 122 97 259 192 182 221 104 48 3 311 307 240 237 243 193 95 93 17 220 114 56 282 274 275 277 265 115 60 195 197 82 18 132 312 183 167 317 247 53 4 30 8 119 233 152 213 189 16 229 249 180 280 140 57 45 266 32 102 139 293 227 238 173 235 35 43 34 54 203 255 231 314 273 264 127 219 285 175 225 116 78 120 165 59 80 11 224 161 49 27 58 308 72 268 166 217 118 208 112 51 142 159 79 212 253 141 150 91 270 194 248 107 241 281 147 239 108 99 310 222 242 111 103 13 218 168 190 271 303 263 258 288 12 133 278 131 76 144 160 300 37 245 199 98 198 306 298 232 251 297 184 137 84 201 65 151 21 246 101 244 226 105 299 186 25 163 135 89 77 223 124 294 236 33 171 87 67 290 70 188 85 315 256 228 121 296 301 36 269 174 196 47 52 66 289 128 40 155 149 46 154 41 230 24 : 5187.45
3 0 
1 290 257 306 278 114 141 108 30 83 173 113 103 134 115 207 73 13 276 297 292 309 308 181 192 188 294 38 167 238 151 315 281 16 196 67 199 235 228 53 22 139 234 291 305 3 14 140 143 57 180 314 195 288 118 138 91 210 170 48 316 125 275 23 49 147 206 202 146 90 132 89 124 164 123 220 312 221 111 47 52 106 6 237 107 179 177 161 187 94 80 28 279 205 193 163 36 239 216 307 242 155 33 209 260 153 172 263 87 44 75 84 70 85 99 121 136 265 142 119 71 69 95 62 58 40 227 240 185 129 117 79 223 110 299 255 59 24 130 191 186 21 2 135 19 165 318 222 300 120 224 158 175 174 51 217 12 100 310 266 298 251 229 104 7 11 63 176 303 182 81 82 166 213 20 55 148 65 311 127 289 286 236 301 150 262 246 295 259 253 112 96 109 10 17 25 208 43 284 267 302 273 74 184 56 154 86 204 271 171 105 72 60 31 102 68 133 211 225 254 144 178 212 283 97 317 162 231 261 269 189 272 264 197 126 77 248 219 244 98 226 15 287 277 46 203 194 168 39 122 76 9 8 61 149 190 128 215 93 274 296 293 270 282 156 37 27 54 78 116 42 137 41 243 250 183 88 64 247 152 252 4 169 29 26 198 245 34 304 201 249 241 268 32 230 280 313 214 145 92 218 35 50 66 160 157 18 131 159 233 45 5 256 258 232 200 285 101 : 5074.33
3 1 
1 104 16 299 246 157 86 15 111 124 126 106 21 6 213 148 113 32 91 228 290 143 141 220 117 154 308 274 255 11 119 210 236 270 64 144 35 52 57 310 115 121 18 40 151 224 193 171 268 269 271 242 243 74 59 241 234 266 247 215 288 192 316 100 309 283 305 311 160 120 194 159 277 138 3 61 20 178 307 312 161 295 238 36 118 206 89 2 297 237 158 136 17 186 45 44 273 221 125 317 9 219 212 222 185 300 63 211 218 114 4 205 80 208 81 95 313 42 83 239 296 275 128 60 175 287 133 139 256 34 251 56 146 259 137 248 87 179 98 169 131 225 72 181 39 7 226 41 235 5 67 229 214 183 261 102 174 97 92 264 147 162 249 142 303 306 54 280 285 116 10 31 135 199 101 62 155 318 26 30 71 68 75 198 182 130 168 240 282 165 209 278 170 172 46 153 233 53 29 85 216 123 167 298 250 140 108 187 13 77 207 265 257 263 231 184 173 202 156 188 190 203 70 314 286 294 272 180 134 43 204 301 112 127 93 19 149 24 8 28 23 217 129 38 304 109 110 244 65 293 107 12 262 79 191 163 33 176 245 132 289 267 76 47 166 82 315 230 150 189 94 281 291 73 78 50 152 122 195 99 164 145 37 25 51 258 55 88 200 302 252 276 22 14 197 279 66 58 90 27 69 227 260 105 84 49 232 292 177 254 253 103 96 223 284 48 201 196 : 5134.13
3 2 
1 127 88 290 257 230 94 156 152 179 279 255 251 98 113 277 216 244 303 242 192 252 236 272 286 318 141 296 285 173 239 136 59 197 80 228 185 267 78 190 134 34 60 189 182 45 20 56 33 243 259 221 212 208 133 162 151 32 122 128 114 140 36 77 71 39 72 174 202 79 27 65 227 246 110 131 237 12 37 264 170 104 11 90 308 316 256 199 275 304 48 52 181 99 74 46 206 2 222 67 317 153 297 144 215 105 68 50 118 116 225 315 307 270 108 160 274 158 203 178 260 138 154 101 76 298 165 24 200 28 21 10 7 135 209 26 287 204 22 82 234 75 126 106 145 84 183 223 263 63 245 281 284 164 57 89 163 121 61 38 293 191 139 313 241 120 268 42 211 248 8 112 132 266 87 295 188 69 103 310 64 107 180 175 51 73 115 235 149 312 102 254 261 262 314 282 294 137 240 150 276 19 167 58 238 218 5 30 70 111 196 311 289 309 278 219 291 91 176 148 161 157 129 258 210 187 269 54 301 220 123 265 43 130 14 62 271 302 300 229 109 232 96 283 217 29 146 253 273 13 15 280 117 201 198 213 159 155 93 172 194 250 119 169 292 95 35 49 247 143 207 224 25 195 171 66 142 3 233 47 83 147 44 186 168 249 177 9 92 166 4 53 306 226 299 81 85 86 231 193 41 55 16 100 288 205 214 6 17 305 18 23 31 125 40 97 124 184 : 5250.4
3 3 
1 111 95 134 103 125 83 24 190 311 177 60 251 244 225 173 35 243 257 256 39 55 89 306 221 32 49 123 113 241 277 184 314 296 286 107 153 281 312 294 98 36 117 137 139 307 2 105 195 186 284 124 188 81 270 275 7 67 271 156 273 239 267 220 253 288 249 226 106 163 174 28 38 72 71 255 279 75 76 93 145 115 33 21 101 27 207 97 57 198 183 44 52 264 305 235 144 301 261 102 148 287 82 45 12 201 245 276 234 130 231 142 167 41 48 219 197 158 274 22 114 63 50 14 259 260 64 178 42 302 308 157 297 254 237 85 252 160 129 283 66 193 211 222 155 316 91 168 215 210 73 40 78 293 175 217 169 59 189 223 242 224 228 295 170 136 180 187 232 233 310 96 154 108 258 282 285 26 56 30 143 127 179 303 300 146 15 268 209 317 199 109 138 53 212 298 289 94 87 278 238 248 263 20 272 122 185 16 8 208 182 196 70 149 141 247 88 172 29 51 250 147 262 37 133 269 166 181 46 31 65 61 299 192 191 69 214 229 246 240 205 204 6 84 18 68 159 194 165 58 86 80 126 291 315 227 304 11 116 74 150 202 99 13 4 135 23 77 43 318 100 200 54 47 206 3 128 131 121 266 104 10 5 236 216 265 280 213 162 218 120 110 171 309 17 112 9 19 164 161 230 118 203 176 290 79 292 313 119 151 152 140 62 34 132 92 90 25 : 4989.58
4 0 
1 207 209 65 152 296 74 300 24 120 103 245 229 151 301 235 7 6 122 132 13 22 30 109 228 138 106 221 289 140 179 305 14 133 111 176 293 178 66 283 12 174 271 232 227 10 51 306 193 205 308 161 298 285 188 291 297 223 199 114 225 212 159 265 94 277 206 269 149 76 287 290 125 11 72 45 202 5 121 56 134 254 242 9 130 258 307 200 203 144 230 61 302 263 220 63 181 97 64 127 69 117 17 59 208 126 191 214 164 218 195 78 231 158 105 40 36 167 261 238 26 217 260 292 273 129 96 136 272 216 80 165 19 154 116 16 268 143 275 252 259 196 85 77 170 185 310 183 34 253 139 316 37 27 317 68 67 155 43 93 91 299 187 118 166 23 54 115 156 233 52 113 213 89 288 266 313 172 50 102 189 198 175 32 20 29 131 110 35 157 312 58 282 82 278 244 119 70 224 239 163 73 83 168 256 276 186 124 2 21 145 28 135 173 112 194 262 31 49 318 160 25 47 44 280 204 315 8 177 81 281 55 88 90 146 41 71 33 99 162 98 236 171 219 241 237 270 201 84 137 108 95 240 153 210 38 87 180 311 286 284 92 79 294 303 60 18 100 279 251 15 141 46 48 42 148 123 314 304 39 250 295 53 184 309 169 182 150 248 215 249 243 246 264 255 4 128 192 104 274 57 257 234 226 190 197 147 222 75 142 86 101 62 107 247 211 267 3 : 5067.82
4 1 
1 114 28 26 91 42 150 252 142 115 106 11 287 137 25 7 186 22 73 317 231 250 97 35 3 89 74 45 170 258 274 177 59 50 19 38 135 276 60 52 257 82 315 297 211 218 226 215 48 57 206 23 172 77 166 58 88 120 154 99 194 140 121 110 290 278 281 225 145 271 246 255 40 33 46 85 124 141 251 233 123 277 127 300 314 214 164 66 308 9 143 10 109 248 235 244 256 122 185 105 307 309 155 203 310 205 128 125 313 291 146 245 280 247 103 53 208 152 311 220 207 100 15 148 299 159 139 295 284 192 24 5 2 134 232 298 222 224 72 29 63 92 198 168 200 259 199 173 254 318 76 31 161 64 264 301 265 189 86 87 101 62 44 236 36 16 96 65 179 149 79 138 190 6 153 221 157 13 216 20 90 269 147 272 191 176 160 126 84 102 78 270 94 196 282 174 171 240 283 112 51 266 213 212 37 93 98 39 21 158 253 227 242 69 81 70 219 165 197 312 41 61 111 130 80 67 133 285 304 249 275 201 30 187 14 289 188 34 217 104 18 68 296 132 116 47 210 306 288 234 56 305 237 261 303 267 156 316 195 209 117 184 193 279 182 75 230 119 273 27 204 293 181 228 223 202 71 8 167 294 163 83 43 169 286 302 118 107 55 243 229 178 32 17 241 129 180 268 162 292 175 108 183 144 136 49 54 151 4 12 95 238 260 263 131 239 262 113 : 5021.45
4 2 
1 239 256 174 38 220 278 279 135 66 43 193 49 173 181 208 118 270 307 84 69 301 313 163 276 144 316 223 102 267 155 166 127 258 280 230 242 157 247 249 288 281 143 218 224 214 106 274 244 17 235 68 188 71 52 19 89 35 194 312 243 70 248 253 271 46 55 48 51 176 110 232 315 3 162 317 241 257 96 34 9 191 124 136 269 233 109 310 75 318 237 205 238 309 189 172 217 107 222 10 211 182 201 36 117 25 226 137 23 57 167 119 41 65 54 196 60 130 24 20 92 101 79 91 203 83 98 213 236 306 67 282 199 80 179 131 39 161 29 30 302 178 149 255 132 100 5 64 259 159 305 219 58 11 133 264 265 165 246 164 210 204 311 298 303 216 185 186 192 81 50 26 108 32 289 4 227 33 21 114 7 77 156 73 183 111 234 123 294 268 180 160 6 31 27 221 15 85 297 154 8 104 74 87 2 113 254 145 212 300 200 47 134 228 308 197 168 291 18 273 251 13 45 126 53 22 105 293 170 231 290 116 292 275 250 62 42 44 82 158 229 59 63 151 128 129 206 187 150 139 202 184 72 225 299 177 147 283 262 266 277 28 97 86 169 90 171 138 76 195 122 252 284 296 285 304 207 198 272 261 245 125 103 78 12 140 40 115 209 95 94 287 153 190 112 146 240 263 148 56 37 286 295 88 61 121 141 99 16 215 314 175 260 142 14 152 120 93 : 5083.55
4 3 
1 168 163 278 307 246 304 182 214 235 128 42 85 102 63 73 39 105 74 238 91 94 212 196 83 293 166 287 223 217 221 292 254 171 140 126 216 40 30 27 153 92 125 213 57 24 187 52 176 191 104 189 184 25 33 313 132 165 303 312 100 302 309 258 106 3 225 145 53 58 296 151 282 273 211 229 193 41 70 148 255 150 93 172 160 72 269 117 49 8 17 9 289 218 87 67 265 139 29 86 315 232 207 275 192 181 65 249 4 251 38 50 167 18 116 239 240 88 146 122 107 10 290 205 272 164 90 16 66 271 242 46 26 59 162 103 202 61 253 77 288 270 306 294 279 158 78 99 203 257 111 234 276 75 173 109 142 178 301 268 247 155 197 5 210 190 233 113 316 51 147 199 204 82 20 206 21 101 98 19 35 266 118 267 250 228 261 298 43 169 149 209 186 224 194 47 64 28 179 284 310 141 143 37 13 2 222 200 170 157 227 231 114 127 121 297 22 159 262 131 174 115 230 311 129 6 45 263 215 201 12 154 136 89 56 300 260 226 220 180 60 236 314 95 7 81 317 175 277 84 48 144 281 285 152 137 138 245 318 195 110 135 54 14 119 244 291 237 112 62 305 299 295 280 124 274 308 134 286 264 188 185 11 71 256 156 219 252 36 283 130 161 120 34 80 76 55 79 96 97 259 183 248 123 15 133 32 31 243 108 177 44 23 208 69 198 68 241 : 5039.17
5 0 
1 51 116 169 10 153 216 311 296 298 260 91 191 62 309 227 244 183 232 134 180 168 41 267 165 312 317 290 161 78 212 318 64 112 40 15 29 22 247 57 301 246 149 208 94 84 213 129 280 224 305 99 37 173 54 35 132 202 228 239 136 263 146 27 253 192 152 90 72 88 307 18 17 83 243 124 135 143 215 2 80 214 230 225 284 262 268 109 5 26 43 24 114 105 201 175 278 273 231 96 158 217 184 193 167 160 245 249 185 46 194 79 93 85 223 257 52 123 210 294 204 292 164 86 81 98 269 115 63 148 286 258 287 196 242 154 9 103 150 59 211 110 128 127 61 281 133 111 236 187 277 19 119 92 186 300 259 200 177 170 144 7 50 138 130 121 147 181 68 100 44 205 299 297 238 140 310 53 89 95 157 313 251 314 237 279 295 104 137 171 233 172 207 271 198 77 145 151 274 174 166 302 266 142 71 11 113 252 179 206 304 288 117 118 4 122 139 13 65 55 189 33 60 131 289 240 248 256 58 265 270 276 36 199 76 8 45 125 30 49 23 75 106 126 241 31 25 197 70 102 188 182 176 66 14 306 159 272 209 254 255 97 87 107 56 218 222 12 178 69 74 163 34 32 42 21 48 219 229 235 16 293 283 73 6 82 195 101 67 141 308 226 285 203 250 155 156 234 190 261 282 275 264 162 221 120 315 303 47 28 291 20 220 38 316 108 3 39 : 5029.8
5 1 
1 147 140 5 242 314 99 171 49 239 170 240 310 192 195 165 282 144 153 290 14 277 288 8 183 181 69 58 166 46 39 43 120 257 206 54 52 187 296 291 262 143 80 133 168 268 227 226 110 199 202 141 236 155 47 167 18 3 95 203 101 142 135 88 194 119 79 217 223 218 25 255 266 131 28 281 126 89 71 158 173 16 15 38 150 210 40 10 298 35 272 249 304 303 276 220 305 274 84 51 22 132 66 308 252 289 152 96 250 184 146 20 216 238 164 123 231 196 179 26 12 65 21 306 311 60 161 214 254 307 157 115 9 154 234 37 59 317 228 211 221 278 4 36 76 312 269 251 48 163 244 258 2 309 297 74 149 207 245 151 156 162 118 292 285 6 107 212 280 30 273 145 94 175 200 253 224 201 190 191 159 134 189 63 114 300 271 33 23 169 248 55 42 34 208 315 108 117 185 193 113 77 11 265 233 215 229 284 137 82 91 301 106 160 7 62 56 235 237 213 136 313 111 61 295 31 103 68 139 209 279 109 230 81 93 122 73 302 174 100 41 275 130 125 264 75 232 72 24 44 148 247 246 299 178 318 198 222 86 105 121 45 138 112 13 286 90 287 70 128 294 243 129 85 19 53 293 256 205 116 188 64 17 182 29 124 98 97 83 32 180 263 261 270 78 259 104 50 27 241 92 127 316 102 172 283 267 225 67 260 57 177 186 219 204 87 176 197 : 5300.43
5 2 
1 113 252 127 205 51 239 278 61 240 226 42 8 22 143 249 11 280 292 78 47 40 10 203 32 140 150 18 162 37 128 296 184 182 201 29 6 71 312 90 157 285 295 219 257 72 262 129 96 315 214 20 130 111 217 185 83 124 133 125 177 199 192 175 242 62 52 218 309 283 268 26 289 110 311 9 105 106 198 126 237 59 132 57 304 316 298 233 259 191 99 92 16 77 3 194 69 46 176 135 138 211 102 88 74 179 165 310 80 174 318 120 116 97 75 134 24 314 73 63 34 56 91 30 98 206 171 169 107 122 260 100 103 45 197 149 115 209 193 160 200 290 139 207 291 36 230 305 168 272 118 215 84 70 67 60 273 108 95 159 317 21 64 76 181 277 202 235 294 189 216 66 254 313 286 87 275 274 82 287 170 178 53 49 2 104 17 208 284 306 186 158 79 123 44 167 35 114 187 33 236 119 156 221 4 301 281 251 250 112 146 276 39 231 227 38 244 264 288 145 14 86 155 265 153 85 15 267 7 25 137 65 303 131 28 241 270 213 161 101 54 307 224 166 229 232 228 43 12 5 23 136 258 164 245 27 183 141 256 308 163 13 94 50 302 222 234 173 81 253 261 154 152 210 55 212 121 41 142 172 89 246 243 248 144 148 93 58 293 48 238 299 279 180 271 263 151 195 220 117 31 19 190 266 204 196 255 225 223 147 300 109 282 297 247 269 188 68 : 5368.54
5 3 
1 210 103 59 250 133 123 314 292 246 294 228 233 197 90 75 70 63 19 270 218 302 265 288 224 223 158 232 134 277 160 52 202 126 214 231 300 297 112 91 100 101 104 252 200 307 148 182 186 193 266 140 280 39 6 159 97 258 243 115 152 195 88 304 225 317 2 44 269 295 17 190 135 282 312 289 278 180 171 28 26 248 219 144 143 87 57 55 72 215 262 211 235 138 189 67 166 253 110 318 306 222 122 127 12 301 175 94 95 29 291 240 257 285 268 201 259 203 150 8 76 22 56 274 9 264 261 54 194 178 147 116 251 167 305 73 271 276 272 136 37 111 170 273 286 256 313 38 198 187 290 121 3 80 129 141 131 255 36 49 157 283 155 217 142 298 113 139 89 279 188 43 13 84 260 21 168 53 46 98 77 205 69 51 11 102 99 64 20 192 128 105 226 236 145 62 23 79 191 209 48 120 92 287 119 146 184 196 303 82 68 66 241 109 213 118 96 85 181 5 153 308 299 309 185 149 30 316 7 107 47 245 65 137 254 208 33 207 227 165 173 234 106 154 14 151 124 220 242 263 206 183 114 204 229 130 41 31 78 27 34 4 93 237 212 108 267 35 199 117 42 81 174 156 10 50 310 216 58 15 125 132 239 61 172 284 71 40 45 164 18 169 86 177 163 162 315 24 161 16 293 275 176 311 281 244 249 179 221 32 230 25 60 74 296 247 238 83 : 5032.8
