0 0 
1 103 33 27 19 57 63 62 68 67 59 48 44 46 52 47 53 51 54 58 43 42 41 49 55 105 56 64 84 72 86 93 97 98 99 90 83 85 82 78 71 74 80 76 77 79 73 69 70 75 81 89 92 96 102 101 91 207 197 196 202 191 181 185 178 186 174 61 60 65 182 189 184 179 194 195 203 94 88 87 190 172 177 183 66 187 188 201 95 100 206 198 204 306 312 311 199 171 168 173 176 155 154 164 145 150 209 152 38 39 34 14 115 13 120 134 128 141 142 119 118 220 222 227 224 223 214 215 218 213 216 211 212 232 231 313 225 219 226 228 235 253 252 254 261 264 257 314 242 240 241 217 109 110 221 233 236 230 229 243 239 140 139 144 146 149 157 158 151 148 147 163 210 161 160 153 156 159 167 162 169 180 175 166 165 269 170 277 296 295 293 288 292 287 282 286 283 290 289 294 193 192 302 301 303 200 205 307 285 280 284 279 273 270 271 318 249 244 245 248 247 246 272 278 281 274 315 291 299 300 309 308 305 304 310 297 298 275 276 267 255 259 143 250 258 256 251 262 263 265 260 266 268 237 234 238 130 129 131 132 121 122 123 124 125 133 208 135 138 136 137 126 127 35 112 108 114 113 117 106 107 5 4 111 116 25 26 24 37 104 36 18 17 9 16 8 3 6 2 10 11 23 31 50 317 40 45 316 15 32 22 30 29 21 20 28 12 7 : 837.023
0 1 
1 2 3 8 106 107 115 116 112 111 13 126 128 133 127 134 135 138 154 155 160 161 159 156 151 162 167 169 172 188 176 183 173 187 88 190 182 196 94 95 197 202 201 207 206 100 99 90 89 98 97 92 96 84 71 68 82 91 101 102 93 85 83 72 77 73 78 67 79 49 50 55 45 316 317 59 56 44 43 42 41 46 58 52 53 51 47 54 57 105 64 81 69 74 75 86 80 76 70 63 62 60 61 66 65 87 198 204 203 189 177 185 180 179 174 175 168 186 194 195 191 184 181 178 210 164 145 150 39 34 129 124 132 130 122 123 121 113 114 108 208 137 136 125 120 14 4 5 117 139 140 144 259 243 230 229 215 223 224 214 227 226 235 251 246 228 236 237 231 143 282 284 285 283 278 292 293 303 308 309 296 295 193 200 199 205 306 312 307 311 301 302 192 170 171 281 287 288 294 289 286 291 290 299 300 298 304 310 305 297 280 279 272 270 275 276 271 318 249 244 245 248 252 253 256 268 254 257 261 264 263 262 273 274 277 166 165 266 258 260 267 315 269 265 250 255 314 247 234 233 238 241 232 242 240 239 119 225 313 222 220 216 212 218 219 213 211 110 109 217 221 118 131 141 142 147 146 163 157 158 148 152 149 209 153 38 35 9 12 21 32 104 48 40 20 29 31 30 28 33 36 37 18 16 19 24 17 25 26 27 23 103 22 15 11 7 10 6 : 746.618
0 2 
1 3 26 19 16 36 47 41 43 46 57 53 52 37 104 45 317 316 49 105 51 42 44 30 22 21 15 31 12 27 33 32 29 40 48 50 56 55 58 54 62 63 76 64 71 74 66 258 251 254 266 260 259 265 264 261 267 269 166 170 281 274 315 165 171 195 194 204 203 191 185 178 181 177 146 149 152 148 151 163 162 159 156 153 154 160 157 255 314 232 241 239 226 227 218 219 213 221 118 220 110 217 216 109 212 211 222 233 313 240 238 243 253 256 250 143 144 140 139 119 123 124 133 135 35 14 136 137 134 141 142 147 129 132 130 121 125 138 128 127 38 34 126 120 13 209 145 60 61 70 75 69 79 59 73 81 80 86 83 92 84 67 68 77 72 78 82 85 91 101 96 97 102 93 99 98 89 90 87 197 187 183 176 173 189 190 88 100 95 202 201 196 94 206 207 198 188 184 186 174 179 180 307 205 311 199 200 302 301 306 312 303 192 278 288 277 293 294 295 193 292 289 282 285 272 263 273 268 262 257 252 249 247 236 235 228 237 234 231 225 242 229 230 246 224 214 215 223 244 245 248 276 271 270 318 275 297 298 310 291 296 300 284 279 280 283 290 286 299 309 308 305 304 287 168 175 182 169 172 65 167 210 164 161 155 39 150 158 131 122 114 113 108 106 116 117 115 5 4 107 112 111 208 17 8 9 10 24 28 23 25 18 20 103 11 2 6 7 : 870.887
0 3 
1 20 8 3 9 5 4 107 106 112 111 116 115 132 131 122 123 141 209 142 242 243 234 229 233 246 226 227 228 235 236 223 214 215 218 219 213 222 230 247 224 249 245 244 248 318 304 298 297 305 300 276 273 258 260 250 259 265 266 264 257 254 279 274 267 268 271 270 275 309 308 310 303 192 171 277 278 287 282 289 205 306 204 203 193 302 295 292 296 290 291 283 315 269 165 166 158 151 168 167 181 194 195 200 307 199 312 311 301 293 170 294 288 281 286 299 280 285 284 272 262 261 263 256 252 253 251 255 314 239 232 221 119 130 231 240 140 144 143 241 139 148 157 163 162 159 150 164 87 190 189 183 173 184 177 172 187 188 196 201 207 206 100 202 191 169 176 182 178 174 186 180 175 179 185 198 197 94 99 98 95 88 90 89 68 67 71 78 79 80 93 96 102 101 82 73 64 105 58 57 54 47 55 48 104 51 49 40 12 21 32 22 30 23 103 15 29 36 33 31 28 25 16 18 19 24 44 50 45 56 316 317 59 81 74 75 86 84 83 97 92 91 85 72 77 76 63 69 70 62 52 53 41 37 35 127 13 114 108 120 128 126 137 136 134 124 14 208 125 34 135 117 113 118 313 238 237 225 220 216 211 212 109 217 110 121 138 129 133 147 146 152 149 154 43 46 42 38 161 210 156 153 155 160 145 61 66 65 60 39 17 26 27 11 10 7 2 6 : 899.513
1 0 
1 2 7 22 30 21 15 103 12 27 33 26 38 153 155 150 154 160 66 65 161 145 127 208 126 125 128 134 135 136 137 138 141 148 156 157 158 159 162 163 166 165 168 167 181 174 185 191 169 172 173 182 184 183 176 177 187 188 190 88 87 189 196 95 94 197 201 202 206 198 207 100 98 99 92 91 96 97 101 102 93 76 81 77 67 64 72 83 82 68 71 85 78 84 86 89 90 80 79 73 69 75 74 70 62 63 316 56 105 59 317 55 50 104 32 28 19 18 16 20 40 54 58 57 45 48 51 52 46 41 53 42 39 61 60 164 210 175 186 178 179 180 194 195 203 204 205 311 312 193 303 296 287 282 278 289 277 281 294 192 200 199 307 306 302 301 295 293 292 283 286 291 299 285 300 309 308 310 305 304 297 298 276 273 280 272 270 271 268 256 262 253 254 315 269 314 246 247 259 250 140 139 242 232 239 118 119 217 109 110 212 213 219 218 226 234 228 235 237 238 231 313 222 229 252 263 264 261 260 267 255 265 266 251 257 258 144 143 146 142 123 132 129 131 130 211 216 220 221 240 225 230 233 241 243 236 227 224 214 215 223 245 244 249 248 318 275 279 284 290 274 288 170 171 151 147 152 149 209 133 13 112 5 4 124 117 122 121 113 114 108 111 106 107 115 120 116 14 34 35 37 36 43 47 44 49 31 29 11 10 3 25 9 23 17 24 8 6 : 775.539
1 1 
1 2 23 8 137 125 132 138 133 121 142 130 129 131 123 124 113 216 212 217 218 219 223 214 215 224 228 235 226 229 237 236 241 240 232 231 239 238 213 230 242 139 140 144 143 250 259 266 267 255 269 315 260 265 254 268 261 264 247 244 245 248 252 258 256 263 257 253 251 249 271 276 299 304 305 297 298 310 309 312 303 199 200 205 306 302 301 193 294 296 281 289 274 272 262 318 270 275 285 288 277 179 186 180 181 185 178 177 182 184 189 87 196 197 190 188 172 176 61 60 38 41 43 53 47 59 64 70 76 84 85 73 81 89 80 86 68 78 82 83 71 77 72 79 67 69 74 75 65 187 183 88 94 207 100 95 206 202 201 99 98 101 97 102 96 92 91 93 90 66 173 168 169 191 194 192 311 307 293 292 287 300 308 291 284 280 283 273 279 290 286 282 295 170 278 171 165 166 314 243 225 233 234 313 246 227 222 211 109 119 122 118 220 221 110 114 108 117 208 126 128 13 14 116 115 111 4 5 107 106 112 120 135 136 35 34 134 127 141 151 148 149 147 159 152 150 156 163 167 174 195 198 203 204 175 158 157 161 164 210 162 209 155 160 145 146 153 154 39 49 316 317 56 50 51 57 105 55 40 45 54 62 63 58 52 42 36 37 17 9 16 25 18 33 24 27 26 12 3 19 104 46 48 44 30 32 20 22 15 28 103 21 31 29 10 7 11 6 : 871.16
1 2 
1 15 30 31 32 317 105 68 71 78 82 85 91 83 72 76 86 80 73 64 77 79 67 84 92 96 97 102 101 93 89 90 75 81 74 66 63 69 62 70 59 51 47 41 57 56 45 46 53 42 37 44 48 104 43 58 52 54 55 50 49 316 40 22 103 21 7 6 8 9 12 17 134 132 121 141 136 125 133 135 127 126 111 117 124 120 34 38 39 35 36 26 25 18 16 33 29 28 19 24 27 14 208 137 138 151 159 158 157 163 152 149 148 150 145 209 142 146 147 171 193 200 195 204 198 194 174 179 180 186 175 168 167 210 162 156 155 153 161 154 160 164 61 60 173 182 172 176 184 181 178 185 207 100 99 98 94 95 197 196 206 202 201 88 87 183 188 189 187 65 169 177 191 190 203 312 311 307 306 199 205 302 301 277 166 170 295 282 287 289 280 279 285 291 296 290 286 283 284 255 314 246 242 241 140 139 250 253 252 251 262 256 273 272 318 270 271 276 275 298 297 304 310 305 299 300 309 308 303 192 293 288 278 281 292 294 274 267 266 254 261 258 259 265 260 264 315 257 268 263 269 165 144 143 239 313 225 216 110 118 221 217 220 130 131 129 128 123 122 232 231 240 243 228 235 236 238 229 226 227 247 245 249 248 244 224 223 215 214 219 218 222 233 237 234 230 213 211 109 212 119 113 114 108 112 115 116 13 5 106 107 4 3 10 11 23 20 2 : 794.472
1 3 
1 32 31 24 3 9 8 20 33 104 51 57 52 54 58 53 63 62 46 47 50 55 40 45 316 317 49 48 105 56 59 67 78 68 71 72 77 101 102 97 93 89 92 91 96 85 83 86 80 69 64 79 84 82 74 70 81 76 73 75 90 95 94 196 188 190 197 206 99 98 201 202 207 100 204 192 295 296 278 277 288 293 289 294 287 303 308 309 304 310 305 298 297 276 275 318 270 271 272 273 283 282 279 291 299 300 280 285 290 286 284 315 267 263 262 256 254 260 250 144 259 258 255 265 266 274 269 139 140 143 314 246 243 238 229 237 228 234 226 235 236 218 219 227 244 245 248 249 268 264 261 257 251 253 252 247 223 215 214 224 222 213 212 211 118 119 114 113 232 241 313 239 242 240 230 233 231 225 220 221 216 217 109 110 122 142 146 159 152 156 155 162 163 158 147 148 165 166 170 281 171 193 292 302 306 307 301 312 311 205 200 199 203 194 179 186 195 198 88 87 183 176 187 189 172 173 177 169 185 175 174 180 184 182 191 181 178 167 168 66 65 61 60 160 210 164 161 150 153 157 151 149 209 145 154 34 13 14 120 116 115 111 112 108 107 106 4 5 136 138 208 134 128 133 121 132 129 125 137 135 131 130 141 123 124 117 126 127 35 39 38 25 18 26 19 27 30 29 21 22 23 28 36 37 44 41 43 42 17 16 12 103 15 10 11 7 6 2 : 738.595
2 0 
1 49 258 282 252 267 48 186 93 204 177 197 202 206 95 187 34 38 230 168 218 295 225 144 130 62 262 173 120 96 14 316 56 90 311 203 126 80 69 264 139 45 146 106 263 4 9 227 283 302 261 33 217 233 23 270 43 176 198 154 42 312 117 199 271 299 308 288 253 17 169 188 60 272 85 83 157 32 289 269 239 305 201 148 79 170 213 284 86 84 27 140 214 273 219 244 30 101 75 162 121 35 116 54 133 46 246 111 175 234 97 110 231 257 73 114 274 147 314 192 109 238 156 259 16 292 290 39 163 240 185 279 294 260 265 81 41 131 251 242 82 77 137 152 180 298 287 285 104 184 87 98 145 63 167 76 228 25 189 232 235 123 108 309 107 55 118 210 165 249 88 306 8 132 250 113 68 72 129 29 57 179 280 301 102 124 211 10 58 220 236 224 255 266 15 237 119 247 142 196 296 277 229 135 18 134 127 24 304 276 315 178 313 226 215 47 174 248 158 221 7 310 31 71 223 155 254 286 275 166 19 212 208 195 100 143 6 92 65 51 183 91 128 317 171 200 66 182 193 181 5 115 2 153 13 112 243 22 28 36 160 53 44 164 94 190 89 268 216 300 150 191 74 78 21 11 141 26 151 61 293 99 40 64 205 207 105 149 307 303 52 20 278 318 291 3 12 125 161 103 138 70 159 122 297 245 241 194 136 59 50 67 172 281 256 222 209 37 : 5064.84
2 1 
1 30 127 219 84 170 110 230 239 65 28 273 45 48 88 228 303 74 234 160 209 144 177 46 168 159 43 153 145 141 231 242 143 305 297 272 178 78 317 98 179 149 295 304 14 225 134 114 121 19 75 196 33 198 296 67 279 24 210 255 42 51 13 53 90 154 72 270 312 181 104 93 9 221 166 5 55 63 175 174 187 54 185 135 94 287 206 123 275 205 267 216 102 214 99 39 86 57 12 59 6 105 227 274 171 147 223 161 52 233 61 40 249 18 169 189 125 85 243 129 35 36 202 97 194 186 3 191 197 103 200 89 156 268 236 265 79 232 276 294 254 173 310 290 240 131 261 258 70 199 17 7 190 27 215 180 192 207 142 286 146 21 108 109 217 138 64 82 91 66 204 241 218 11 133 251 313 256 229 224 128 132 176 188 58 137 83 115 20 113 195 260 100 148 87 184 212 238 44 50 163 271 289 220 302 201 281 116 29 130 15 107 118 92 23 80 96 81 101 167 4 237 316 77 253 222 277 150 62 155 208 124 269 244 139 250 162 278 37 252 111 266 245 140 246 60 120 56 292 172 183 264 41 164 95 158 68 314 288 211 136 308 300 318 117 106 126 76 307 299 49 182 152 213 119 259 112 32 25 8 34 31 26 151 73 69 47 193 165 311 293 16 10 309 291 284 306 285 282 122 248 263 257 247 2 38 315 157 22 71 203 235 283 280 262 301 226 298 : 5057.29
2 2 
1 237 318 202 198 95 79 145 73 293 307 82 196 57 281 229 252 248 260 276 3 44 136 163 177 234 4 74 50 5 34 71 28 247 92 175 120 7 21 141 300 280 306 299 295 84 33 25 207 56 96 317 228 215 48 152 287 166 157 164 156 315 227 98 88 124 286 311 304 83 134 118 144 174 85 277 190 132 67 24 197 125 70 217 255 199 263 203 49 223 271 278 235 279 238 213 109 110 17 55 121 219 66 89 241 192 294 216 86 26 209 259 38 147 253 75 130 249 270 274 20 51 187 18 116 264 296 77 59 101 186 165 91 194 224 154 181 291 52 173 61 193 115 273 113 45 76 188 63 211 111 309 99 138 162 146 302 107 128 266 139 64 298 27 167 183 148 285 41 108 258 80 161 284 265 135 22 2 114 205 180 210 6 78 201 189 269 256 159 240 178 42 30 289 195 90 127 257 222 23 53 81 206 8 16 37 36 232 218 185 40 262 272 310 305 149 282 105 12 97 170 119 158 142 208 245 316 153 226 275 239 140 171 72 46 129 112 15 58 103 65 126 160 261 104 182 9 31 303 137 231 236 221 283 313 13 117 155 69 288 268 254 292 290 191 176 212 62 60 68 93 225 230 204 151 123 233 267 43 172 87 297 169 301 308 214 19 250 244 312 251 314 39 184 242 179 100 35 10 29 32 150 246 220 243 94 47 54 14 168 143 200 131 122 106 102 133 11 : 5057.04
2 3 
1 6 41 75 181 282 276 248 296 317 172 49 47 89 62 40 53 204 202 232 164 153 95 141 265 221 119 9 106 8 29 30 10 5 18 25 36 117 263 17 59 166 193 35 31 285 279 23 12 27 121 226 258 295 277 293 309 301 191 133 231 11 90 7 3 186 152 173 197 176 228 122 107 24 85 83 316 48 188 105 72 76 86 93 21 43 108 115 13 127 34 128 56 2 32 104 45 46 81 77 113 238 245 162 241 288 87 147 132 208 61 71 82 189 179 154 260 222 225 314 200 192 160 161 101 67 57 145 60 149 218 199 268 252 273 244 196 100 289 284 302 281 261 283 175 38 55 136 146 291 203 54 16 170 286 308 318 187 150 256 235 109 253 297 4 135 112 116 80 168 210 184 194 167 274 79 78 52 98 84 177 169 74 68 64 290 180 139 137 65 171 37 26 220 240 213 254 214 224 130 123 275 230 271 143 22 103 63 102 158 313 209 242 111 58 195 303 249 227 157 264 229 140 114 216 233 156 165 92 50 39 183 211 217 315 280 292 246 266 255 129 14 126 91 44 33 51 159 88 198 66 151 178 96 185 305 300 259 269 247 215 223 110 144 239 163 234 212 270 272 304 94 69 190 201 42 70 250 294 174 311 298 278 205 312 306 310 287 243 262 307 236 131 207 142 138 148 124 120 155 28 15 20 118 251 257 19 97 182 206 237 219 267 134 125 99 73 299 : 3726.45
3 0 
1 142 18 4 41 310 43 110 105 44 130 218 167 97 71 317 85 101 56 316 48 250 134 163 203 248 12 93 73 26 17 113 2 7 61 39 206 277 238 312 247 30 222 104 255 242 240 143 227 221 42 111 22 32 109 284 57 269 265 261 153 211 285 13 287 274 37 118 132 314 16 279 72 79 303 294 171 271 273 302 264 107 217 176 194 202 29 51 75 127 25 55 147 158 180 170 243 293 305 315 117 286 239 226 266 235 152 70 164 140 154 210 63 80 166 136 53 102 82 90 83 188 160 87 309 168 131 137 207 251 125 54 204 181 28 308 216 59 123 213 24 98 19 135 212 283 231 288 189 124 195 172 275 282 27 301 78 161 173 190 300 8 128 187 186 245 177 267 215 306 256 99 307 157 162 133 156 232 234 290 249 224 60 192 174 184 292 297 276 193 20 126 121 106 112 145 91 68 246 225 254 291 144 178 115 318 139 260 66 3 36 229 95 219 223 148 46 208 244 236 74 10 15 96 69 258 197 76 253 119 295 296 199 6 64 94 237 198 100 183 52 47 84 268 65 86 129 88 146 50 35 23 233 151 34 122 313 141 169 58 182 263 289 185 40 205 114 262 230 149 278 270 165 120 103 67 21 14 298 228 252 116 159 150 33 45 196 299 214 257 179 155 31 92 280 311 259 191 200 138 281 77 304 220 108 81 62 11 241 175 89 201 272 9 5 209 38 49 : 4973.99
3 1 
1 126 191 64 271 306 51 9 218 296 274 116 72 134 164 224 41 86 136 115 132 14 39 35 146 245 203 98 232 63 133 157 258 200 77 206 99 6 151 5 235 118 295 278 303 158 153 145 196 178 184 57 7 42 166 225 219 114 15 227 294 92 109 117 161 172 264 107 130 127 147 282 62 318 260 276 209 44 194 48 256 121 29 100 143 213 183 88 284 169 250 85 139 242 287 56 275 297 91 228 187 269 221 211 201 214 94 314 168 220 110 226 76 102 55 47 46 192 307 185 124 277 159 141 93 10 79 103 21 176 251 270 80 83 33 61 120 40 155 53 144 189 207 89 122 49 69 231 262 26 291 210 236 193 273 255 300 281 171 24 186 179 165 259 223 111 310 82 54 289 279 212 106 315 170 252 241 125 17 199 190 60 177 268 230 257 237 248 160 265 313 149 74 205 25 173 123 131 97 66 283 309 204 311 78 198 140 222 4 45 36 52 2 135 240 96 67 233 19 3 43 167 150 90 87 142 152 238 27 31 70 162 129 105 317 11 113 16 30 181 286 128 28 305 301 293 137 119 247 261 195 154 308 266 217 253 174 299 202 8 18 95 216 156 239 112 108 267 13 50 23 81 138 234 71 148 34 58 65 182 188 101 302 59 312 254 244 246 280 292 104 68 75 215 38 32 316 175 243 180 298 285 288 249 304 290 84 22 163 272 229 197 37 73 12 20 263 208 : 5079.7
3 2 
1 36 7 155 57 76 140 225 224 35 61 156 18 109 124 286 27 315 99 49 69 78 144 13 313 231 114 128 300 258 100 88 5 211 42 6 30 290 187 252 287 191 101 198 96 145 82 310 307 73 123 219 220 41 120 125 272 294 204 53 32 50 33 316 256 275 47 31 121 166 87 251 195 19 230 137 203 206 157 202 173 276 71 45 288 227 161 25 208 12 3 299 234 147 273 218 116 60 149 15 4 289 284 178 269 56 177 135 281 74 150 52 146 259 148 249 282 268 239 264 205 190 292 228 165 222 154 174 266 51 126 54 79 108 63 189 153 113 133 212 130 185 68 199 172 302 293 278 170 317 62 117 181 229 305 188 93 265 20 194 180 103 23 312 270 235 243 98 152 260 318 233 95 89 210 131 91 86 280 297 75 94 247 169 112 295 175 70 64 200 207 241 11 106 9 215 196 301 136 129 261 182 48 122 40 84 134 296 214 244 253 164 2 29 245 232 151 65 143 250 314 158 277 119 226 303 304 102 267 254 34 271 298 311 184 162 159 186 193 179 107 10 21 46 209 59 141 110 262 221 138 285 183 97 77 26 274 246 163 216 139 306 22 257 308 242 67 142 201 104 115 8 248 81 197 168 236 80 192 90 176 240 237 291 255 111 132 167 38 43 24 66 263 160 17 37 28 217 92 55 105 83 309 127 44 58 283 223 118 39 16 279 238 14 85 72 171 213 : 5090.77
3 3 
1 70 95 3 232 227 318 251 205 309 265 261 276 305 124 139 312 71 152 147 285 170 297 270 294 122 119 222 255 129 115 34 99 56 73 203 229 236 123 121 15 39 103 32 63 27 41 77 67 47 60 151 187 51 97 92 169 75 110 240 224 254 250 194 202 120 55 146 281 177 215 267 244 117 109 143 100 156 185 96 78 40 74 159 311 85 183 301 102 101 66 172 253 219 221 173 201 59 98 48 142 113 108 176 182 125 112 21 33 114 216 226 211 7 6 31 42 18 69 62 49 12 239 233 145 43 23 130 161 162 282 299 199 307 178 210 144 140 214 138 4 17 28 44 197 9 45 25 58 167 213 22 37 272 268 257 36 2 19 16 64 10 111 174 65 188 87 137 155 68 280 314 306 298 106 128 209 105 84 72 79 80 30 163 24 83 316 29 278 287 286 288 263 218 212 220 225 234 133 284 289 296 166 256 107 50 200 193 275 247 290 181 35 26 293 315 243 235 245 252 118 38 153 264 291 52 277 274 148 141 180 196 94 104 158 242 160 231 204 303 11 13 86 76 198 184 175 189 317 259 283 168 269 258 262 248 271 223 241 217 126 134 46 154 135 8 90 206 81 230 5 116 157 191 82 165 260 300 295 292 132 150 61 279 304 273 266 246 136 208 131 53 93 192 127 186 195 54 14 91 171 164 89 57 88 179 190 302 238 228 237 149 207 310 308 249 313 20 : 3833.17
4 0 
1 2 7 6 10 11 15 30 28 33 23 27 25 26 104 41 45 50 59 316 40 49 47 48 44 36 24 18 17 16 9 5 4 107 106 111 116 115 120 117 132 123 130 131 121 124 129 125 128 126 136 150 164 210 163 151 209 149 162 159 152 156 157 148 147 146 158 269 165 166 168 167 153 154 137 135 133 138 34 145 38 39 35 127 208 134 13 14 112 108 114 113 122 220 219 218 230 225 139 233 243 232 231 234 237 238 242 240 239 313 222 229 226 227 235 236 215 224 223 214 244 245 248 249 271 270 318 297 298 276 275 310 304 305 308 309 303 311 312 306 307 300 299 301 302 200 205 171 192 193 195 175 179 180 186 174 188 176 184 191 204 203 198 201 94 100 206 207 202 88 87 95 196 197 190 183 182 177 178 172 169 189 187 161 155 160 141 142 140 143 144 241 119 221 109 110 118 217 216 212 211 213 228 247 246 252 251 314 261 267 268 263 253 262 256 254 257 250 259 265 266 264 260 255 258 315 274 281 273 272 279 291 284 283 285 280 290 286 287 278 289 295 294 282 296 288 170 277 292 293 199 194 185 181 173 65 60 61 66 75 80 86 89 93 102 101 97 96 91 85 83 78 98 99 92 71 67 82 68 84 72 79 77 64 105 54 51 52 53 58 57 62 73 76 69 70 63 74 90 81 43 42 46 55 56 317 32 31 19 20 12 8 37 21 22 29 103 3 : 764.665
4 1 
1 7 6 10 15 28 31 32 29 30 33 46 43 44 51 52 63 62 58 47 45 40 48 104 42 41 53 54 50 55 316 317 49 56 59 105 57 68 72 80 73 76 81 69 64 67 70 66 172 183 88 75 74 90 89 96 97 101 102 92 91 82 84 77 79 85 71 78 83 86 93 99 98 100 94 95 202 206 207 201 197 196 198 204 203 194 186 180 179 178 185 181 175 171 165 166 170 315 273 276 275 281 278 288 301 205 312 311 307 200 303 306 302 199 195 191 190 187 188 189 173 176 65 87 184 177 182 169 167 168 174 164 161 60 61 163 151 147 148 157 158 162 210 152 156 159 149 146 144 143 260 258 266 265 263 261 259 269 293 295 294 289 287 277 292 193 192 282 274 272 284 290 279 280 285 291 283 286 296 299 300 309 308 305 310 304 298 297 318 270 271 249 248 244 245 224 247 246 251 252 253 268 267 264 256 262 257 254 255 314 250 243 233 238 237 221 220 217 216 110 109 212 211 222 218 213 219 215 214 223 236 235 229 234 226 227 228 230 231 225 118 119 313 240 241 242 239 232 140 139 122 131 124 138 135 208 128 133 132 129 121 108 106 107 111 112 116 14 5 4 113 117 114 123 130 142 141 150 155 160 153 154 145 209 39 38 34 137 136 134 120 127 126 125 115 13 35 37 36 12 24 22 103 21 18 16 9 8 17 25 26 27 19 23 20 11 3 2 : 699.987
4 2 
1 7 10 11 15 20 12 4 5 111 106 112 107 9 17 18 26 16 25 27 23 30 33 44 43 52 55 50 59 62 63 57 54 53 32 31 36 37 34 38 60 182 173 178 181 179 184 198 190 189 194 186 180 193 192 288 278 287 199 302 306 200 205 203 195 204 197 196 88 183 168 167 175 171 281 292 289 294 295 296 301 307 311 312 303 308 309 310 305 300 299 315 272 273 262 264 257 254 263 261 256 251 252 253 249 318 248 214 215 223 224 244 245 260 233 243 246 247 237 230 238 313 225 221 220 232 239 242 231 110 211 216 217 109 212 213 229 236 235 227 218 219 228 226 234 222 240 139 140 241 118 119 141 120 116 13 14 126 135 35 39 150 154 149 151 158 162 152 156 148 157 147 153 155 145 209 159 163 144 255 258 259 266 269 165 166 293 277 170 283 282 285 291 280 276 270 271 275 304 297 298 284 279 290 286 274 265 268 267 250 314 143 122 121 117 113 114 108 115 127 137 133 129 142 131 130 123 132 124 136 138 128 125 208 134 146 160 210 169 161 164 61 65 66 172 177 191 185 174 176 187 188 87 70 69 77 78 64 81 75 80 89 98 90 99 100 206 207 201 94 202 95 68 71 84 82 93 96 92 91 97 102 101 79 83 85 76 73 74 86 72 67 105 56 317 316 49 40 104 45 48 51 41 42 46 58 47 103 29 21 28 19 24 22 3 8 6 2 : 834.12
4 3 
1 3 9 10 27 24 104 32 30 31 33 23 19 26 126 121 130 132 129 128 138 137 134 133 208 125 135 136 127 34 35 38 39 42 43 36 37 41 49 316 317 59 56 40 45 50 48 51 53 52 46 44 47 58 55 54 57 105 63 81 75 74 70 69 76 79 86 93 91 97 96 102 101 92 85 84 83 71 68 67 78 82 77 72 80 73 64 62 66 61 60 210 164 160 155 159 156 153 145 150 154 161 65 173 188 190 189 183 178 169 157 148 152 158 163 162 168 167 174 182 184 177 172 176 187 179 195 181 185 175 186 180 194 198 191 196 197 87 88 95 99 90 89 98 201 94 207 206 100 202 204 203 307 205 312 311 306 302 200 199 301 277 287 289 283 292 278 288 295 171 170 166 293 294 296 286 282 281 266 264 261 258 265 260 250 267 315 269 165 193 192 303 308 300 309 310 305 304 298 297 276 275 271 270 318 248 249 245 244 224 223 215 214 219 218 213 222 238 240 242 233 231 313 229 228 235 236 241 243 234 216 221 239 232 225 230 227 226 237 246 247 252 263 251 256 273 272 299 291 285 280 279 284 290 274 268 262 255 259 144 314 253 257 254 143 140 139 119 118 220 211 212 217 109 110 141 142 147 151 149 146 209 131 123 113 114 122 124 108 111 106 107 112 116 117 115 5 4 14 13 120 8 16 18 17 25 12 20 103 21 15 28 29 22 11 7 6 2 : 716.648
5 0 
1 87 277 119 65 154 103 162 151 237 244 245 262 257 64 55 54 81 253 89 161 100 2 187 296 134 239 195 311 238 230 15 102 176 164 175 32 284 299 75 289 37 215 108 259 12 115 247 251 150 18 314 182 295 40 21 36 23 38 8 235 114 309 122 22 221 173 148 145 146 228 152 101 276 278 167 287 160 249 56 104 282 292 197 96 82 141 226 76 29 233 25 243 285 202 33 90 47 225 61 51 163 199 193 95 63 178 133 234 174 169 222 52 71 26 185 166 60 45 14 93 72 69 74 34 94 11 317 4 203 19 6 149 288 297 127 50 144 205 77 280 236 20 303 255 113 217 112 121 31 188 204 139 44 246 275 138 242 136 137 274 130 118 300 308 254 263 218 62 46 9 105 301 318 302 156 57 252 290 281 315 267 3 107 170 273 224 214 312 307 190 227 256 92 28 41 313 128 135 123 110 155 210 283 116 286 293 181 42 59 91 70 159 213 192 88 85 125 232 209 208 157 212 265 53 73 132 260 158 268 229 168 68 39 279 231 106 80 35 99 84 147 143 261 264 196 206 131 98 78 179 66 129 266 291 109 194 223 306 13 83 67 79 86 220 177 189 183 201 207 10 165 294 124 200 186 171 258 27 142 117 120 140 269 172 219 248 24 270 305 180 184 97 16 30 250 272 316 310 271 5 111 48 58 7 153 304 298 216 240 191 126 198 241 211 17 49 43 : 5058.85
5 1 
1 54 19 246 109 145 77 218 273 59 93 92 196 11 304 161 15 21 148 83 90 260 7 267 146 104 257 232 269 153 265 235 40 167 247 34 162 24 123 197 51 116 272 143 65 295 310 280 70 50 187 296 108 4 86 13 192 279 9 284 243 132 69 36 94 41 57 14 118 268 299 283 251 249 262 185 281 303 258 191 110 91 81 46 58 159 168 287 62 200 106 112 27 133 169 288 166 138 32 211 239 300 271 309 316 315 286 130 29 8 223 213 20 38 151 302 170 308 318 119 115 212 228 252 76 87 275 194 173 206 174 82 84 107 266 61 42 176 231 171 72 88 163 75 125 142 285 278 202 317 233 160 85 96 63 189 198 178 217 98 201 100 144 244 22 45 274 229 293 220 17 23 47 137 16 305 241 53 150 157 253 261 264 165 193 128 227 147 314 259 209 48 52 44 245 282 226 248 121 210 179 79 105 311 254 134 195 66 74 307 214 35 136 126 234 306 184 73 113 313 203 31 6 25 114 139 222 297 291 290 177 18 103 236 276 186 301 221 172 207 3 89 190 149 182 39 270 219 181 26 101 131 240 294 122 49 230 216 250 37 97 289 277 95 43 80 78 155 33 188 102 60 30 71 68 99 205 238 2 10 263 164 158 154 28 292 199 175 180 152 67 64 312 156 120 135 215 129 298 127 12 55 117 225 140 183 224 237 56 242 208 256 255 124 111 141 5 204 : 4975.97
5 2 
1 7 2 126 250 109 242 243 63 152 59 232 145 154 220 147 89 205 60 25 4 51 102 93 72 159 168 228 211 88 74 36 318 131 94 185 161 178 12 23 22 317 47 106 175 39 150 38 253 24 79 14 206 193 258 108 270 214 296 203 231 287 171 149 135 64 73 235 19 52 99 128 288 46 13 110 233 236 237 76 151 155 281 271 267 44 293 86 6 207 273 55 119 238 90 31 130 61 227 17 277 266 165 314 234 230 190 78 69 197 115 162 246 215 118 201 275 136 315 313 310 264 148 111 121 184 113 49 291 140 292 105 272 192 217 306 299 195 87 138 129 122 202 274 144 297 204 199 200 196 157 3 252 164 62 11 219 221 9 240 229 225 226 65 143 247 127 10 15 95 70 213 174 85 187 124 290 241 100 251 224 249 208 302 189 96 183 186 37 32 5 33 176 114 256 125 300 305 289 83 194 120 123 34 58 57 66 265 43 156 304 137 53 16 112 248 35 307 169 146 132 259 18 209 263 283 278 40 21 284 295 172 316 42 28 280 255 139 45 153 48 279 269 188 117 173 262 41 67 244 8 30 294 218 312 180 239 133 27 160 170 101 82 182 198 167 177 75 134 116 212 261 254 92 181 285 276 301 80 216 260 107 91 163 142 245 98 103 222 268 257 311 97 210 81 77 308 179 191 298 286 84 20 68 223 141 309 56 282 71 50 104 166 303 26 158 29 54 : 5136.38
5 3 
1 2 32 127 36 19 22 33 3 52 7 24 53 280 123 149 73 81 307 192 269 108 5 216 258 224 125 66 184 157 153 15 48 30 168 281 160 114 126 214 267 178 8 261 275 274 286 183 61 138 95 201 302 198 206 112 208 27 196 189 105 46 121 117 26 287 174 165 51 40 97 159 151 282 271 232 237 107 143 288 292 265 186 172 175 65 169 86 119 64 16 133 76 209 31 41 18 43 137 130 75 89 291 147 35 120 217 13 104 28 17 187 176 77 84 11 23 135 254 264 312 263 111 181 113 4 38 177 233 244 243 262 248 296 166 9 230 245 118 122 234 236 191 195 294 193 173 37 42 300 270 305 180 129 134 222 212 253 297 223 228 227 218 235 226 131 148 255 229 215 238 211 225 260 241 116 221 139 290 289 278 247 220 213 252 273 268 60 182 136 156 200 246 250 132 110 304 276 298 256 141 295 283 315 205 6 12 10 63 102 49 29 50 55 316 72 83 93 74 85 45 98 62 90 57 96 94 202 303 310 257 14 128 150 56 34 284 179 203 197 21 67 54 154 145 142 155 70 69 80 259 163 279 299 100 101 210 162 140 231 152 144 115 106 39 58 68 185 103 314 266 309 306 301 109 78 190 170 164 311 308 167 92 71 44 25 20 59 47 317 82 88 158 194 99 91 207 171 242 199 204 240 313 318 249 272 251 219 124 239 79 87 293 285 277 146 161 188 : 3615.64
