0 0 
1 2 6 7 10 11 21 22 29 30 31 32 33 36 37 42 41 43 46 47 44 104 40 45 48 50 55 56 49 316 317 59 105 57 54 51 52 53 58 62 63 61 60 65 176 173 172 169 167 168 174 178 181 185 191 184 182 177 189 190 188 187 183 66 70 69 74 75 81 90 89 80 76 73 64 67 68 71 78 82 83 85 84 72 77 79 86 91 92 96 97 101 102 93 98 99 88 87 196 197 94 95 201 202 100 207 206 198 203 204 195 194 186 180 179 175 171 170 166 165 269 315 266 265 260 258 255 259 144 143 250 314 246 247 252 251 253 256 262 254 257 261 264 267 263 268 272 273 280 279 284 285 291 290 286 283 274 277 278 281 288 292 293 282 287 289 294 295 192 193 199 200 205 312 311 307 306 302 301 303 296 299 300 308 309 310 305 304 298 297 276 275 271 270 318 249 248 245 244 224 223 214 215 219 218 227 226 228 235 236 229 234 237 243 242 241 240 238 233 230 313 222 213 211 212 216 217 109 110 119 118 220 221 225 231 232 239 139 140 142 141 147 146 148 151 157 158 163 149 152 156 159 162 210 164 161 160 155 153 154 150 209 145 38 39 35 34 14 13 115 116 120 117 125 128 133 208 126 127 134 135 136 137 138 132 129 124 131 130 123 121 122 114 113 108 106 107 111 112 4 5 9 8 3 12 19 16 17 18 25 26 27 24 28 23 20 103 15 : 453.452
0 1 
1 2 6 7 10 11 15 21 22 29 31 32 33 27 24 19 16 18 25 26 37 36 104 45 40 316 317 49 48 50 55 56 59 57 54 51 47 44 41 42 43 46 52 53 58 63 62 105 64 67 68 71 78 82 83 85 91 92 96 97 101 102 93 98 99 90 89 86 84 79 77 72 73 76 80 81 75 74 69 70 61 60 164 210 162 159 156 152 161 160 155 153 150 154 145 38 39 35 34 137 136 135 138 141 142 209 149 146 147 148 151 157 158 163 168 167 169 172 173 176 65 66 183 187 188 190 87 88 94 95 100 207 206 202 201 197 196 198 203 204 195 194 191 189 184 182 177 178 181 185 186 180 179 174 175 171 170 166 165 269 315 274 298 297 304 305 310 309 308 312 311 205 193 192 200 199 307 301 302 306 303 299 286 294 278 281 300 291 285 290 277 282 287 292 289 296 295 293 288 283 284 279 280 273 272 264 256 262 263 267 260 255 259 144 246 247 215 219 226 217 216 113 114 119 118 109 228 236 214 222 239 140 139 143 250 254 253 251 268 276 275 271 270 318 314 242 241 240 243 229 245 244 248 227 230 238 265 261 252 257 266 258 249 225 313 231 232 237 235 224 223 213 221 211 110 220 234 233 218 212 122 121 123 130 131 124 129 132 117 120 126 127 134 208 125 128 133 108 107 111 115 116 13 14 112 106 4 5 17 9 8 3 12 20 23 28 30 103 : 658.463
0 2 
1 2 6 7 10 11 15 21 22 29 30 31 32 33 36 37 42 41 43 46 52 53 58 54 51 47 44 104 45 40 316 317 49 48 50 55 56 57 105 59 64 72 77 79 67 68 71 78 82 83 85 84 86 91 92 96 97 101 102 93 98 99 90 89 80 76 73 81 75 74 69 70 62 63 61 60 164 155 160 161 210 169 167 168 175 174 179 180 186 185 181 178 177 182 184 191 189 190 188 187 183 176 173 172 65 66 87 88 94 95 100 207 206 202 201 197 196 198 203 204 194 195 193 192 199 200 205 312 311 307 306 302 301 303 308 309 310 305 304 297 298 300 299 296 294 295 293 292 288 281 278 277 282 287 289 283 286 290 291 285 284 280 279 274 153 150 154 145 38 39 35 34 137 136 135 134 127 126 120 208 125 128 133 138 132 124 129 131 130 123 121 122 237 118 228 249 215 223 248 247 246 253 262 268 257 267 264 263 140 241 243 236 244 271 270 275 276 318 256 314 225 229 235 214 224 245 251 252 230 232 226 273 272 315 266 265 269 165 166 171 170 148 151 157 162 159 163 158 146 149 152 156 250 255 254 242 313 234 211 218 227 233 238 240 239 139 141 142 144 143 147 209 259 260 261 258 222 216 220 221 217 219 213 231 119 212 109 110 114 113 117 108 106 116 115 112 111 107 5 14 13 4 17 18 25 26 16 19 24 27 20 23 28 103 9 8 12 3 : 690.966
0 3 
1 2 6 7 10 11 12 20 23 28 103 15 21 22 29 30 31 32 33 27 24 19 16 17 18 25 26 36 37 42 41 43 46 52 53 58 57 54 51 47 44 104 40 316 317 49 45 48 50 55 56 59 105 62 63 64 67 68 71 78 82 72 77 79 84 83 85 91 92 96 97 101 102 93 86 80 76 73 69 70 74 75 81 89 98 99 90 88 87 94 95 100 207 206 202 201 197 196 198 203 204 195 194 191 189 190 188 187 183 176 173 172 65 66 61 60 164 169 177 182 184 178 181 185 186 180 179 174 175 144 143 139 140 142 141 130 123 121 122 114 113 108 112 117 124 129 132 147 146 148 151 157 158 163 118 119 149 152 156 159 166 165 269 268 264 267 315 266 265 260 258 255 259 233 238 240 242 241 239 232 231 313 225 222 213 211 212 109 110 216 217 220 221 243 250 247 246 314 251 254 257 261 230 234 237 229 226 228 235 236 227 218 219 215 214 223 224 244 245 248 249 252 253 256 262 263 318 270 271 275 276 297 298 304 305 310 309 308 300 299 303 306 307 311 312 205 200 199 302 301 192 193 282 287 289 277 278 281 274 272 273 280 279 284 285 291 296 283 286 290 295 294 293 292 288 170 171 168 167 162 210 161 160 155 153 150 154 145 14 13 116 115 120 127 134 136 137 34 35 209 138 133 128 125 208 126 135 39 38 106 107 111 131 4 5 9 8 3 : 557.956
1 0 
1 2 6 7 10 11 15 21 22 29 32 31 30 103 20 23 28 33 36 37 42 41 43 46 52 53 51 47 44 104 40 316 317 49 45 48 50 55 56 59 105 57 54 58 63 62 64 67 68 71 78 82 83 84 85 91 92 96 97 101 102 93 86 79 77 72 80 76 73 69 70 74 75 81 89 90 98 99 100 207 206 202 201 197 196 94 95 88 87 190 189 188 187 183 176 65 66 61 60 164 161 160 155 153 150 209 145 154 38 39 35 34 137 136 135 138 141 142 147 146 148 151 157 158 163 149 152 156 159 162 210 167 168 169 172 173 177 182 184 185 181 178 174 175 179 180 186 191 198 194 195 203 204 200 199 205 312 311 307 306 302 301 303 308 309 299 300 305 310 304 298 297 276 275 271 270 318 249 248 245 244 224 223 214 215 219 218 227 235 228 226 229 234 237 236 247 252 251 253 254 255 269 278 281 292 293 295 170 166 165 171 192 193 288 277 280 279 286 283 282 294 287 289 296 290 274 291 285 284 273 272 315 257 258 259 144 143 250 260 265 266 264 267 268 263 256 262 261 314 246 243 238 233 230 222 221 119 118 313 225 231 232 239 240 241 242 139 140 220 217 216 212 211 213 109 110 124 129 132 131 130 123 121 122 114 113 108 106 107 115 116 117 128 133 125 126 127 134 208 120 14 13 112 111 4 5 9 8 3 12 19 18 25 26 27 24 16 17 : 501.918
1 1 
1 2 6 7 10 11 15 103 21 22 29 32 31 30 20 23 28 33 27 24 19 26 25 18 16 17 35 34 39 38 209 149 152 156 159 162 153 150 145 154 155 160 161 210 164 60 61 63 62 58 53 52 46 43 44 41 42 37 36 104 40 49 316 317 59 56 55 50 48 45 47 51 54 57 105 64 67 68 71 78 82 83 85 91 92 96 97 101 102 93 98 99 90 89 86 84 79 77 72 73 76 80 81 75 74 69 70 66 65 169 178 181 185 191 184 182 177 172 173 176 183 187 188 189 190 87 88 94 95 100 207 206 202 201 197 196 198 203 204 195 194 186 180 179 174 175 168 167 163 158 157 151 148 146 147 137 136 135 134 127 126 208 125 128 133 138 131 130 122 123 129 124 121 114 119 110 211 216 221 118 313 233 229 235 240 219 109 212 217 230 214 226 231 139 140 239 232 238 227 215 220 225 213 222 234 243 236 245 249 237 241 242 246 247 314 264 257 254 263 251 252 223 224 218 228 244 253 256 262 261 268 248 271 270 318 275 276 297 298 304 305 310 309 308 303 300 299 291 285 284 280 279 286 283 290 287 193 192 199 200 205 312 311 307 306 302 301 288 281 278 165 166 170 171 282 289 292 293 295 294 296 277 274 272 273 315 266 265 258 255 250 267 260 259 269 143 144 142 141 132 113 117 13 14 120 116 115 112 108 107 106 111 5 4 9 8 3 12 : 623.491
1 2 
1 2 6 7 10 11 15 103 21 22 29 30 31 32 33 28 23 20 19 24 27 36 37 39 38 35 34 137 136 135 134 127 126 125 128 133 124 121 122 123 130 131 129 132 138 141 142 144 143 250 314 246 243 231 232 230 225 313 222 240 239 139 140 242 241 238 233 234 237 229 227 228 235 226 236 247 253 257 251 256 262 263 268 170 171 192 193 175 168 167 174 179 180 186 178 181 185 184 182 177 169 172 173 65 66 61 60 164 210 161 160 155 153 150 154 145 209 149 152 156 159 162 163 158 157 151 148 146 147 191 189 176 183 187 188 190 87 88 90 89 81 75 74 69 70 63 62 58 53 57 54 51 47 44 41 42 43 46 52 104 40 316 317 49 45 48 50 55 56 59 105 64 73 76 80 86 84 79 77 72 67 68 71 78 82 83 85 91 92 96 97 101 102 93 98 99 100 207 206 202 201 95 94 197 196 198 203 204 194 195 200 199 205 312 311 307 306 302 301 303 299 300 308 309 310 305 304 298 297 276 275 271 280 273 272 267 261 252 254 258 255 259 260 264 266 269 165 166 265 315 291 278 281 288 292 293 277 295 294 296 289 287 282 290 283 286 284 285 274 279 270 318 249 248 245 244 224 223 214 215 219 218 213 211 212 216 217 220 221 118 119 109 110 114 113 108 106 107 4 5 111 112 117 208 120 116 115 13 14 9 8 25 26 18 16 17 12 3 : 525.483
1 3 
1 2 6 7 10 11 15 103 21 22 29 32 31 30 28 33 104 40 49 316 317 59 56 55 50 48 45 44 47 51 54 57 105 64 67 68 71 78 82 83 85 91 92 96 97 101 102 93 98 99 90 89 86 84 79 77 72 73 76 80 81 75 74 69 70 63 62 58 53 52 46 43 41 36 37 42 60 61 66 65 183 187 188 190 87 88 94 95 100 207 206 202 201 197 196 198 203 204 205 312 311 307 306 302 301 199 200 193 192 295 293 292 288 294 296 303 308 309 310 305 304 298 297 276 275 271 270 318 251 252 246 228 233 230 238 226 243 241 256 220 222 232 118 109 234 235 214 140 139 119 212 313 219 258 260 315 284 285 291 280 299 300 279 273 272 283 286 290 289 287 274 278 277 281 156 159 162 210 169 178 181 185 174 175 179 180 186 195 194 191 189 184 182 177 172 173 176 164 38 39 35 34 145 154 153 155 160 161 250 255 266 268 263 253 314 247 240 242 239 237 231 225 221 213 211 216 217 218 229 224 215 223 244 245 248 249 257 261 264 267 282 259 143 144 151 148 147 146 209 137 136 135 134 127 126 120 208 125 128 133 138 132 129 124 141 121 130 122 123 142 131 152 227 236 149 150 157 158 163 168 170 171 167 262 269 166 165 265 254 110 114 113 108 117 116 115 112 111 106 107 4 5 13 14 25 17 18 26 9 8 16 19 24 27 23 20 12 3 : 732.587
2 0 
1 2 6 7 10 11 15 29 22 21 103 20 24 12 8 123 41 54 62 151 157 143 229 238 273 265 311 175 187 312 94 92 105 48 56 58 176 237 303 133 241 232 116 107 218 136 294 88 142 246 203 66 245 209 138 308 161 266 192 166 300 221 211 226 126 13 111 243 231 318 75 222 299 261 160 144 163 125 16 18 43 179 239 313 280 60 130 262 281 101 59 104 317 83 78 91 97 189 296 145 146 127 108 244 310 122 236 224 79 216 234 200 288 185 188 316 206 279 86 147 137 283 112 212 217 172 63 50 44 32 31 30 28 23 19 42 38 164 247 274 69 207 191 271 152 204 194 140 132 285 260 25 37 85 84 89 71 178 198 82 210 141 258 240 276 195 301 228 305 307 87 215 118 119 115 223 278 26 186 39 263 134 230 254 259 153 150 129 124 14 297 235 47 46 35 314 148 225 284 293 197 180 95 181 67 99 295 173 36 17 154 155 298 110 135 128 183 220 242 120 57 68 102 96 76 77 202 100 249 219 5 34 131 114 109 256 290 171 199 315 167 65 177 282 306 309 248 264 213 113 106 4 277 51 193 52 156 214 252 272 233 289 80 139 74 45 267 196 53 190 40 257 64 268 270 208 90 162 70 149 286 253 27 174 168 73 33 55 72 81 61 302 291 205 170 275 227 255 287 169 159 292 49 93 98 250 269 304 184 182 201 121 165 251 158 117 9 3 : 3983.72
2 1 
1 169 75 161 160 234 301 159 266 260 248 198 257 175 264 307 166 243 124 190 86 246 315 27 245 127 193 251 287 142 123 109 214 223 309 215 225 306 186 153 95 87 84 77 67 76 89 181 92 78 50 22 11 197 237 152 239 318 164 45 185 33 140 240 242 107 19 177 255 49 53 184 69 272 217 291 271 31 178 176 147 4 96 273 211 279 252 317 285 278 262 293 82 250 290 227 286 171 63 173 212 51 138 103 125 203 189 179 155 18 298 204 146 129 56 81 93 101 122 8 304 180 195 296 230 213 59 44 119 2 132 162 143 297 294 270 303 313 136 219 21 111 183 94 58 236 253 247 85 34 191 47 283 32 157 235 23 288 238 231 48 145 106 265 222 24 57 120 300 102 208 104 156 131 210 289 281 151 60 117 37 61 7 148 182 100 99 110 218 268 36 224 310 295 261 20 126 25 43 154 6 65 187 112 134 284 194 206 15 220 115 135 137 13 66 90 202 249 165 38 70 196 216 188 105 114 68 201 46 144 139 316 41 88 54 128 91 282 233 83 17 55 30 28 149 170 79 163 292 150 52 98 118 244 172 73 305 314 269 241 254 10 209 121 29 232 9 256 267 64 258 130 39 3 158 299 276 62 113 229 259 174 97 71 274 192 5 16 12 42 40 26 141 35 14 277 205 312 308 302 275 221 133 263 226 108 72 207 80 116 228 200 199 311 167 74 280 168 : 5025.18
2 2 
1 2 6 7 135 288 205 229 155 301 255 120 189 105 25 61 18 17 136 151 176 146 296 80 72 102 65 207 281 278 246 237 283 124 113 13 5 137 195 164 90 129 304 150 58 100 133 116 218 227 223 216 211 170 165 258 265 138 267 122 239 257 272 182 318 315 86 44 48 88 96 273 125 173 101 153 71 43 104 32 28 20 10 11 49 59 50 190 186 303 308 286 247 191 93 57 276 148 149 94 172 38 92 317 157 193 63 95 112 62 161 89 312 29 179 294 19 121 241 271 175 40 126 16 127 245 197 27 200 132 78 97 82 270 85 156 290 279 292 181 208 262 285 269 291 162 282 79 103 21 31 15 22 42 83 225 143 261 266 275 14 77 311 235 306 307 210 152 177 194 232 212 234 118 140 238 213 192 264 302 198 293 169 154 145 34 24 8 242 204 68 222 4 9 117 119 180 214 111 244 108 107 188 316 69 268 250 249 248 41 297 230 106 313 253 206 243 305 144 203 199 114 115 166 35 147 226 231 215 254 168 174 187 252 185 46 55 64 45 56 36 201 23 66 277 110 134 12 202 99 91 67 84 73 300 196 74 158 259 287 141 309 76 81 30 33 53 274 3 251 221 295 54 26 171 256 142 131 128 260 263 224 75 98 217 159 240 314 160 310 233 284 109 123 183 178 298 39 184 60 139 163 37 167 87 236 228 220 219 280 289 299 209 52 51 70 47 130 : 4405.84
2 3 
1 3 8 9 5 4 106 107 111 112 115 116 13 14 35 39 38 34 137 136 135 134 127 126 120 208 128 133 130 253 275 215 212 118 250 199 286 140 236 225 318 290 306 167 149 158 180 308 276 300 262 166 174 94 74 81 59 67 89 99 68 85 101 104 316 317 49 50 56 55 54 77 105 69 47 44 42 43 41 46 52 202 71 64 207 197 102 206 145 154 186 311 305 147 273 270 223 229 119 263 213 255 281 277 293 143 243 259 265 216 113 110 232 291 237 314 282 278 261 285 309 193 189 204 96 73 61 60 100 182 185 178 192 301 203 95 65 66 63 88 283 168 312 294 170 288 272 271 219 227 220 222 221 139 121 125 117 108 114 211 246 258 251 218 313 233 240 124 244 295 217 241 226 138 132 129 235 256 296 201 284 141 231 239 247 254 230 122 123 131 228 224 245 252 274 292 169 164 188 190 195 299 194 179 162 163 210 156 148 146 238 257 171 205 310 260 267 175 303 150 153 155 160 161 159 266 152 297 151 307 248 315 142 109 249 302 183 173 177 289 242 157 279 264 304 280 287 268 144 209 165 234 214 269 298 191 200 98 78 176 62 53 58 79 198 172 187 196 181 87 184 86 57 51 48 45 70 75 80 92 97 91 72 83 76 84 90 93 82 40 31 29 22 33 28 23 20 17 36 37 26 25 18 16 27 24 19 12 32 30 21 103 15 11 10 7 6 2 : 2202.65
3 0 
1 2 6 7 10 11 15 103 21 22 29 30 124 106 110 278 262 180 314 65 189 235 164 249 152 218 240 107 5 9 8 125 215 292 130 139 244 245 273 286 121 241 248 275 157 266 72 207 200 53 97 187 84 194 148 294 279 309 271 297 250 100 85 48 50 283 282 162 102 49 299 128 109 117 305 227 67 312 171 111 237 210 145 298 220 228 203 258 131 59 101 70 257 149 208 136 216 178 104 317 51 89 289 281 134 126 122 214 142 165 156 155 181 201 197 147 251 259 61 206 52 46 137 143 170 172 58 242 159 19 16 17 115 284 238 300 233 230 25 14 118 267 188 160 303 94 60 176 141 45 254 76 264 311 135 232 119 195 56 308 169 39 36 253 161 88 223 226 66 158 225 205 301 285 313 112 13 4 120 38 277 263 261 93 40 44 64 42 74 144 318 236 186 192 302 222 295 224 212 129 306 77 243 146 105 98 82 86 196 177 140 114 255 239 108 87 95 304 151 150 132 113 18 116 184 316 92 57 69 55 68 54 47 43 204 234 246 79 71 198 274 127 213 35 20 23 28 27 24 280 33 252 78 307 288 41 81 91 96 75 182 256 315 270 293 291 219 247 231 174 83 202 123 163 62 190 296 265 154 199 290 191 287 167 211 268 276 153 185 32 31 99 193 168 166 272 133 63 221 175 73 26 229 37 310 269 183 173 80 90 209 138 217 260 34 179 12 3 : 4320.65
3 1 
1 74 151 188 298 294 41 102 202 37 205 220 68 107 40 120 137 150 222 110 262 24 155 167 311 260 257 264 270 276 246 238 69 261 116 145 112 125 236 219 141 248 235 133 233 109 265 196 85 182 169 203 81 209 36 63 84 99 194 269 136 189 90 73 91 191 237 307 30 10 7 2 177 314 200 313 105 45 165 38 100 252 315 13 216 229 305 173 80 86 72 154 32 230 170 115 142 208 273 198 17 168 241 240 204 180 134 126 211 174 192 113 197 128 64 296 140 234 283 147 23 11 106 317 16 243 254 288 20 184 130 221 176 171 263 35 278 166 274 291 295 50 79 111 131 62 22 266 227 287 224 52 164 82 93 160 258 49 146 268 78 181 175 6 103 3 232 251 88 190 267 31 207 8 247 117 51 83 77 178 249 18 158 14 163 185 92 97 66 193 281 280 304 231 210 206 48 187 70 186 58 42 71 148 293 29 39 28 46 59 285 286 179 303 53 89 275 312 301 255 122 26 98 56 44 101 161 54 172 284 225 242 215 67 61 95 259 153 121 217 34 245 214 4 297 132 119 19 316 183 201 159 157 143 299 104 272 76 302 292 290 244 239 300 65 253 308 60 43 123 75 135 33 94 256 162 306 124 250 156 5 55 310 199 318 223 12 21 152 108 15 114 218 139 96 213 212 282 127 25 27 118 129 87 271 226 309 228 138 195 149 47 57 277 9 144 279 289 : 4971.57
3 2 
1 2 6 7 10 138 129 270 245 305 184 299 97 48 28 277 284 65 78 51 256 286 215 253 294 169 229 57 271 287 36 16 18 269 64 171 170 82 202 278 197 190 185 268 251 232 239 5 157 27 24 49 175 30 20 31 32 161 62 83 19 25 181 106 141 263 290 95 133 250 255 150 145 182 34 147 124 178 296 143 226 230 17 37 204 61 293 176 118 120 234 125 152 206 207 140 144 222 151 159 220 317 121 127 316 315 265 221 109 205 58 249 172 29 173 211 243 74 98 198 260 235 192 291 75 84 289 126 210 122 142 123 274 275 154 218 306 163 273 116 110 33 137 261 259 105 60 76 46 240 53 166 111 96 292 311 79 149 267 167 209 254 160 128 3 108 219 93 258 262 50 314 70 216 283 114 55 233 298 101 26 40 304 139 102 80 318 217 200 231 242 189 295 313 246 162 174 244 90 308 89 237 194 193 191 63 39 107 12 119 199 201 183 279 188 38 14 158 146 225 81 45 35 223 264 224 87 179 307 99 155 228 86 21 22 23 300 212 285 91 52 104 68 66 241 309 248 88 41 73 186 297 227 112 132 131 153 69 54 85 67 312 280 213 266 276 310 43 203 72 303 196 47 77 187 168 180 301 165 130 115 113 247 9 4 214 257 281 136 8 288 148 135 71 56 156 177 272 92 252 236 195 59 44 208 117 134 238 13 164 94 103 15 11 282 302 100 42 : 4954.55
3 3 
1 2 6 7 10 11 21 22 29 30 31 32 33 27 24 16 17 18 25 26 36 37 35 34 161 168 181 303 217 259 301 184 65 88 100 202 183 284 224 215 262 163 144 273 248 231 247 253 310 285 195 164 148 140 302 254 257 101 102 96 97 91 92 93 98 89 81 75 76 80 79 72 77 68 67 64 71 78 82 85 83 84 86 73 69 190 189 90 70 74 87 188 176 276 306 300 251 211 214 238 240 235 123 166 242 244 226 125 135 136 128 208 120 126 5 4 111 112 212 113 106 116 13 14 232 207 99 308 175 256 315 241 267 272 170 171 179 165 269 213 117 122 149 157 318 287 167 236 142 227 295 131 252 283 129 127 134 130 290 110 277 218 297 289 246 146 258 132 124 237 268 293 309 299 313 230 265 186 250 182 155 154 159 178 194 198 275 220 298 288 158 156 160 153 162 151 152 150 145 137 118 243 221 119 239 234 263 192 191 177 305 174 264 249 282 296 312 200 201 196 197 63 62 105 57 58 53 52 46 43 42 41 44 47 51 54 48 50 55 56 317 316 49 45 40 104 59 204 281 271 205 185 270 291 180 172 61 60 193 141 133 138 139 223 169 187 307 199 216 121 147 209 274 261 94 66 210 311 95 206 304 279 114 245 203 173 314 266 292 294 280 255 260 229 219 109 222 228 143 278 38 39 286 233 225 108 115 107 9 8 3 12 19 28 23 20 103 15 : 2388.25
4 0 
1 2 6 7 10 11 15 21 22 29 30 31 32 316 317 49 40 45 48 50 55 56 59 105 64 72 77 79 84 67 68 71 78 82 83 85 91 92 96 97 101 102 93 98 99 90 89 86 80 76 73 81 75 74 69 70 66 65 172 173 176 183 187 188 190 87 88 94 95 100 207 206 202 201 197 196 198 203 204 195 194 191 189 184 182 177 178 181 185 186 180 179 174 175 168 167 169 210 163 158 157 151 148 146 147 144 240 214 229 243 235 219 239 234 241 220 222 230 238 252 251 256 267 315 274 282 287 289 294 296 283 286 290 299 300 280 291 285 284 279 273 272 264 257 261 268 263 262 254 314 253 250 228 246 247 244 245 249 248 318 270 271 275 276 297 298 304 305 310 309 308 303 306 307 311 312 205 200 199 302 301 193 192 295 293 292 288 281 278 277 170 171 166 165 269 266 265 260 258 255 259 232 118 212 109 217 221 140 139 225 242 119 236 237 227 224 215 213 131 123 132 138 137 141 142 122 121 130 233 313 223 226 218 143 231 216 211 110 113 108 114 209 149 145 34 35 38 39 154 150 153 155 152 156 159 162 160 161 164 60 61 63 62 57 54 58 53 52 46 43 42 41 44 47 51 104 136 135 134 127 126 133 124 129 128 125 117 208 120 116 115 112 111 107 106 4 5 13 14 37 36 33 28 23 3 12 8 9 17 16 18 25 26 27 24 19 20 103 : 655.621
4 1 
1 2 6 7 10 11 15 21 22 29 32 31 30 103 20 23 28 33 27 24 19 16 17 18 25 26 37 36 104 40 316 317 49 50 48 45 44 47 51 54 57 55 56 59 105 64 67 68 71 78 82 83 85 91 92 96 97 101 102 93 98 99 90 89 86 84 79 77 72 73 76 80 81 75 74 69 70 63 62 58 53 52 46 43 41 42 39 38 35 34 135 136 137 134 127 208 114 113 124 129 123 122 121 132 138 141 131 130 142 149 152 156 159 162 157 158 163 150 153 155 160 161 210 167 168 175 174 179 180 186 185 181 178 169 172 173 177 182 184 189 191 194 195 204 203 198 196 197 201 202 206 207 100 95 94 88 87 190 188 187 183 176 65 66 61 60 164 154 145 209 146 148 151 147 144 217 216 212 211 109 108 106 107 4 5 111 112 115 116 13 14 126 125 128 133 119 118 313 241 232 239 255 233 234 243 257 251 242 250 267 268 258 266 260 274 283 284 285 286 290 291 279 280 315 259 269 272 263 273 143 140 139 231 240 238 222 213 218 219 215 214 223 224 244 245 248 249 318 270 271 275 276 297 298 304 305 310 309 308 303 300 299 296 294 289 287 282 277 278 281 288 292 293 295 192 193 301 302 306 307 311 312 205 200 199 166 165 170 171 265 254 261 256 264 262 253 252 314 236 235 228 227 226 229 237 247 246 230 225 221 220 110 117 120 9 8 3 12 : 586.939
4 2 
1 2 6 7 10 11 15 103 21 22 29 31 32 104 40 316 317 49 45 48 50 55 56 59 105 57 54 51 47 44 41 42 43 46 52 53 58 63 62 64 67 68 71 78 82 83 85 91 92 96 97 101 102 93 98 99 90 89 86 84 79 77 72 73 76 80 81 75 74 69 70 88 87 196 197 94 95 100 207 206 202 201 198 203 204 195 194 191 189 190 188 187 183 184 182 177 172 173 176 65 66 61 60 154 39 38 145 209 141 142 150 153 155 160 161 164 210 162 159 156 152 149 146 147 148 151 157 158 163 169 178 181 185 186 180 179 174 175 167 168 171 170 192 193 199 200 205 312 311 307 306 302 301 295 294 293 292 288 281 278 277 282 287 289 296 299 303 308 309 298 310 305 304 275 300 283 286 290 291 285 284 280 297 262 256 251 271 318 276 270 248 247 246 215 227 224 244 257 254 314 250 143 144 264 267 315 269 245 237 214 229 242 241 240 238 233 230 313 231 232 239 139 140 272 266 259 260 265 165 166 268 279 255 261 258 263 274 273 252 253 223 235 226 222 234 249 236 243 228 219 213 216 109 217 225 220 221 218 110 211 212 118 119 131 122 124 120 116 117 114 121 123 130 129 132 138 133 128 125 208 126 127 134 135 136 137 34 35 37 36 33 30 12 20 23 28 19 24 27 26 25 18 16 17 14 13 115 106 108 113 4 112 111 107 5 9 8 3 : 685.819
4 3 
1 2 6 7 10 11 15 103 20 23 28 30 21 22 29 31 32 33 36 37 42 41 43 46 52 53 58 57 54 51 47 44 104 40 316 317 49 45 48 50 55 56 59 105 62 63 73 76 80 77 72 64 67 68 71 78 82 83 85 84 79 86 91 92 96 97 101 102 93 98 99 90 89 81 75 74 69 70 88 87 94 95 100 207 206 202 201 197 196 198 203 204 205 312 311 307 306 302 301 199 200 193 192 295 294 293 292 288 281 170 171 166 165 269 266 315 272 273 280 279 284 285 291 300 299 290 286 283 274 277 278 282 287 289 296 303 308 309 310 305 304 298 297 276 275 271 270 318 249 248 245 244 215 224 223 214 218 219 213 211 212 109 216 217 220 221 313 225 222 234 230 232 226 228 235 229 233 231 139 140 237 238 259 250 143 119 118 227 314 258 260 265 254 257 267 261 253 262 268 263 264 256 251 252 246 247 236 243 240 255 241 242 144 147 146 110 113 114 122 123 121 124 131 130 141 142 239 152 148 151 157 158 162 159 163 156 210 169 172 173 176 177 182 184 187 183 188 190 189 191 194 195 185 181 180 186 178 179 174 175 65 66 61 60 164 161 160 155 153 154 38 39 35 34 145 150 167 168 137 136 135 134 127 126 120 13 14 209 149 138 129 132 133 125 128 208 117 115 116 3 8 9 5 4 107 106 108 111 112 17 16 19 24 27 26 25 18 12 : 605.597
5 0 
1 2 6 7 10 11 15 21 22 29 103 20 112 128 277 226 259 306 86 52 169 301 51 201 79 178 174 317 100 187 160 247 63 290 207 239 279 244 118 46 145 248 181 282 217 212 36 23 28 30 31 32 47 65 192 91 87 183 197 94 206 250 157 146 148 276 269 283 133 127 142 184 272 295 27 24 16 17 137 138 254 234 308 314 119 267 158 168 303 202 193 205 233 218 110 266 14 310 222 230 81 191 166 41 155 57 152 38 33 281 176 105 85 71 165 228 258 141 106 170 315 113 123 252 62 45 316 78 68 101 69 56 89 255 195 149 298 61 35 224 132 238 235 130 225 216 220 208 179 144 274 278 43 44 98 88 312 261 240 83 76 72 48 55 80 84 49 40 59 97 194 58 265 260 219 211 151 117 289 107 122 13 270 104 54 50 175 288 263 262 318 223 313 214 242 114 108 229 136 246 245 188 39 167 200 64 77 67 190 154 305 115 124 156 150 159 70 177 185 93 264 147 196 251 4 140 204 273 172 189 285 221 9 3 121 302 180 284 299 198 42 143 291 134 126 125 131 271 300 164 99 95 293 294 309 287 304 215 213 171 292 227 209 232 237 66 186 96 92 73 75 37 60 109 243 236 311 139 199 26 8 5 111 116 120 129 163 253 161 18 25 12 19 249 74 82 53 34 296 182 231 135 241 153 280 162 275 307 210 286 203 173 257 256 268 297 90 102 : 3934.33
5 1 
1 2 6 34 162 5 112 115 135 157 169 199 85 59 152 133 236 42 26 19 140 118 229 57 183 97 312 13 63 180 307 208 311 43 45 103 29 316 225 210 167 215 178 250 75 289 173 4 303 245 306 255 241 61 156 209 101 98 299 76 95 83 28 55 78 105 100 279 287 268 295 259 171 153 155 172 163 242 235 165 60 73 79 58 170 298 257 205 290 177 39 269 280 301 305 265 228 214 129 288 293 283 216 124 120 234 128 141 226 187 143 84 150 148 243 275 239 220 18 62 3 8 56 93 23 113 86 9 37 35 114 131 109 263 181 240 256 126 200 66 182 211 297 107 125 149 22 80 54 81 142 247 222 10 294 207 201 313 223 282 168 284 94 49 145 68 190 52 137 318 219 217 218 130 310 277 274 51 123 14 224 253 231 309 179 7 36 134 40 270 53 20 252 25 38 151 147 119 47 188 266 189 246 204 302 272 308 296 206 116 197 161 195 276 121 185 136 87 202 300 139 186 99 91 278 221 158 117 104 96 315 110 244 193 213 24 212 90 273 261 192 32 16 11 48 146 191 33 260 21 232 304 196 88 70 264 132 198 227 251 267 194 127 108 46 12 15 92 50 317 233 102 74 122 292 174 82 184 106 27 111 144 17 30 291 77 285 176 230 164 166 254 237 271 286 248 258 175 71 314 281 89 238 44 249 41 64 262 69 154 160 72 67 159 138 31 65 203 : 4904.68
5 2 
1 97 102 75 100 69 52 38 159 270 239 216 289 14 53 128 187 274 292 123 308 119 171 306 70 12 21 290 23 307 311 144 262 251 284 4 62 86 265 304 34 44 42 28 15 161 188 47 242 143 120 221 107 55 186 293 183 60 129 275 122 99 285 263 243 154 240 318 3 245 115 219 208 277 296 205 88 85 204 226 199 164 203 231 271 146 33 282 6 80 22 45 2 72 50 134 98 244 229 246 27 18 238 254 173 185 177 17 108 230 67 170 104 316 59 68 73 76 189 94 65 167 198 207 279 314 148 213 124 137 249 142 211 278 112 82 89 20 184 195 298 241 169 257 90 302 25 84 235 228 256 305 227 110 310 175 46 178 174 162 288 149 87 8 133 168 116 138 135 301 83 150 16 26 43 139 113 281 210 236 266 220 79 200 190 71 77 147 156 223 165 92 35 155 209 267 264 272 105 261 153 111 250 299 41 91 103 13 196 303 283 57 48 315 258 56 317 180 39 269 300 214 215 157 54 9 222 280 237 127 126 217 182 273 197 58 32 268 313 109 192 232 63 212 163 151 152 117 5 309 114 118 19 78 136 247 201 61 191 64 24 36 10 166 233 295 131 37 176 260 140 287 276 66 81 132 218 29 181 31 255 145 224 160 193 248 7 11 206 179 158 51 234 297 312 130 125 253 225 30 49 101 96 40 252 294 95 286 291 202 259 121 194 93 172 74 141 106 : 5025.53
5 3 
1 2 6 7 10 11 15 21 22 29 103 20 23 28 30 31 32 33 104 40 316 317 49 45 48 50 55 56 59 105 62 63 58 53 52 57 54 51 47 44 46 43 41 42 37 36 26 25 18 27 24 19 16 17 39 38 154 153 150 209 145 134 128 241 265 315 292 195 186 194 95 96 81 70 73 69 74 75 201 207 102 91 97 78 84 79 90 99 92 67 68 71 82 83 77 86 80 76 64 72 89 85 98 93 101 206 173 254 232 239 240 262 269 185 184 188 198 308 171 283 165 300 276 227 229 234 218 314 304 307 181 169 203 182 176 66 172 177 179 290 302 306 191 197 199 196 289 235 110 270 217 281 291 94 190 204 297 192 277 147 152 151 149 148 146 157 305 274 264 246 220 259 256 158 167 174 175 180 312 318 233 263 139 140 299 285 284 273 231 236 142 141 131 230 222 212 238 247 266 162 156 267 121 135 138 125 250 132 124 119 213 215 225 123 118 253 251 228 257 271 293 311 278 170 309 286 226 272 287 193 260 261 245 288 100 88 187 183 189 200 178 205 65 87 202 275 219 109 216 313 243 298 252 144 242 249 237 268 294 163 258 214 248 279 143 223 244 280 295 159 168 310 296 210 160 155 161 164 60 61 301 221 224 114 166 282 303 255 211 113 130 208 14 13 126 117 112 111 108 136 137 34 35 127 129 122 133 120 116 115 106 4 107 5 9 8 3 12 : 1934.63
