0 0 
1 129 138 154 261 264 158 287 281 307 312 310 192 311 195 260 259 266 254 65 168 292 306 304 297 271 270 278 284 299 290 291 267 275 276 298 253 247 262 246 243 211 130 110 109 232 230 241 141 118 252 248 249 95 201 206 48 316 317 59 187 190 88 197 173 176 183 185 145 164 62 161 210 169 182 38 150 242 315 280 285 309 163 148 227 216 140 137 133 131 218 236 224 240 235 229 258 166 174 142 125 120 14 13 123 122 217 143 220 228 225 119 283 193 179 177 181 204 203 199 200 205 301 303 305 300 286 294 289 277 302 175 171 282 155 231 239 233 234 144 255 250 269 273 265 251 279 268 165 170 180 184 207 67 55 60 46 293 147 151 209 128 135 132 153 146 160 159 167 81 69 82 54 74 61 58 53 11 10 6 7 33 26 35 34 136 126 121 127 157 156 162 208 134 116 111 4 106 108 112 115 117 114 221 226 215 214 245 223 244 313 219 213 222 237 238 314 256 295 274 139 318 263 257 272 288 308 296 87 90 93 78 98 79 72 71 77 73 100 202 198 186 178 172 66 64 57 52 47 49 85 92 41 63 105 89 196 194 189 188 149 152 124 113 212 107 12 24 32 31 30 22 15 21 103 29 27 37 42 56 28 19 16 17 43 39 50 25 20 23 104 44 80 70 76 91 84 102 96 101 97 83 94 191 99 75 86 68 51 45 40 36 18 9 5 8 3 2 : 1801.55
0 1 
1 28 103 15 21 16 4 115 116 5 112 58 70 83 75 69 74 183 173 232 139 260 290 297 279 165 277 310 263 245 237 138 130 113 122 220 239 131 123 121 254 168 174 296 287 293 291 315 244 215 219 222 230 211 218 240 252 248 259 114 144 143 137 136 126 14 9 8 3 111 13 110 217 213 214 228 227 249 314 118 129 124 149 152 158 169 186 166 162 163 210 185 184 187 66 201 95 147 157 146 141 208 133 48 49 32 30 29 40 56 73 62 76 64 71 102 84 85 78 53 46 51 105 77 82 50 45 31 7 6 2 17 26 25 24 27 37 35 142 151 172 181 81 99 207 80 86 79 72 96 98 92 202 311 307 294 272 300 276 318 299 170 148 176 178 160 161 164 154 134 132 188 196 171 273 274 286 262 270 261 265 256 271 284 167 191 206 94 180 255 268 304 295 199 193 195 204 100 97 88 189 177 65 61 91 68 101 67 63 59 317 316 104 54 36 55 93 89 90 57 52 43 42 47 44 41 120 108 107 106 117 140 243 247 246 223 275 280 303 192 203 205 309 283 285 305 298 306 200 198 182 60 197 301 282 289 288 175 194 87 190 292 308 312 302 281 179 159 150 153 155 34 38 39 145 156 264 258 253 238 236 235 226 119 221 313 242 231 233 234 251 250 241 225 109 212 216 229 224 267 257 266 278 269 209 128 125 135 127 18 19 12 11 10 22 33 23 20 : 1735.25
0 2 
1 6 30 32 50 51 317 59 71 92 84 105 52 185 196 94 181 145 154 162 153 150 155 158 287 275 300 303 293 226 242 157 209 164 177 178 179 191 197 83 57 78 82 77 72 64 96 89 97 101 68 55 40 41 104 37 46 43 42 44 47 58 53 206 187 76 85 86 79 67 56 48 49 54 87 152 147 33 28 23 20 103 22 12 35 141 234 236 140 237 243 313 231 216 211 241 232 239 230 229 235 274 311 307 205 272 273 294 202 98 99 88 198 184 171 182 180 159 169 189 65 175 174 204 304 289 291 290 310 305 170 296 200 278 292 302 285 260 314 262 268 249 224 214 166 203 156 146 163 168 308 299 306 149 269 265 256 318 297 309 298 253 258 283 129 213 221 119 123 124 132 138 137 136 13 39 38 167 66 173 151 186 207 74 316 31 27 21 29 15 11 10 2 3 8 9 112 117 114 110 212 220 225 219 315 259 264 254 246 227 247 215 218 24 16 25 18 34 176 172 312 295 282 93 102 91 63 80 73 70 160 210 148 286 284 248 245 252 261 255 266 217 118 122 131 133 125 126 127 14 107 116 5 75 45 36 26 19 17 60 61 62 81 69 90 190 188 95 100 201 279 165 250 144 240 139 233 238 244 228 267 281 193 199 301 195 183 161 134 135 208 128 130 143 222 257 223 251 263 192 194 288 271 280 270 276 277 142 109 113 121 108 4 111 106 115 120 7 : 1821.67
0 3 
1 5 111 118 213 227 247 246 262 249 304 288 311 148 160 184 166 144 158 259 272 309 299 306 289 185 192 293 274 283 303 302 294 175 177 154 161 164 180 168 282 290 263 251 239 109 211 216 230 257 223 224 236 243 150 163 187 178 176 70 76 79 80 54 55 49 64 90 153 155 312 276 308 200 199 204 38 35 34 130 123 139 221 217 107 106 143 260 220 238 240 140 135 136 137 128 132 208 157 156 162 188 173 74 81 91 84 78 88 203 66 65 69 86 83 71 63 62 72 59 77 105 73 67 56 48 89 82 45 58 53 41 104 19 27 23 32 24 21 11 10 2 6 7 103 15 29 22 28 20 317 316 50 40 30 31 33 36 149 209 151 61 39 145 147 183 94 206 196 96 85 102 97 101 92 68 75 93 197 198 256 268 266 284 300 297 305 295 292 169 210 174 191 189 190 205 194 141 138 124 131 121 125 129 142 146 165 167 127 60 193 98 99 100 207 202 258 279 298 275 253 245 244 271 215 228 313 231 242 232 222 225 229 234 248 252 261 254 250 265 286 291 281 287 301 170 171 269 277 296 314 114 218 214 219 152 159 179 182 186 318 307 195 87 95 201 181 310 315 278 264 255 133 120 51 47 44 57 52 46 43 37 42 25 12 16 18 26 17 172 110 108 115 14 13 116 134 126 122 117 113 119 226 235 241 280 267 273 285 270 233 237 212 112 4 9 8 3 : 1810.93
1 0 
1 124 130 133 131 140 218 122 108 106 126 101 78 104 12 3 8 5 111 116 13 107 4 113 230 314 226 115 208 129 135 261 278 312 311 307 277 274 304 309 299 192 175 210 306 301 258 263 267 253 147 157 61 66 92 83 96 317 59 85 105 48 40 32 31 21 29 22 30 47 64 86 77 67 71 41 54 7 6 10 11 15 103 23 28 33 27 19 24 36 37 38 156 249 228 142 158 176 186 180 259 254 269 166 200 199 179 191 183 90 95 70 72 69 63 42 43 53 62 49 50 55 60 88 189 271 310 272 315 273 283 89 197 87 99 56 57 51 84 81 39 121 35 136 137 145 155 149 152 138 134 127 125 120 154 232 241 224 139 153 163 148 167 161 164 168 151 119 118 217 212 215 229 222 233 313 242 245 260 240 231 227 247 214 213 219 237 221 109 114 110 211 216 234 239 225 220 238 132 209 150 162 281 292 170 293 291 171 193 302 295 297 288 289 282 264 270 276 318 285 300 308 305 284 290 287 298 275 268 256 143 146 123 117 34 128 112 9 16 18 26 25 17 14 141 165 248 223 257 235 243 251 265 316 46 45 52 58 75 65 100 198 190 196 74 73 102 82 97 93 80 76 79 98 194 203 205 303 296 206 174 178 177 173 159 266 262 246 236 244 252 250 255 144 160 172 202 207 94 294 286 280 279 195 182 181 204 185 184 169 188 187 201 91 68 44 20 2 : 1805.62
1 1 
1 21 103 25 26 47 46 37 48 40 127 134 208 129 9 5 14 126 128 133 106 107 230 242 246 269 260 165 166 171 170 148 159 161 160 101 92 77 68 85 102 69 62 80 98 95 176 202 197 198 278 254 227 109 114 139 119 132 137 121 218 211 214 215 224 223 253 286 293 256 270 281 307 303 143 244 238 233 108 111 112 125 150 149 152 162 163 146 241 236 219 110 217 314 235 226 232 221 239 144 157 255 216 250 266 300 310 205 277 158 154 145 140 123 130 117 212 247 220 313 231 122 113 229 228 222 225 249 243 240 275 315 282 280 273 257 237 234 258 252 318 245 296 285 305 276 271 291 274 168 34 135 116 115 13 167 183 188 196 195 312 308 200 156 174 204 306 194 179 42 36 49 78 73 71 97 93 201 90 91 82 53 206 203 147 43 32 30 316 317 50 31 23 12 2 6 7 138 39 209 155 38 35 120 136 63 72 83 79 207 189 61 153 17 18 16 3 8 4 141 142 131 124 118 213 265 295 298 283 261 267 259 251 263 248 279 292 301 309 299 288 289 294 311 199 302 290 175 60 186 297 304 284 185 87 172 182 210 151 181 177 173 88 184 65 191 190 100 187 76 89 94 64 105 56 44 19 27 52 58 55 51 57 41 28 15 11 10 29 22 20 24 33 104 45 70 74 75 66 169 192 272 264 268 262 287 193 180 178 164 59 67 86 84 96 81 99 54 : 1870.5
1 2 
1 29 22 31 37 43 46 58 68 97 96 59 55 51 44 36 24 26 16 17 27 19 103 30 23 60 76 54 50 64 99 93 79 73 72 90 186 157 182 94 206 100 181 185 198 201 95 196 88 80 195 294 301 295 306 202 61 174 210 161 70 33 32 104 45 316 317 91 102 84 63 86 67 71 92 98 183 184 173 167 169 194 178 164 156 155 162 187 191 200 66 56 57 77 53 101 197 176 159 146 147 130 152 149 150 153 163 177 207 189 188 82 78 75 87 179 190 65 160 35 34 137 120 139 211 314 279 264 292 312 315 318 224 213 234 239 313 230 247 246 214 244 263 309 304 303 171 250 254 265 286 284 290 223 219 133 141 231 225 222 253 297 305 311 203 199 192 193 296 293 287 302 307 267 266 269 282 278 268 276 310 166 148 143 172 180 204 168 281 277 285 280 291 300 308 205 256 258 245 248 227 229 298 271 243 232 259 114 5 125 132 124 119 216 240 241 237 257 260 272 288 299 283 274 289 170 175 62 52 49 105 85 83 81 69 89 74 48 47 40 28 20 21 15 11 7 6 217 212 109 110 165 255 251 252 261 228 249 122 131 129 138 135 134 127 208 126 116 111 4 25 18 12 3 8 209 154 118 233 215 220 238 226 218 235 123 151 242 270 273 262 275 236 144 142 140 221 121 158 38 39 42 41 145 128 136 115 112 106 13 14 117 107 108 113 9 10 2 : 1814.55
1 3 
1 134 127 138 141 139 232 238 239 261 282 304 256 228 123 125 115 116 120 208 149 60 187 188 167 265 315 273 299 278 318 257 270 314 218 213 236 231 267 251 266 176 172 205 297 305 300 276 289 156 126 131 250 271 248 268 262 253 258 192 193 277 264 224 240 229 243 38 145 150 164 183 173 100 203 177 159 179 191 89 76 63 184 185 178 66 81 70 86 96 77 316 71 64 317 45 44 41 104 46 43 53 151 80 79 65 160 168 158 215 214 223 124 107 3 8 9 5 4 106 135 117 112 132 119 219 233 221 313 241 234 222 216 212 118 217 292 283 281 165 290 280 170 293 199 312 295 204 61 210 147 163 242 140 110 137 136 129 133 34 39 153 157 161 182 180 99 94 201 186 171 269 272 146 143 259 166 189 197 87 190 194 169 144 122 108 111 128 13 14 17 12 15 32 48 51 54 47 40 49 50 59 67 98 93 78 75 73 56 55 58 33 36 42 84 102 91 85 101 92 174 306 287 285 254 246 247 245 244 226 230 225 109 220 211 113 114 121 209 155 152 142 237 227 235 255 260 279 309 291 275 288 301 302 200 195 198 202 181 72 88 69 83 82 68 105 57 29 22 28 30 31 21 11 10 103 20 19 37 52 62 74 97 90 95 207 206 196 303 307 296 311 308 310 274 252 249 263 284 294 286 298 175 162 130 148 154 35 26 25 18 16 24 27 23 7 6 2 : 1752.74
2 0 
1 267 253 139 216 222 262 273 257 158 295 148 155 154 185 191 88 93 86 73 20 11 108 206 260 232 125 22 187 184 82 243 166 289 186 89 63 53 62 55 272 112 261 149 240 231 165 61 282 172 84 196 145 123 318 300 50 33 316 159 189 169 317 283 307 268 16 174 218 175 74 233 80 45 190 64 270 208 90 162 70 292 3 15 27 117 238 265 311 92 146 24 111 157 280 60 130 281 101 59 104 37 87 25 26 134 230 39 179 313 258 212 44 12 43 28 239 301 141 14 228 305 85 200 297 72 223 287 255 81 259 124 29 103 30 75 299 291 170 275 201 150 153 254 129 182 106 312 229 188 143 151 285 2 21 168 236 122 31 54 41 133 303 56 58 121 48 178 198 210 118 119 18 8 57 120 242 220 183 128 135 35 67 197 293 284 79 181 225 95 180 298 314 99 173 13 161 211 288 105 160 309 306 140 113 4 137 132 296 97 127 83 310 136 7 6 10 77 202 100 249 219 42 19 38 164 247 274 5 167 96 65 102 315 199 114 194 76 131 109 256 171 290 34 69 152 207 271 32 203 209 246 142 107 245 66 126 226 308 250 266 192 252 214 52 193 51 277 23 17 237 176 47 46 235 115 116 213 264 234 215 263 248 304 205 302 278 269 163 91 294 78 68 40 71 36 138 224 221 110 156 217 177 195 204 94 147 279 244 276 286 251 227 49 98 144 9 241 : 4952.27
2 1 
1 316 95 50 45 62 299 236 228 190 43 79 207 209 60 54 90 256 112 18 13 205 303 279 272 227 237 246 144 131 121 106 229 217 251 259 289 257 252 280 310 181 99 74 93 33 30 22 7 6 24 173 8 265 123 177 285 281 226 47 16 183 52 34 85 115 127 214 312 187 238 154 206 61 267 128 19 126 302 248 293 287 308 152 220 139 104 113 315 301 130 235 276 165 216 196 11 96 213 137 211 242 155 157 78 151 125 176 269 278 292 163 66 44 202 71 184 69 167 70 55 88 75 82 5 56 105 39 314 245 116 192 291 146 73 296 168 21 166 318 120 240 83 243 271 40 306 92 10 27 37 135 249 94 189 109 241 270 255 290 268 283 239 49 80 266 119 133 89 132 110 107 103 25 15 4 188 100 97 304 300 134 35 91 232 77 29 138 141 230 51 72 28 17 12 253 218 84 41 67 284 171 156 254 294 170 182 247 212 195 118 233 53 143 114 203 263 180 305 200 147 36 86 258 174 124 201 161 129 275 172 223 295 193 32 215 297 199 186 140 20 160 122 64 262 244 142 178 111 234 311 162 108 264 57 191 307 231 148 136 9 260 3 117 159 101 185 102 204 98 225 219 309 208 2 164 282 31 150 198 23 59 65 317 87 46 58 222 273 274 42 38 149 286 250 63 14 169 76 197 81 288 158 175 298 221 145 277 179 153 261 313 224 194 68 210 48 26 : 4929.77
2 2 
1 6 7 20 49 200 70 62 147 138 212 223 259 290 274 312 284 162 191 151 280 252 309 300 213 5 238 161 53 8 14 248 196 301 286 285 144 93 173 251 71 133 97 64 101 163 31 15 244 195 136 47 152 227 276 194 185 26 304 168 130 132 217 45 48 42 77 209 261 225 305 156 302 215 315 264 230 263 86 43 63 89 171 220 61 239 131 4 60 124 12 317 57 169 110 153 273 311 299 219 37 206 123 253 21 149 127 158 107 50 29 221 167 226 51 236 177 201 160 102 36 310 87 203 181 283 265 146 234 242 233 292 287 121 142 112 114 66 270 92 10 17 192 282 318 231 24 3 155 148 118 109 316 78 11 88 262 197 54 111 128 126 182 179 222 39 104 83 73 91 232 164 278 84 33 187 216 279 243 139 122 125 224 34 65 256 40 208 165 106 257 100 260 258 237 157 82 115 277 166 119 198 2 183 250 69 59 98 245 241 120 190 145 32 23 186 297 291 188 135 218 214 228 13 254 268 249 74 41 46 117 176 269 95 174 247 306 266 295 281 103 207 172 308 140 235 189 246 184 44 28 9 108 211 154 193 30 294 175 205 180 267 116 99 272 35 134 303 289 255 150 94 67 178 288 229 275 80 72 298 55 75 96 90 137 143 170 202 22 199 293 159 85 27 58 105 19 18 296 210 38 113 52 314 25 79 129 68 240 81 141 307 271 56 313 204 16 76 : 5111.32
2 3 
1 6 7 20 28 40 43 72 76 266 165 275 301 312 95 190 155 259 219 256 236 231 110 253 148 215 310 274 252 282 182 204 89 47 245 138 14 39 152 146 130 147 227 300 271 258 198 189 93 250 284 52 31 19 3 11 54 85 129 109 118 229 232 237 249 238 123 233 291 220 115 124 127 172 70 80 191 210 225 33 113 263 213 111 5 121 133 38 86 92 316 112 126 304 44 29 183 212 196 68 84 87 64 51 154 264 132 25 45 243 269 280 157 255 247 309 228 285 293 195 279 289 179 30 12 22 56 161 246 65 206 177 73 75 46 141 318 59 193 299 199 248 8 226 13 205 178 82 294 267 181 251 278 217 125 180 174 203 74 315 235 218 234 257 139 169 23 15 41 150 298 166 167 60 83 71 67 90 192 16 9 162 277 49 160 303 281 131 35 268 265 185 292 287 144 239 186 202 53 164 26 32 108 261 17 37 55 58 188 173 81 207 296 283 270 27 99 91 122 314 79 50 10 242 317 48 170 168 69 153 137 103 241 295 306 171 158 88 200 297 307 136 134 313 224 98 120 62 77 97 101 42 184 311 175 21 57 276 128 94 143 216 240 135 104 24 151 119 114 208 211 116 149 308 273 262 214 290 142 286 221 107 140 230 305 145 61 36 288 105 106 4 260 197 272 117 222 223 244 156 159 201 78 102 96 100 187 176 63 163 254 302 66 194 209 34 18 2 : 4102.39
3 0 
1 33 28 27 169 178 287 257 259 270 274 147 108 310 64 40 234 187 111 204 173 214 148 197 140 233 255 288 284 235 133 127 263 242 130 267 245 56 21 103 166 171 314 50 31 258 90 266 211 316 307 194 41 104 146 4 91 207 132 252 213 273 303 260 297 5 306 165 70 52 68 73 87 265 216 168 191 72 81 162 136 35 123 122 217 239 268 202 275 261 179 142 65 182 283 101 20 15 29 121 143 47 185 106 115 238 309 222 196 14 124 247 280 224 192 67 69 92 205 156 157 264 129 225 248 305 172 151 229 54 44 37 36 42 154 199 79 98 100 190 75 23 150 60 135 139 84 295 221 236 272 313 10 144 63 71 88 163 241 6 85 152 66 114 312 210 201 153 193 200 198 12 160 58 96 25 26 94 300 290 250 159 281 203 184 167 254 212 228 78 251 53 105 116 249 279 294 291 82 223 219 218 113 49 22 302 2 7 30 46 74 209 286 138 237 141 240 161 137 318 76 48 24 304 13 8 107 269 170 208 134 109 180 149 99 317 86 39 17 174 181 19 57 43 61 51 93 131 34 308 183 253 128 278 271 298 226 110 118 293 89 102 246 296 232 112 97 177 277 59 117 164 299 206 119 95 16 227 45 38 195 155 83 32 126 62 145 301 231 289 80 9 77 120 18 3 292 256 158 55 11 315 176 175 188 282 262 189 186 276 311 125 243 285 230 220 215 244 : 4906.02
3 1 
1 112 247 4 208 150 189 201 161 292 215 306 266 71 160 157 76 210 280 289 83 50 55 104 18 24 164 20 107 183 86 226 95 66 236 275 166 92 290 108 151 182 173 23 3 33 135 148 278 245 56 106 131 58 260 256 240 217 65 301 48 102 16 67 123 110 263 265 8 295 119 176 271 311 97 77 105 241 100 243 152 238 285 175 269 63 40 222 232 75 207 172 264 274 235 133 158 73 130 126 30 81 213 85 109 122 155 253 45 41 34 113 11 177 62 304 171 305 291 221 211 315 28 47 206 42 93 196 302 258 70 137 88 254 250 193 61 188 214 220 141 121 138 59 84 244 310 242 120 147 218 140 162 170 111 293 279 10 6 14 29 298 195 297 228 283 248 145 180 178 318 224 31 26 38 277 115 127 132 64 12 89 25 101 74 80 96 94 307 116 313 316 44 128 287 39 9 2 52 282 159 294 153 149 134 212 303 144 36 125 72 54 43 78 13 91 200 181 199 234 57 69 118 284 252 299 60 184 197 146 22 27 142 168 117 7 129 17 281 179 227 139 136 87 231 143 163 288 286 255 257 37 237 21 251 192 229 270 198 312 300 296 167 154 204 98 99 32 216 51 79 46 15 203 53 68 191 185 273 35 156 209 19 261 90 169 267 249 194 124 174 205 317 5 272 276 262 82 103 165 308 219 223 114 49 230 246 187 190 202 186 314 233 225 259 239 309 268 : 4993.53
3 2 
1 107 122 137 52 43 178 256 131 5 106 154 42 41 39 268 272 277 241 96 149 109 140 245 192 255 215 226 79 104 196 115 210 297 308 142 273 309 181 56 170 101 70 264 124 301 214 102 179 168 60 211 311 204 286 62 292 25 100 193 182 88 164 138 18 15 26 288 55 250 251 71 195 158 4 305 78 145 202 302 275 157 274 188 315 205 295 293 30 175 206 75 278 93 8 125 235 259 69 187 184 153 110 223 72 90 12 59 112 19 77 92 200 186 185 229 260 287 230 117 14 121 219 143 94 86 22 11 6 50 105 33 21 119 47 23 279 160 249 139 48 2 217 201 38 165 258 296 44 128 248 294 53 16 173 118 203 167 237 17 40 172 299 218 27 239 129 9 136 35 87 190 213 234 147 120 34 156 135 144 67 281 236 58 161 222 238 262 284 166 231 254 10 224 290 95 162 177 233 246 51 209 68 316 85 114 194 191 146 113 212 3 313 163 176 46 108 81 207 28 220 74 263 99 303 269 148 199 24 61 180 276 307 216 183 127 169 63 57 265 253 271 91 89 76 141 123 155 310 318 197 198 151 317 73 244 247 64 80 159 37 221 83 84 45 306 300 150 54 189 116 111 66 133 134 174 261 29 13 20 103 98 36 49 283 291 65 298 126 130 82 171 243 282 132 228 242 227 240 208 232 32 304 97 314 267 285 225 312 7 31 289 266 280 270 152 252 257 : 5097.15
3 3 
1 130 249 133 118 113 237 164 68 24 132 227 122 284 291 299 290 307 16 273 55 207 298 286 137 215 18 316 242 86 222 303 274 183 228 128 233 251 245 226 213 232 208 141 258 172 305 184 104 99 75 263 243 127 189 91 277 287 49 102 83 235 82 77 217 56 155 156 81 90 76 59 97 67 50 22 20 32 74 51 53 60 84 93 149 144 314 197 158 253 262 309 234 219 44 180 204 37 38 160 304 297 260 259 270 165 151 162 188 65 66 89 101 171 139 241 14 179 78 69 88 176 315 268 28 2 72 79 175 272 170 276 221 292 288 142 131 193 293 295 95 110 212 168 134 13 126 112 278 163 167 225 136 121 255 216 148 206 138 247 231 125 154 256 252 9 114 80 178 85 280 166 283 201 96 12 31 200 248 214 119 123 124 36 27 54 159 58 150 62 23 30 194 318 157 35 47 105 64 70 73 196 187 63 169 192 310 223 289 269 143 173 152 39 43 52 41 282 210 109 140 257 26 211 45 21 10 6 7 103 33 94 42 181 296 92 61 275 285 246 98 100 202 266 300 250 147 209 117 129 107 281 205 186 264 313 271 311 236 240 111 120 17 106 5 146 48 40 177 254 229 224 153 199 312 203 195 145 4 8 3 11 15 317 71 230 218 115 279 182 198 25 19 261 265 161 308 306 302 135 46 116 267 108 34 238 239 191 87 294 244 185 174 301 190 57 29 220 : 4134.01
4 0 
1 6 7 103 30 31 32 78 91 72 316 53 51 42 82 71 69 81 80 207 185 195 186 303 299 276 318 271 309 285 284 275 297 312 292 197 188 100 99 93 67 57 64 84 83 201 155 153 148 136 135 142 159 209 154 60 177 307 200 170 166 277 171 288 289 305 298 314 267 296 291 162 178 180 184 165 269 239 241 294 281 172 70 98 76 95 74 68 38 152 151 164 39 89 59 40 317 85 79 101 97 92 36 157 174 175 287 290 272 262 256 253 252 179 199 198 190 196 87 62 58 63 56 52 66 176 181 191 182 203 194 167 210 169 260 247 139 265 193 238 230 231 119 211 221 121 132 17 18 26 25 16 12 104 28 43 75 126 208 120 125 122 144 259 283 273 250 251 249 261 264 223 236 228 246 255 280 300 270 242 237 213 217 233 222 109 110 112 116 115 5 111 114 113 108 9 4 106 107 131 117 158 156 146 34 35 14 61 278 204 302 301 311 308 205 274 268 263 258 266 315 143 220 219 218 224 227 235 243 234 232 140 124 240 225 118 147 149 163 141 127 134 137 138 313 229 216 123 129 130 133 19 37 212 226 215 214 244 257 286 279 254 245 248 304 310 306 282 295 192 293 168 150 94 173 65 187 88 86 77 45 44 10 11 15 22 21 23 20 29 24 27 33 47 41 55 49 50 48 54 46 105 90 102 96 206 202 189 183 73 161 160 145 128 13 8 3 2 : 1752.69
4 1 
1 7 6 11 15 103 84 82 54 47 44 46 35 52 43 51 38 145 155 149 153 61 287 278 315 258 265 248 300 301 194 193 199 306 179 196 203 281 240 241 256 262 244 214 215 237 232 213 142 132 9 37 131 294 277 308 303 279 273 290 302 299 311 200 312 274 297 245 223 318 268 266 282 205 309 257 253 275 276 283 289 286 298 271 252 267 270 260 148 162 39 126 125 130 313 226 228 118 212 222 229 246 140 143 157 156 110 216 221 269 146 138 133 128 106 117 137 159 165 151 210 285 291 307 304 288 293 204 206 93 79 64 67 71 99 77 78 91 202 175 49 48 50 56 59 55 53 58 76 97 96 60 169 189 68 317 316 45 73 57 102 92 101 95 188 191 190 66 184 173 182 183 178 176 26 28 22 29 40 36 33 31 30 32 10 2 3 8 112 116 119 170 161 141 261 264 263 121 123 218 249 235 220 238 219 147 209 152 164 177 181 192 272 171 129 114 124 158 185 187 154 259 254 251 144 139 233 231 227 109 113 211 217 225 243 111 5 136 167 174 295 296 305 310 284 280 314 255 236 242 239 230 234 224 247 250 160 208 127 34 4 134 135 115 122 107 108 13 14 17 25 16 24 20 12 21 23 27 19 18 150 120 163 65 87 100 197 198 172 180 186 292 166 168 195 94 89 86 85 62 80 98 81 74 70 75 63 207 201 88 90 69 83 72 105 104 42 41 : 1835.88
4 2 
1 6 7 22 31 53 12 10 11 15 21 29 30 23 20 28 27 33 37 71 201 180 188 158 157 162 163 167 173 179 307 303 284 267 263 143 232 110 225 211 216 233 269 262 229 214 224 227 313 208 121 113 108 5 133 132 129 210 168 165 295 199 207 197 189 61 60 77 56 104 25 17 9 35 145 34 160 155 153 150 164 154 161 146 152 149 148 142 130 135 13 115 106 4 8 3 107 112 111 125 38 39 65 159 156 151 181 206 198 187 76 80 93 90 100 310 285 166 257 318 270 244 242 230 220 215 282 299 305 311 203 194 193 283 300 298 297 276 312 258 315 266 195 292 290 275 144 265 286 291 256 268 260 234 238 246 251 252 278 279 294 296 302 175 172 190 171 205 254 139 118 122 131 124 120 209 316 317 54 51 52 49 43 64 79 57 73 91 98 74 69 88 94 99 196 95 185 200 306 288 304 280 277 191 204 287 293 236 245 248 249 271 273 274 289 281 177 136 137 138 127 126 134 123 114 119 217 218 226 237 240 243 247 228 219 241 264 140 170 308 309 301 192 178 174 186 66 184 261 147 141 222 212 109 213 223 235 250 255 259 239 231 253 272 314 221 128 117 116 14 47 92 86 81 89 84 68 59 70 75 62 183 102 45 40 32 50 67 176 87 202 182 36 103 105 48 82 24 19 16 18 26 46 44 41 42 72 85 97 96 101 169 63 58 83 78 55 2 : 1792.28
4 3 
1 10 21 22 29 32 104 40 67 82 64 76 98 71 57 30 33 28 23 26 18 16 19 17 14 125 113 121 130 225 233 218 264 299 309 291 308 168 256 310 304 297 283 279 285 282 278 205 312 271 247 234 231 255 215 237 219 220 109 39 149 259 273 164 87 59 84 86 316 317 79 99 102 96 90 52 38 155 95 60 65 142 140 250 260 147 123 122 222 208 198 174 206 190 78 101 83 91 97 81 266 212 114 136 3 8 115 107 108 131 117 120 126 128 137 135 133 127 132 144 270 262 244 230 313 119 213 223 249 298 286 166 161 154 34 35 89 93 68 69 63 66 61 62 70 179 159 148 269 243 261 272 274 296 307 292 293 290 275 276 280 303 200 305 284 306 295 288 192 314 263 175 265 251 110 217 221 211 216 118 224 228 235 245 248 318 315 289 281 138 153 150 160 163 287 301 199 172 169 182 189 191 139 246 236 239 277 267 258 165 146 158 152 162 185 177 180 176 183 178 193 171 170 195 194 196 94 100 197 88 204 203 188 181 186 173 184 207 75 72 77 92 85 53 56 48 45 49 55 50 54 43 41 12 5 4 106 134 141 143 253 311 302 294 300 73 80 74 51 47 44 58 46 42 37 36 24 27 25 145 210 156 209 129 111 13 112 116 9 124 157 151 268 252 257 254 227 238 242 226 241 240 232 229 214 167 201 202 187 105 31 20 15 11 103 7 6 2 : 1818.39
5 0 
1 21 103 28 185 64 161 292 110 298 33 95 54 137 94 56 189 308 225 11 257 278 301 289 233 53 72 104 60 3 223 314 61 284 149 144 217 127 8 293 147 187 214 162 34 107 9 109 216 212 117 312 282 118 227 252 305 209 247 310 285 39 20 7 2 268 207 123 244 172 154 10 23 73 281 261 224 229 63 188 193 31 111 47 58 102 237 221 294 70 210 155 101 84 27 316 234 303 29 192 173 158 25 306 43 167 87 128 315 259 290 231 200 175 276 230 183 235 186 295 140 245 135 142 311 156 115 108 246 148 211 138 317 197 40 48 22 15 190 238 113 228 232 265 65 206 76 80 71 62 255 240 260 136 51 44 116 36 169 243 177 99 181 105 13 16 256 55 131 4 126 222 218 199 160 82 277 35 46 269 68 74 67 81 219 132 37 97 271 66 150 96 83 286 85 120 77 313 241 296 170 249 153 220 279 38 205 143 191 280 195 250 288 201 26 182 174 287 57 93 157 30 141 266 176 168 302 203 5 125 79 226 12 88 307 24 42 165 179 49 86 98 202 171 254 297 121 213 112 263 273 248 291 264 275 283 75 134 133 45 78 100 91 139 236 300 145 304 267 19 242 262 50 6 18 196 208 146 204 129 163 272 318 124 151 152 299 253 274 270 194 198 89 92 69 52 32 59 114 159 119 41 122 180 258 164 178 184 309 17 239 215 106 130 251 14 90 166 : 5001
5 1 
1 20 28 108 60 162 138 139 85 272 244 277 309 81 87 91 49 159 119 181 273 97 316 68 313 115 230 226 118 224 280 99 70 311 173 238 39 179 276 92 25 17 44 62 21 32 285 197 12 82 286 228 125 296 51 195 188 243 170 216 236 232 210 227 234 283 191 93 34 212 95 30 66 190 106 37 265 35 245 136 252 233 130 7 67 42 282 294 157 151 4 148 11 134 65 104 105 204 168 237 215 301 218 299 175 160 3 114 185 46 202 74 90 69 206 102 186 180 293 308 177 198 64 56 27 307 167 192 33 116 164 156 113 211 153 318 86 78 47 257 217 297 263 84 199 259 258 239 253 107 109 13 126 201 222 187 53 83 133 5 172 40 132 174 129 120 178 58 158 266 260 281 176 29 128 287 303 269 292 184 284 163 147 169 88 240 96 290 289 2 152 140 48 75 203 275 270 241 143 271 100 76 63 165 142 220 200 229 112 123 314 221 150 10 50 45 267 256 310 145 208 31 247 274 166 144 101 254 264 127 52 246 124 182 98 300 255 279 225 248 146 306 205 149 223 298 315 110 16 291 312 213 261 268 94 54 131 117 59 38 122 18 57 155 71 193 189 24 22 9 43 121 19 305 250 73 214 251 249 194 207 77 26 219 72 288 103 304 295 161 231 15 141 196 135 111 79 41 36 14 8 317 61 23 137 183 89 302 278 171 262 80 6 55 154 235 242 209 : 4966.8
5 2 
1 106 223 270 291 225 92 80 125 25 41 280 276 224 195 129 211 278 271 219 239 240 238 296 167 309 265 310 186 162 274 281 91 100 68 101 42 104 103 6 308 222 267 71 305 279 89 90 177 190 196 75 183 166 81 8 30 302 306 5 252 250 209 109 230 204 314 257 237 260 159 172 74 70 77 58 47 11 10 21 128 9 93 264 205 297 311 146 263 193 202 214 50 38 206 275 138 121 111 217 246 181 268 248 127 35 171 233 266 64 60 256 293 134 272 118 300 312 72 46 83 57 218 244 253 73 3 144 139 66 62 174 119 63 14 228 191 95 173 19 12 157 221 27 113 22 151 87 208 140 232 216 24 116 49 108 299 145 201 142 99 249 40 277 155 33 317 179 284 194 245 150 152 288 149 234 227 229 85 210 289 148 303 88 160 235 169 17 54 156 259 294 7 301 115 13 110 154 290 313 282 180 220 4 43 215 258 94 147 120 137 135 182 84 97 226 126 39 304 262 123 143 55 102 184 298 23 161 82 44 192 203 231 199 131 165 170 283 20 124 153 185 212 175 69 105 2 207 61 31 255 251 241 107 48 269 243 52 136 168 141 164 247 254 236 133 45 200 261 98 307 178 316 122 176 189 36 76 67 132 34 56 213 130 96 158 187 65 114 188 51 28 15 286 295 285 242 53 59 198 287 16 315 318 292 79 26 197 273 163 117 86 112 18 78 29 32 37 : 4997.93
5 3 
1 5 106 118 152 275 170 303 51 63 46 75 189 205 260 244 107 121 120 262 315 38 254 263 310 235 248 112 128 276 253 144 216 117 14 9 115 243 143 268 273 267 177 78 59 55 64 52 255 124 213 147 298 256 297 182 309 221 304 305 193 296 266 224 249 283 185 207 181 174 269 122 34 35 19 201 203 33 23 90 187 219 247 225 110 109 111 13 183 53 218 149 169 179 280 274 44 22 21 31 40 29 27 175 49 76 317 83 159 127 39 178 308 119 306 272 69 68 85 73 126 163 186 284 257 228 251 165 282 279 62 290 36 70 97 56 95 198 136 123 190 77 103 25 145 60 58 24 209 168 65 164 80 82 101 98 54 41 104 45 47 57 81 88 89 206 172 160 220 140 270 96 316 153 184 318 230 32 20 48 84 71 156 245 105 288 129 26 11 10 2 3 8 197 223 226 211 18 150 214 212 217 292 195 200 242 307 236 108 131 162 188 86 271 92 30 167 176 192 134 259 142 135 250 237 99 241 4 116 133 125 232 278 289 313 139 281 258 154 202 302 210 301 166 222 238 130 113 137 227 229 287 300 295 141 155 37 199 16 196 93 100 15 7 311 312 157 173 6 12 17 43 61 194 91 67 102 87 261 151 146 66 79 74 158 50 293 286 265 231 148 161 234 294 171 208 252 264 215 246 314 132 239 114 180 42 285 204 72 277 291 94 138 240 299 233 191 28 : 3973.84
