0 0 
1 171 194 148 203 298 250 12 249 137 128 233 41 32 117 42 24 60 121 17 19 164 186 7 146 142 124 29 173 158 314 280 116 22 77 199 310 267 275 191 190 299 52 122 38 81 6 53 307 70 44 67 30 180 187 101 16 155 218 229 227 260 5 54 2 224 184 170 46 283 181 62 220 221 269 231 219 304 150 316 88 290 241 252 281 306 33 48 138 151 9 98 105 65 80 300 118 176 261 153 119 34 287 286 165 256 37 244 136 106 156 232 89 202 154 230 242 255 288 99 55 234 21 222 76 253 235 226 205 236 215 216 51 93 57 169 289 13 107 295 152 69 172 20 246 126 18 211 125 179 263 31 309 278 262 28 104 66 95 279 11 177 160 208 49 183 293 84 14 214 247 78 92 265 25 196 207 195 112 111 210 61 120 114 132 161 248 144 209 277 83 26 10 145 212 206 147 192 258 133 189 313 108 292 303 85 102 139 94 86 174 296 243 143 204 188 141 317 72 63 23 228 182 197 284 305 71 168 282 166 312 297 149 167 135 200 285 240 74 87 301 311 56 43 213 75 59 79 115 91 130 90 163 39 129 113 257 272 270 64 3 40 45 97 82 273 271 264 178 201 109 294 225 251 159 96 217 291 237 140 68 15 35 315 198 47 27 100 36 268 254 266 4 302 185 308 175 134 58 50 157 259 73 123 127 245 318 223 103 238 193 239 8 276 274 110 162 131 : 5202.17
0 1 
1 78 149 182 152 69 293 301 238 279 209 44 297 270 160 55 13 195 271 295 114 300 143 66 67 103 130 127 28 237 225 10 105 187 117 129 257 303 199 304 315 222 277 83 140 208 235 134 156 138 215 142 167 289 181 40 267 314 249 288 84 196 139 232 126 111 5 306 65 104 190 266 125 276 292 227 251 177 93 45 230 219 212 265 241 20 159 185 213 178 52 39 24 163 135 42 197 172 194 118 131 106 68 253 231 250 147 132 146 8 9 226 124 96 260 263 61 54 121 282 183 47 246 29 137 115 236 240 247 4 155 290 284 224 214 35 141 81 101 59 191 133 312 261 242 189 122 107 153 269 184 220 2 287 305 12 281 25 18 77 252 294 175 150 200 53 80 110 36 71 76 278 7 176 151 210 268 275 280 316 188 11 113 313 245 161 90 259 307 291 248 21 88 100 171 56 164 170 148 15 87 30 97 70 264 102 85 63 86 3 82 309 91 26 48 317 57 286 108 32 166 201 99 198 27 6 79 41 154 33 22 37 46 74 302 256 244 19 206 243 318 216 144 193 223 285 296 254 64 72 180 157 120 94 89 298 192 274 207 145 186 255 239 233 203 165 98 92 34 62 234 136 119 17 283 109 58 204 128 23 202 299 228 50 174 49 16 217 272 229 262 308 311 218 158 38 169 221 173 75 168 112 310 73 14 211 179 116 273 60 258 123 51 31 43 162 95 205 : 5190.96
0 2 
1 7 210 143 303 77 50 86 286 126 257 209 268 260 316 10 135 61 23 79 123 173 35 221 294 72 197 38 179 145 265 164 176 155 63 292 140 289 252 169 139 313 65 70 157 94 107 256 298 120 314 5 76 3 138 118 60 247 93 202 305 280 281 302 49 9 48 68 180 198 29 16 215 297 102 89 81 308 238 189 154 223 59 288 249 274 19 33 26 222 53 73 125 166 153 133 272 243 58 196 96 204 231 21 300 124 144 170 317 162 160 227 275 11 178 108 91 71 74 225 214 192 224 184 190 199 306 293 97 98 99 287 304 131 117 240 219 136 109 67 18 246 52 17 270 226 259 233 250 34 152 36 46 75 167 220 216 267 254 28 4 301 276 110 262 255 278 318 309 299 253 121 181 83 191 282 235 54 62 284 245 87 310 258 295 207 242 40 105 194 148 168 283 100 237 112 57 218 271 37 69 150 15 151 193 116 106 229 66 47 129 25 183 205 208 201 92 182 174 149 269 279 147 156 277 82 172 266 141 41 142 244 122 146 211 45 163 291 127 212 239 315 2 111 101 8 311 177 264 273 228 175 134 27 85 206 128 236 137 307 241 132 263 232 234 114 12 32 55 104 80 95 20 251 31 90 43 185 44 200 88 13 188 186 6 14 30 158 312 22 24 42 103 213 165 290 195 203 261 51 56 64 159 113 217 161 171 230 115 39 285 130 248 187 84 78 119 296 : 5224.38
0 3 
1 5 36 131 227 255 268 122 135 197 96 49 61 38 41 95 106 110 284 52 26 62 202 92 68 47 137 183 182 22 3 198 304 67 248 156 108 239 164 141 126 287 170 171 167 75 177 32 294 311 302 280 121 56 308 262 139 250 288 58 303 116 214 148 50 40 144 147 166 125 276 120 129 59 112 199 107 23 80 6 269 205 82 229 53 224 65 188 28 13 212 289 186 261 140 281 252 195 84 180 90 298 243 316 21 138 285 203 184 292 272 266 103 20 31 153 258 4 76 114 33 189 236 254 306 232 275 211 221 57 193 307 253 283 305 154 245 152 30 181 2 51 264 89 176 206 93 54 85 150 8 143 173 60 175 102 317 296 265 142 149 240 217 157 200 220 234 127 19 174 17 73 213 259 136 207 91 313 168 100 105 64 98 111 46 179 300 263 109 12 210 39 219 66 35 191 48 209 223 132 128 163 256 119 43 146 216 237 247 230 192 155 235 222 318 169 159 204 69 260 293 251 249 158 123 172 279 83 45 79 29 97 15 241 115 99 196 190 178 233 113 165 270 34 118 70 194 228 78 151 160 16 55 24 27 282 25 185 18 208 63 71 309 301 273 81 295 312 14 101 77 134 278 133 44 86 225 246 297 242 162 286 267 215 314 257 299 74 310 271 201 11 72 130 42 124 88 277 94 291 226 238 104 274 315 290 218 9 10 37 117 7 231 244 161 187 145 87 : 5172.56
1 0 
1 107 141 32 140 278 25 225 153 223 314 133 242 53 263 98 38 161 34 276 205 254 168 50 267 122 145 73 249 283 299 24 112 46 270 156 94 51 10 76 79 206 303 164 300 142 127 182 16 155 257 260 274 245 221 240 219 14 194 174 132 259 201 101 207 59 264 253 6 181 57 138 62 317 30 143 23 224 312 160 144 40 216 157 165 195 162 176 72 178 119 55 151 177 197 266 306 293 93 20 67 128 129 220 227 239 70 246 275 95 86 209 262 147 313 61 179 244 96 189 90 65 2 191 307 309 310 63 114 167 291 42 125 103 92 184 301 77 85 288 212 121 222 78 87 39 175 295 187 186 296 237 29 74 135 124 8 21 152 97 196 99 279 108 12 171 5 169 188 148 304 272 80 19 49 123 305 45 273 318 315 265 248 280 214 159 282 316 202 277 113 250 36 134 126 298 271 215 120 154 116 192 235 66 11 229 285 91 58 208 302 251 292 89 69 83 75 56 48 289 13 88 252 199 236 31 255 203 170 232 163 3 204 9 308 290 243 231 213 111 284 60 22 7 104 297 180 109 54 269 100 166 64 43 68 146 52 82 261 37 241 139 117 115 17 118 81 44 286 136 84 41 228 158 234 183 110 287 173 226 105 149 130 311 281 210 190 15 26 28 200 131 172 268 258 185 256 217 294 247 33 102 198 218 27 193 35 18 230 211 137 150 4 106 47 71 238 233 : 5418.18
1 1 
1 186 120 202 58 98 184 85 10 22 163 116 16 37 298 231 81 292 177 224 13 6 15 57 274 273 167 306 275 221 14 42 151 287 242 178 183 87 205 145 244 139 97 297 60 286 236 8 182 249 264 300 141 130 61 234 229 246 143 192 260 295 252 288 134 285 204 276 127 174 122 226 248 218 144 90 73 104 208 209 4 88 132 62 198 123 5 56 168 38 241 290 23 89 20 223 296 200 51 152 160 201 49 293 100 303 187 169 54 96 84 206 213 216 175 162 66 64 309 72 125 311 110 282 280 281 76 70 74 35 171 3 131 155 34 302 142 195 214 39 304 259 48 21 148 118 251 47 307 254 29 86 95 147 59 91 43 243 99 53 31 318 65 27 11 199 312 189 101 113 7 112 106 299 261 173 93 63 181 82 255 256 129 92 262 193 305 239 107 44 308 247 210 278 78 24 267 55 33 237 26 233 117 238 71 83 28 150 80 2 105 140 263 115 270 121 50 212 40 36 153 52 235 103 211 133 176 185 310 102 69 191 75 272 222 164 230 197 159 284 30 265 119 196 161 232 240 179 291 158 77 137 146 138 172 18 228 314 128 12 111 250 170 315 271 257 289 109 46 67 180 203 225 266 268 283 215 154 149 207 294 156 157 245 114 279 94 108 258 194 79 124 19 190 317 165 277 253 135 45 220 25 227 41 68 301 166 136 126 17 32 217 313 9 269 219 316 188 : 5444.89
1 2 
1 37 154 198 167 142 109 267 162 43 187 128 280 153 263 215 87 304 165 152 95 186 26 231 209 11 266 274 265 159 10 133 16 256 48 44 130 113 71 254 38 140 172 181 9 229 45 317 110 67 219 114 58 59 84 60 155 261 275 68 242 131 89 295 289 189 234 233 138 129 255 213 82 226 85 273 49 316 307 63 24 132 75 170 65 241 144 299 207 31 179 297 301 169 262 292 8 36 47 104 42 208 17 4 177 148 174 182 205 260 212 306 99 88 217 296 291 78 183 73 221 125 120 156 245 123 202 227 126 118 232 80 54 218 313 105 56 57 40 74 257 278 168 115 146 298 228 318 270 34 106 246 214 211 199 201 225 103 259 247 200 135 25 77 121 195 224 12 66 13 210 204 310 271 64 193 222 136 190 150 258 251 116 81 315 18 72 3 5 107 197 285 69 35 52 112 102 101 91 287 94 33 157 108 272 283 303 79 83 238 145 309 141 252 32 86 62 93 6 23 223 250 176 192 147 300 276 166 29 7 206 134 236 180 314 164 253 151 61 282 158 124 96 163 143 149 98 235 243 39 22 293 230 279 139 14 311 237 196 122 284 161 239 97 100 92 288 173 302 19 20 27 117 220 191 127 30 305 244 248 90 188 53 185 178 312 171 28 111 41 55 268 137 264 249 308 46 290 294 175 15 2 76 21 119 50 70 240 277 194 203 160 51 184 216 269 286 281 : 5349.87
1 3 
1 304 272 101 226 122 115 215 133 186 259 110 49 10 213 116 38 181 200 159 48 196 278 124 207 227 30 53 165 269 96 83 97 187 41 3 82 204 119 25 279 287 143 243 145 158 167 314 228 271 234 34 59 11 117 123 131 267 260 289 192 313 50 283 91 130 194 61 75 189 308 129 112 306 84 65 199 195 90 95 36 293 298 15 318 276 302 151 188 144 2 232 160 107 223 264 305 109 233 288 80 170 300 152 45 236 168 6 164 253 86 27 98 249 294 286 175 180 307 291 161 178 13 44 212 316 47 141 208 5 31 29 156 256 211 43 39 19 171 218 310 248 245 262 135 126 22 9 197 69 23 94 241 246 240 270 62 70 142 309 103 55 26 191 92 93 111 250 220 247 154 176 88 76 16 46 104 105 79 121 257 274 162 231 120 147 35 225 317 85 275 263 183 140 174 68 206 292 20 12 134 136 235 182 24 7 32 66 219 185 99 54 201 155 58 273 51 268 254 190 137 148 150 184 63 255 311 125 166 128 238 205 277 281 230 217 106 108 284 285 73 72 42 221 214 17 67 153 33 89 113 209 210 127 8 177 4 299 282 193 102 40 252 56 237 81 64 14 146 157 114 202 315 138 216 251 203 87 74 118 258 57 132 312 265 242 179 244 296 224 290 261 52 60 37 280 163 198 222 77 100 21 149 297 303 78 239 301 139 229 173 169 18 266 295 172 71 28 : 5168.33
2 0 
1 172 137 107 257 31 121 241 267 256 149 122 39 300 118 139 294 170 185 100 180 278 166 186 242 140 265 23 273 8 313 312 251 264 297 236 230 86 157 240 309 276 217 197 128 5 178 133 174 296 50 292 231 19 204 177 301 212 3 34 200 179 304 108 284 13 72 310 252 83 214 143 156 28 88 162 306 299 159 2 95 272 183 35 20 90 248 232 237 119 60 49 51 105 17 11 228 99 259 229 61 75 266 290 198 293 85 181 36 91 7 69 245 45 176 98 226 54 82 173 269 288 132 268 243 287 298 64 79 66 123 109 120 136 145 113 199 112 138 168 189 261 281 311 283 234 70 146 84 65 52 253 222 247 255 196 71 316 114 4 302 59 213 111 32 142 218 127 104 191 195 76 81 42 208 207 182 125 94 124 171 58 73 220 221 10 164 150 131 29 130 215 15 102 152 250 144 258 129 38 47 18 135 141 210 160 97 78 9 205 187 68 43 12 53 275 211 305 317 62 260 153 14 285 262 115 161 46 48 74 225 233 315 244 314 239 41 263 30 27 24 184 175 110 280 282 190 169 33 63 89 206 223 227 270 303 289 318 295 16 224 249 67 193 219 40 134 37 96 6 216 246 93 92 192 254 163 101 209 56 22 277 279 87 307 202 274 21 158 148 57 154 44 155 80 55 291 203 194 238 165 286 271 117 126 201 188 77 26 106 308 25 103 167 151 235 147 116 : 5188.11
2 1 
1 97 102 78 143 304 113 76 29 130 231 41 246 313 42 294 12 228 276 273 39 157 251 114 278 242 191 66 293 306 202 32 266 72 281 168 111 80 145 8 288 271 262 259 155 194 25 315 275 128 34 207 19 109 147 214 204 200 74 235 317 23 30 14 213 134 150 257 95 100 11 26 272 287 88 152 129 63 162 186 175 158 20 196 61 208 318 136 67 21 81 65 44 54 298 284 177 274 24 45 268 36 94 187 10 218 125 82 106 55 283 116 52 33 140 236 77 127 301 188 48 22 51 56 170 85 220 166 103 123 5 91 133 3 43 240 253 248 92 96 148 112 238 254 117 69 98 75 73 124 99 79 299 260 164 270 256 86 255 316 4 31 161 105 132 90 146 7 225 182 221 167 178 83 47 217 285 2 212 87 195 261 282 303 206 38 179 60 6 184 172 249 245 181 223 141 269 244 153 305 297 250 163 151 201 209 137 53 309 311 169 27 84 101 174 176 205 292 289 243 197 193 49 135 203 290 233 226 139 104 13 122 138 302 173 265 264 312 50 9 210 89 71 307 35 70 241 314 216 58 180 93 295 247 192 258 183 37 310 224 263 229 252 131 232 219 277 267 296 15 59 215 62 149 57 40 68 190 280 144 118 121 28 107 239 198 126 120 211 119 286 222 185 189 142 154 234 230 279 291 159 156 160 199 227 110 64 308 300 237 171 115 165 108 46 17 16 18 : 5199.96
2 2 
1 156 305 168 205 100 91 37 169 209 115 200 97 87 315 284 298 234 300 250 228 173 273 303 239 210 116 59 27 187 180 265 50 233 256 138 78 318 204 44 213 191 125 135 6 108 123 189 271 128 134 139 308 176 69 40 32 157 230 219 107 216 310 57 131 285 297 161 211 215 286 8 195 48 103 255 147 245 47 54 201 154 149 83 202 192 247 196 41 93 88 130 20 67 55 288 150 39 227 226 229 28 61 113 253 252 218 68 60 251 264 94 249 145 243 208 306 117 13 172 266 137 220 106 296 275 42 259 35 146 186 4 132 65 302 283 291 177 76 105 21 122 118 214 163 178 262 270 167 24 36 222 311 162 111 70 290 299 282 190 56 244 121 159 53 114 43 3 279 5 64 82 182 223 71 152 241 224 238 15 16 212 89 85 49 9 112 160 257 166 84 287 170 165 77 307 25 175 63 72 102 246 179 304 92 124 52 242 120 274 46 184 136 17 51 75 158 240 127 19 33 144 174 185 309 281 248 236 164 141 38 34 90 80 188 73 74 198 258 181 207 278 313 221 312 31 143 142 183 231 280 267 101 96 277 301 203 29 235 293 199 18 133 232 119 66 95 81 12 10 79 263 140 62 7 45 2 272 197 317 254 206 153 194 316 104 171 151 86 99 98 155 289 295 148 269 109 268 225 30 261 110 292 129 193 276 294 11 26 126 23 217 314 260 237 58 22 14 : 5144.47
2 3 
1 37 68 49 228 141 224 6 48 223 8 47 311 168 203 260 151 28 17 194 211 59 132 227 52 23 31 63 53 134 69 115 84 206 182 46 54 317 61 162 57 108 62 279 145 274 262 213 12 7 85 251 140 44 102 83 41 167 40 58 275 42 185 214 5 256 288 179 300 165 119 118 257 265 218 310 88 91 66 29 106 32 302 315 226 143 192 245 286 95 190 202 222 11 114 281 196 294 236 181 154 120 184 282 309 138 289 221 240 237 308 19 3 176 73 210 105 148 207 312 97 43 111 14 217 136 169 163 75 20 239 79 318 149 188 261 137 123 159 164 305 161 270 254 246 175 74 155 216 50 303 253 55 186 295 204 82 103 285 283 299 39 77 177 170 16 219 90 25 56 157 60 122 24 131 129 287 18 238 242 243 297 259 291 71 235 9 124 81 230 271 298 101 86 187 215 278 193 229 212 208 191 15 26 166 178 126 133 241 107 80 284 232 268 199 266 104 135 78 209 264 249 30 231 276 183 92 70 150 280 258 277 158 89 225 293 127 94 13 233 304 139 290 144 263 21 10 200 267 112 34 45 65 35 22 147 121 273 96 197 272 220 296 125 93 72 156 64 234 33 174 244 87 76 98 171 269 198 153 160 146 252 205 247 250 130 113 201 2 38 100 313 195 314 248 142 51 117 255 110 99 67 316 172 152 109 4 116 36 307 128 27 306 173 292 180 301 189 : 5341.99
3 0 
1 18 49 150 14 105 67 84 288 305 263 102 12 81 63 146 239 226 274 175 212 245 208 41 258 45 20 199 106 246 101 95 294 55 112 31 35 56 42 117 129 227 86 193 69 82 170 228 203 223 297 292 300 287 152 224 218 225 235 303 141 268 70 184 79 176 267 241 145 34 261 29 120 317 8 128 172 21 159 121 139 157 207 177 254 282 271 247 285 242 192 318 316 47 93 100 156 237 229 314 91 221 289 27 36 213 109 147 87 253 190 77 164 97 219 236 217 4 276 250 114 113 136 231 284 298 275 265 240 273 15 306 142 148 37 28 85 108 232 115 269 281 206 187 299 296 33 54 162 180 11 43 168 178 124 32 252 5 140 137 126 9 116 22 173 272 7 260 110 171 308 61 62 104 307 315 290 59 111 23 10 256 74 127 80 251 155 76 52 94 201 310 200 204 266 280 19 185 238 88 90 191 64 68 248 312 167 295 58 138 25 301 291 149 154 57 30 26 13 186 209 158 259 135 311 243 210 16 278 174 48 286 214 257 40 309 195 24 144 99 196 39 211 92 89 107 17 53 182 262 169 44 270 220 249 216 2 71 3 222 163 46 51 264 189 188 98 166 134 75 194 234 233 215 277 230 160 202 293 183 279 304 123 72 60 283 103 96 78 302 50 6 132 153 181 65 133 179 118 244 198 122 143 38 131 125 313 151 66 205 255 161 83 73 197 130 119 165 : 5106.06
3 1 
1 15 68 195 289 160 60 20 64 187 109 7 32 117 39 144 229 120 125 136 53 288 23 3 8 159 312 90 201 30 184 290 230 293 240 114 121 31 49 181 98 251 307 286 260 26 95 277 41 283 36 45 124 145 13 153 70 188 42 186 200 157 128 208 219 14 303 295 205 33 236 226 100 297 101 198 308 243 227 255 294 291 257 126 11 10 211 22 27 54 164 314 313 148 151 209 281 271 87 2 111 149 61 78 75 253 249 97 280 19 256 305 287 244 6 285 202 266 29 199 143 241 317 17 12 94 238 274 214 311 67 89 65 93 196 106 156 63 56 44 203 225 66 217 315 161 115 146 268 91 108 162 79 221 140 284 269 296 102 165 166 242 107 51 318 190 24 139 127 261 273 265 207 182 270 138 279 150 18 21 191 52 57 215 16 316 194 210 310 113 173 38 275 262 103 25 259 9 282 218 246 105 264 37 74 50 104 189 122 92 170 213 183 110 228 278 247 220 232 119 216 142 267 86 84 212 252 176 116 197 179 204 301 168 222 163 77 88 235 28 172 302 223 298 309 112 131 233 85 96 130 306 175 231 169 72 137 245 135 192 155 299 276 237 152 154 133 82 99 129 174 73 71 5 118 234 300 248 263 171 193 177 224 304 123 250 292 35 272 132 206 239 62 40 4 59 47 34 134 141 69 180 81 58 147 80 48 55 83 43 178 46 258 185 76 254 158 167 : 5207.8
3 2 
1 23 165 294 103 231 100 210 284 47 221 291 308 185 315 105 127 91 251 289 25 142 169 20 112 154 194 124 271 260 63 250 8 104 316 12 5 253 172 129 123 233 287 180 116 177 28 305 83 236 121 243 157 191 197 11 163 161 265 137 106 255 192 167 198 150 41 93 179 71 183 175 257 214 269 26 89 218 222 6 190 204 206 40 19 261 249 242 139 164 314 13 97 147 162 241 107 158 278 77 68 228 203 135 118 62 49 96 34 213 39 126 160 268 16 263 99 54 201 35 61 270 209 17 31 275 84 101 60 155 189 200 202 4 283 281 113 140 125 292 18 33 22 141 120 297 311 301 293 262 237 43 78 32 225 114 57 72 186 279 15 29 87 153 115 299 205 195 59 264 296 310 219 223 46 37 254 50 166 188 64 273 300 159 317 313 272 318 304 217 211 82 58 94 295 36 80 81 258 280 144 10 27 215 122 309 220 131 235 224 38 246 53 248 267 88 171 168 307 274 277 238 298 303 132 199 45 266 207 256 56 176 143 86 208 133 184 282 170 146 156 290 138 92 187 173 117 3 182 109 119 55 75 79 65 302 212 312 286 98 181 44 2 21 193 73 110 216 259 240 230 111 24 14 48 30 232 69 247 51 239 245 145 234 288 306 148 108 134 67 7 151 227 226 285 229 252 52 149 66 244 174 74 76 152 42 90 128 95 130 196 85 102 70 9 136 276 178 : 5312.99
3 3 
1 133 223 266 255 42 147 171 101 169 5 249 286 92 251 52 195 312 102 191 120 144 234 204 242 230 4 216 105 86 243 100 154 137 304 224 261 43 295 117 165 21 96 74 163 206 292 246 126 91 39 146 61 58 32 128 118 152 73 95 153 235 189 201 98 82 252 225 222 245 48 77 183 151 124 253 63 71 168 307 297 161 156 237 172 64 18 23 33 9 85 199 193 155 283 56 45 270 291 306 219 290 134 313 226 59 54 80 288 301 192 29 12 294 141 125 44 36 70 210 123 282 278 28 247 280 228 65 148 132 256 60 240 35 236 315 263 215 272 55 10 130 238 106 114 121 311 62 190 289 303 75 186 264 136 213 314 231 227 162 30 271 302 212 37 317 135 122 198 318 67 79 275 180 187 131 209 203 104 218 273 284 113 110 305 310 184 90 76 254 309 233 11 248 139 111 2 127 208 285 34 66 20 140 22 49 116 19 38 84 119 174 88 69 175 299 229 214 13 308 232 26 83 112 31 179 279 158 164 276 287 145 250 176 221 267 46 115 173 72 200 160 259 258 51 40 298 57 207 244 281 277 27 109 185 7 68 16 6 274 159 166 157 220 241 268 293 202 87 150 8 257 300 178 138 142 24 50 269 239 97 196 296 205 143 265 78 25 107 182 188 211 177 167 149 197 99 53 181 89 260 129 94 194 81 170 41 262 93 217 108 3 103 17 15 14 316 47 : 5184.89
4 0 
1 156 149 98 78 201 104 39 220 267 143 30 310 306 255 275 165 274 219 168 3 16 27 113 151 19 12 163 272 150 315 295 239 79 7 226 28 8 127 72 24 26 309 291 82 160 302 273 52 305 31 169 119 147 242 94 101 23 90 45 260 6 170 300 249 58 71 35 259 76 47 50 281 227 206 270 297 235 280 290 299 65 114 128 181 102 189 118 312 166 234 313 184 67 155 257 276 301 137 89 36 311 148 11 2 80 222 236 161 41 130 140 139 87 193 294 25 17 162 178 86 171 293 96 296 84 230 252 207 53 81 85 197 221 21 13 265 64 5 231 214 278 264 277 43 173 136 49 241 232 122 246 91 121 172 298 244 210 179 269 59 308 191 288 213 158 247 180 174 177 33 22 135 164 208 190 145 132 133 109 57 211 250 4 271 74 10 318 34 263 97 111 83 124 56 55 73 42 159 103 44 224 289 188 286 248 153 105 251 108 176 304 93 183 120 75 283 141 186 54 317 185 253 199 38 223 216 240 292 225 167 196 200 245 99 198 95 307 70 48 32 243 125 69 60 187 152 117 63 218 142 110 15 131 61 316 51 203 204 192 66 268 238 261 254 37 212 287 279 146 46 217 303 126 175 154 29 14 92 9 284 209 115 18 202 88 282 262 266 123 100 237 215 144 129 256 194 195 107 258 138 205 106 134 62 116 40 20 77 182 68 285 228 233 229 314 112 157 : 5337.3
4 1 
1 115 225 59 214 185 267 138 132 55 172 87 269 128 6 2 8 110 271 239 240 22 126 247 258 93 99 207 263 180 224 176 241 97 62 179 51 45 215 169 84 165 145 218 50 58 28 300 227 221 223 94 194 209 297 237 125 299 57 202 196 211 147 107 117 186 189 152 264 173 34 127 257 119 272 9 64 200 261 123 7 17 23 164 91 285 205 266 156 249 21 303 41 281 124 37 26 69 19 148 109 254 159 204 153 295 134 273 90 168 25 270 192 142 54 317 231 149 182 296 286 177 275 175 150 39 129 74 183 141 140 12 174 280 135 120 65 178 10 42 27 293 311 73 242 260 108 32 158 104 302 60 163 101 243 95 201 79 234 313 13 306 217 161 29 3 118 157 35 61 252 250 259 292 103 274 210 316 38 137 130 166 146 106 136 66 78 33 170 36 238 262 20 43 162 245 52 133 111 24 188 283 298 83 16 40 144 49 220 305 18 100 86 287 276 304 251 282 230 154 318 122 63 222 15 131 75 171 301 167 181 278 284 315 233 190 184 48 228 277 143 289 229 114 44 112 255 290 256 226 198 72 213 116 102 68 279 309 92 85 139 208 268 216 160 232 212 70 151 197 77 11 121 113 80 88 82 53 187 89 236 195 191 291 5 98 105 47 246 14 56 265 288 67 81 46 4 155 308 193 203 314 312 307 71 219 248 310 199 294 96 206 253 235 30 76 244 31 : 5378.8
4 2 
1 179 71 182 97 12 151 308 135 190 67 217 239 253 120 283 30 288 309 130 142 159 311 280 2 148 126 78 196 205 14 169 164 65 45 85 60 219 236 144 212 208 163 178 162 197 223 250 47 84 25 312 228 23 21 99 273 39 221 109 233 242 157 111 8 229 26 177 284 118 108 268 186 91 53 176 154 161 115 293 73 265 206 58 69 37 191 257 303 122 310 286 245 291 226 294 285 96 50 33 87 243 13 28 24 3 86 116 147 202 185 31 158 168 192 145 77 128 277 5 32 274 170 256 48 83 121 171 17 11 29 22 181 297 230 238 43 298 302 281 16 263 247 201 76 218 98 52 139 74 27 110 266 313 249 240 90 199 278 156 207 258 241 225 232 315 300 317 272 51 299 137 41 174 141 287 133 35 9 81 44 255 100 259 187 18 150 235 271 166 183 38 198 307 40 103 75 34 117 188 204 140 184 66 214 222 195 314 106 153 180 114 290 276 270 134 318 155 61 165 292 210 49 6 36 7 131 104 316 211 167 4 119 80 55 296 72 264 251 252 112 160 89 149 246 93 46 267 304 237 79 42 194 215 123 289 138 56 152 105 101 262 305 306 282 260 295 102 82 136 132 224 175 125 193 275 54 200 254 213 70 94 189 10 127 19 124 220 15 261 62 63 203 244 279 227 173 57 209 269 59 231 234 301 88 143 20 113 216 248 95 107 92 172 64 68 129 146 : 5386.25
4 3 
1 296 47 172 148 10 7 100 137 310 140 95 29 164 85 259 197 176 2 154 89 204 18 58 16 33 282 302 63 120 110 222 163 174 219 188 97 254 175 283 46 90 263 306 229 61 217 272 212 241 276 92 207 291 244 257 30 145 55 76 129 126 312 201 280 295 20 298 149 233 165 314 119 40 52 111 6 113 28 167 237 171 232 227 224 185 25 81 209 53 131 200 86 14 252 301 160 70 181 112 246 122 51 144 236 196 128 39 223 8 213 304 191 317 261 269 225 218 220 48 84 66 245 118 59 278 159 205 274 285 69 294 19 67 107 9 214 234 248 121 169 251 309 82 36 151 87 208 35 130 179 99 194 265 108 114 124 31 240 307 286 183 182 104 134 258 153 156 62 68 93 57 133 24 235 157 275 239 228 102 202 162 23 127 243 318 316 287 125 139 142 11 270 78 158 13 290 260 146 230 221 88 190 96 73 12 136 308 21 135 98 79 168 77 116 101 74 199 138 277 115 54 198 264 303 267 315 45 132 44 83 17 71 56 242 284 313 147 155 268 170 4 292 249 253 299 60 106 72 206 279 180 178 195 117 192 152 255 273 38 22 5 305 288 281 271 215 42 193 166 105 189 186 94 173 50 26 247 289 161 210 64 184 75 266 150 256 143 65 293 177 203 300 297 311 238 231 41 109 211 34 80 262 250 141 216 226 49 123 27 32 3 103 15 91 37 187 43 : 5263.25
5 0 
1 236 215 203 254 28 105 161 302 262 235 172 312 59 66 64 104 316 4 300 129 73 181 157 58 36 115 148 90 63 308 306 150 183 68 132 78 179 198 174 3 111 176 124 125 131 222 197 178 163 69 137 113 106 8 56 182 77 270 291 260 219 299 264 220 45 199 98 205 123 147 151 207 315 248 211 307 311 274 256 88 190 193 61 40 85 170 285 112 233 294 22 82 9 62 120 258 186 7 230 23 212 280 100 177 95 244 15 16 238 35 309 297 314 11 246 71 266 216 109 127 21 271 310 304 218 213 13 138 49 269 51 130 43 128 135 214 289 187 143 232 144 119 121 65 217 301 259 117 79 185 249 83 12 18 245 31 32 152 159 189 237 103 55 195 192 227 41 52 86 166 204 188 228 87 153 318 242 208 171 229 288 293 101 25 295 221 76 110 239 290 149 97 164 225 210 53 47 126 48 99 6 14 20 303 191 206 184 194 17 26 255 142 272 37 180 118 60 116 30 141 282 102 10 173 278 257 29 75 94 201 92 74 175 145 281 224 286 298 122 292 251 234 283 279 240 154 231 136 27 169 57 80 165 96 305 5 108 44 277 267 24 19 162 313 247 273 167 263 265 107 253 275 155 250 200 139 34 156 84 33 114 2 146 268 241 67 209 140 202 54 133 134 38 160 50 287 39 196 252 226 158 168 261 81 42 276 243 70 46 89 317 284 91 93 72 223 296 : 5275.39
5 1 
1 42 237 120 80 91 187 44 31 307 270 199 239 203 156 176 96 317 110 133 100 137 118 66 70 209 68 106 267 274 299 303 27 200 275 171 251 261 46 271 301 240 141 2 13 291 313 136 14 302 34 93 182 55 249 265 8 140 39 18 139 218 143 49 108 17 101 264 188 255 125 129 231 212 221 273 23 7 52 15 11 252 28 250 247 277 259 186 293 225 138 32 67 87 83 168 282 50 84 183 109 296 310 304 306 280 216 318 74 147 144 76 57 145 82 63 5 238 220 45 51 287 116 71 179 202 268 185 161 20 62 286 132 4 204 196 149 191 174 198 79 47 22 242 308 211 228 272 314 99 172 201 184 243 235 148 153 165 65 53 97 229 158 309 217 254 58 292 114 164 281 210 193 90 154 175 208 29 24 219 115 102 48 6 206 113 178 311 233 284 226 167 260 92 162 285 121 41 246 266 104 98 21 26 36 16 160 73 262 142 111 64 56 40 103 279 316 177 269 130 283 236 95 166 72 263 170 155 38 278 85 131 244 315 30 169 190 241 224 192 195 297 173 75 163 43 117 123 290 146 3 159 150 88 105 222 227 189 197 213 135 86 289 37 126 256 312 127 207 288 215 305 60 33 134 9 81 59 94 89 151 12 232 298 128 77 35 78 122 112 107 194 124 253 152 181 245 180 230 10 19 25 234 295 300 257 54 69 119 205 157 276 223 248 258 214 294 61 : 5311.96
5 2 
1 32 58 127 56 75 246 206 6 3 18 59 220 312 283 308 168 175 253 79 258 144 195 240 153 248 109 140 105 43 205 89 115 218 316 63 154 82 98 235 257 142 233 71 31 111 126 131 293 122 207 295 26 36 281 169 194 318 300 188 282 17 47 92 184 174 145 125 121 151 271 106 201 5 141 152 14 212 161 77 54 16 96 272 263 129 292 199 314 189 133 93 172 15 62 39 217 123 173 290 286 226 33 48 317 190 231 279 264 251 311 289 306 252 180 285 185 270 158 80 309 7 242 25 66 70 50 296 119 108 45 187 274 51 20 112 149 183 44 72 21 37 224 166 238 181 239 222 241 100 234 256 209 305 288 210 255 114 12 49 9 73 275 177 219 182 61 128 250 310 196 165 40 116 130 179 260 28 124 97 143 291 304 228 103 99 94 269 273 101 155 104 53 55 107 237 227 78 277 132 193 113 211 29 118 4 280 249 60 200 203 267 268 297 259 192 191 64 86 74 117 208 284 19 230 34 84 157 13 229 236 167 254 216 38 85 46 87 298 315 214 244 213 186 301 202 294 276 146 10 138 68 198 197 178 57 83 303 171 163 261 266 137 24 23 160 35 225 134 52 91 110 302 162 95 65 215 139 42 2 170 243 27 159 221 147 247 11 41 120 265 232 135 262 223 313 307 150 287 176 278 67 30 22 245 81 88 164 148 8 136 69 156 76 102 90 204 299 : 5125.11
5 3 
1 180 146 293 113 37 136 120 107 225 46 80 263 8 229 100 202 84 75 93 49 201 245 307 209 171 301 298 223 111 45 22 90 143 166 275 258 227 189 270 38 222 145 64 52 29 122 128 169 141 47 81 302 290 144 26 95 232 317 40 70 124 259 51 207 315 191 187 178 277 304 257 6 33 10 244 118 253 160 132 303 260 288 62 50 279 297 48 287 181 126 155 314 295 115 236 139 125 99 190 19 16 215 140 273 241 299 184 163 233 41 76 36 161 211 194 54 250 266 205 3 291 309 300 60 203 72 20 83 9 271 264 85 30 86 101 91 157 148 200 251 218 224 305 214 267 94 199 283 206 262 272 24 127 11 123 172 35 137 235 108 71 151 13 208 306 167 310 152 142 175 23 105 316 188 67 138 278 42 69 7 168 284 116 32 219 59 226 228 212 240 170 88 103 21 17 55 39 106 150 78 247 231 92 173 165 234 109 286 114 117 4 186 34 196 312 197 249 292 238 246 149 121 269 255 61 112 237 53 216 276 25 65 198 15 159 82 204 239 285 248 193 296 27 18 242 147 12 129 131 318 77 281 182 56 102 63 252 28 185 79 164 158 308 179 156 89 73 210 68 104 220 66 174 176 74 58 119 135 154 162 2 289 177 43 265 57 261 313 213 5 110 217 183 254 294 230 274 311 268 192 282 153 96 243 134 195 256 133 221 97 280 98 44 31 14 130 87 : 5210.32
