0 0 
1 2 6 7 10 11 15 103 21 22 29 30 31 32 33 104 40 316 317 49 45 48 50 55 56 59 105 57 54 51 47 44 41 42 43 46 52 53 58 63 62 64 73 76 80 79 77 72 67 68 71 78 82 83 84 85 91 92 96 97 101 102 93 98 99 90 89 86 81 75 74 69 70 61 60 66 65 172 173 176 183 187 188 190 87 88 196 94 95 100 207 206 202 201 197 198 203 204 200 199 205 312 311 307 306 302 301 295 293 292 288 281 278 277 282 287 289 294 296 299 300 303 308 309 310 305 304 298 297 276 275 318 270 271 280 279 284 285 291 290 286 283 274 272 273 268 263 262 256 253 252 251 254 257 261 264 267 260 265 266 315 269 165 166 144 143 259 258 255 250 314 246 247 249 248 245 244 224 223 214 215 219 218 227 226 228 235 236 237 234 229 222 213 221 220 225 231 232 239 243 119 118 109 313 230 233 238 240 241 242 139 140 217 216 212 211 110 123 130 131 124 138 135 136 137 34 35 39 38 145 154 164 210 167 168 171 170 192 193 175 186 180 179 174 169 185 181 178 177 182 184 189 191 194 195 161 160 155 153 150 149 152 156 159 162 163 158 157 151 148 147 146 209 142 141 132 129 121 122 114 113 106 107 108 111 5 117 120 128 133 126 127 134 208 125 115 116 13 4 112 14 36 37 26 25 18 19 24 27 17 20 23 28 16 8 9 12 3 : 515.281
0 1 
1 2 6 7 10 11 15 103 21 22 29 32 31 30 20 23 28 33 36 37 39 38 145 154 150 153 155 160 161 210 164 60 61 63 62 58 53 52 46 43 42 41 44 47 51 54 57 56 55 50 48 45 104 40 49 316 317 59 105 64 67 68 71 78 82 83 84 85 91 92 96 97 101 102 93 98 99 90 89 86 79 77 72 73 76 80 81 75 74 69 70 66 65 87 88 196 197 94 95 100 207 206 202 201 198 190 189 188 187 183 176 173 172 169 167 168 175 174 179 180 186 185 181 178 177 182 184 191 194 195 203 204 200 205 312 311 307 306 199 302 301 303 308 309 299 300 305 310 304 298 297 276 275 270 271 265 259 250 143 144 238 313 228 236 219 224 218 246 314 140 139 118 119 220 212 114 110 109 211 213 215 245 248 247 227 226 225 231 232 216 217 222 221 262 257 251 254 261 253 263 268 252 244 249 318 256 267 264 235 229 214 223 242 239 241 240 230 237 234 233 243 255 258 260 266 287 290 286 283 274 277 293 294 296 282 295 192 193 281 171 170 288 289 292 278 291 285 284 279 280 273 272 315 269 165 166 156 159 162 163 158 157 151 152 146 148 147 142 141 209 149 113 117 124 121 123 130 131 129 132 122 138 133 128 125 208 120 116 115 112 111 13 14 126 127 134 135 136 137 34 35 108 106 107 4 5 9 8 17 16 18 25 19 26 27 24 12 3 : 634.155
0 2 
1 2 6 7 10 11 15 21 22 29 30 31 32 40 316 317 49 45 48 50 55 56 59 105 62 63 70 69 74 75 81 90 89 93 86 80 76 73 79 77 72 64 67 68 71 78 82 83 84 85 91 92 96 97 101 102 98 99 95 100 207 206 202 201 94 88 87 196 197 198 191 184 182 177 172 173 176 189 190 188 187 183 65 66 61 60 164 161 160 155 153 150 154 145 38 39 35 34 137 136 135 134 127 126 120 208 128 133 138 141 142 147 144 143 238 237 214 219 224 139 140 242 241 234 218 230 232 239 313 229 235 226 222 223 244 271 273 272 280 285 284 279 283 286 290 291 298 297 304 305 310 309 308 300 299 303 296 294 289 287 282 274 277 278 281 288 292 293 295 192 193 200 199 301 302 306 307 311 312 205 204 203 195 194 186 180 179 175 174 185 181 178 169 210 162 159 156 152 209 149 146 148 151 157 158 163 168 167 171 170 269 315 267 266 265 255 250 249 245 252 247 253 318 276 275 270 268 262 261 314 240 227 236 231 228 246 258 259 165 166 260 264 263 257 251 256 254 248 215 243 216 217 110 109 211 212 221 225 213 220 118 119 121 122 233 123 130 131 132 129 124 125 117 113 114 108 13 14 116 115 112 111 107 106 4 5 9 8 3 12 33 27 24 19 16 17 18 25 26 36 37 42 41 43 46 52 53 58 57 54 51 47 44 104 20 23 28 103 : 647.926
0 3 
1 2 6 7 10 11 15 103 20 23 21 22 29 32 31 30 28 19 16 17 18 25 26 24 27 33 40 316 317 49 45 48 50 55 56 59 105 57 54 51 47 44 104 36 37 42 41 43 46 52 53 58 62 63 70 69 74 75 81 90 89 86 84 79 77 72 80 76 73 64 67 68 71 78 82 83 85 91 92 96 97 101 102 93 98 99 100 207 206 202 201 197 196 94 95 88 87 190 189 188 187 183 176 173 172 65 66 61 60 164 210 169 177 182 184 191 198 203 204 195 194 185 181 178 186 180 179 174 167 168 175 193 192 301 302 199 200 205 312 311 307 306 303 299 300 308 309 310 305 304 298 297 276 275 271 270 318 249 248 245 244 224 223 214 215 219 218 213 211 212 216 217 109 110 119 118 220 221 225 313 231 232 239 241 242 240 234 229 230 238 233 222 237 236 227 226 228 235 243 314 247 251 254 246 250 259 255 261 264 262 263 267 268 257 260 165 166 269 288 292 293 295 296 279 284 285 287 282 277 274 272 273 252 253 256 258 265 266 280 315 289 294 281 170 171 278 283 290 286 291 143 144 140 139 135 134 136 137 138 133 124 130 123 122 121 114 113 108 117 125 128 132 129 131 142 141 209 145 150 154 153 155 162 152 149 146 148 158 163 157 147 151 156 159 161 160 39 38 34 35 127 126 208 120 14 13 116 115 112 111 107 106 4 5 9 8 3 12 : 536.171
1 0 
1 3 8 9 5 4 112 111 107 106 108 113 114 110 109 211 212 216 217 220 221 118 119 139 140 144 143 242 241 240 239 232 231 225 313 230 233 238 243 237 234 229 222 213 218 219 215 214 223 224 244 245 227 226 228 235 236 247 246 314 250 259 255 258 260 265 266 269 165 166 171 170 281 282 283 274 278 277 287 289 290 286 279 285 291 284 280 273 272 315 267 264 261 257 254 251 252 253 256 262 263 268 249 248 318 270 271 275 276 297 298 304 305 310 309 308 303 299 300 296 294 293 295 292 288 192 193 200 199 301 302 306 307 205 312 311 91 92 96 97 101 102 93 98 88 190 188 187 183 189 184 182 85 83 82 78 71 68 67 72 77 43 42 37 35 34 136 126 134 127 209 145 150 153 155 160 161 210 164 60 61 39 38 104 40 316 317 49 45 41 47 44 51 54 57 62 63 76 80 69 70 74 75 81 90 89 86 84 79 46 52 53 58 73 64 105 59 56 55 50 48 167 162 159 147 142 146 152 168 175 186 180 179 174 178 185 191 194 195 204 203 198 87 196 197 201 202 206 207 100 95 94 99 66 65 176 173 172 181 177 169 148 151 157 158 163 137 125 133 138 154 132 124 129 121 128 135 149 156 141 131 123 122 130 117 208 120 115 116 13 14 36 33 26 25 18 17 16 27 24 19 12 20 23 28 30 31 32 29 22 21 103 15 11 10 7 6 2 : 624.799
1 1 
1 2 6 7 10 11 15 103 21 22 29 32 31 30 28 23 20 12 19 24 27 16 17 18 25 26 33 36 37 42 41 43 46 52 53 57 54 51 47 44 104 40 316 317 49 45 48 50 55 56 59 105 64 67 68 71 78 82 83 84 72 77 79 86 85 91 92 96 97 101 102 93 98 99 90 89 80 76 73 81 75 74 69 70 63 62 58 61 60 164 161 160 155 154 153 150 159 175 174 179 180 186 185 181 178 177 182 184 189 191 194 195 204 203 198 196 197 201 202 206 207 100 95 94 88 87 190 188 187 183 176 65 66 173 172 169 210 167 168 171 170 281 288 294 278 162 163 158 157 151 148 147 146 149 152 156 144 143 140 139 242 241 239 232 231 313 225 240 222 230 233 238 237 234 229 243 227 228 226 273 268 262 247 246 252 263 249 248 318 270 271 275 276 297 298 304 310 305 280 279 284 285 291 283 286 290 299 300 309 308 303 301 302 192 193 199 200 205 312 311 307 306 295 293 292 250 255 254 257 261 256 264 272 260 258 259 266 265 269 165 296 166 277 282 287 289 274 315 267 253 251 314 236 235 245 244 224 223 214 215 219 218 213 211 212 109 110 216 217 220 39 38 145 209 138 133 128 125 117 108 113 114 122 121 123 130 131 124 129 132 141 142 119 118 221 35 34 137 136 135 134 127 126 208 120 14 13 116 115 112 111 107 106 4 5 9 8 3 : 577.065
1 2 
1 2 6 7 10 11 15 21 22 29 103 20 23 28 30 31 32 33 104 40 49 316 317 59 67 68 71 78 82 83 85 91 92 96 97 101 102 93 98 99 90 89 86 84 79 77 72 76 80 81 75 74 70 69 73 64 62 63 58 57 105 56 55 50 48 45 44 47 51 54 53 52 46 43 41 42 36 37 39 38 145 154 150 153 155 160 161 210 164 60 61 65 66 87 88 196 197 94 95 100 207 206 202 201 198 203 204 195 194 191 189 190 188 187 183 176 173 172 169 177 182 184 178 181 185 186 180 179 174 175 168 167 162 159 156 152 149 209 146 147 148 151 157 158 163 166 165 269 266 265 260 144 259 143 250 255 258 257 253 256 263 261 262 314 313 110 117 221 264 244 245 248 249 318 270 271 275 276 297 298 304 305 310 309 308 303 301 302 199 306 307 311 312 205 200 193 192 295 293 292 288 281 278 170 171 277 284 285 286 272 279 291 300 280 299 283 290 296 294 289 287 282 274 315 267 268 273 252 251 254 243 247 236 228 238 233 225 220 231 232 241 242 234 229 237 118 239 240 215 214 223 224 219 218 222 227 230 226 246 235 119 109 140 139 211 217 213 212 216 114 113 108 111 106 4 5 107 115 132 124 129 121 122 123 130 131 142 141 138 125 128 133 208 120 126 127 134 135 136 137 34 35 116 112 13 14 8 9 16 17 18 25 26 24 19 27 12 3 : 609.342
1 3 
1 2 6 7 10 11 15 21 22 29 103 20 23 28 30 31 32 33 36 37 35 34 39 38 145 209 149 152 150 154 153 155 160 161 164 210 162 159 156 158 163 168 167 169 172 173 177 182 184 189 190 188 187 183 176 65 66 60 61 63 62 56 55 50 48 45 44 47 51 54 57 58 53 52 46 43 42 41 104 40 49 316 317 59 105 64 69 70 74 75 81 80 76 73 72 77 79 84 67 68 71 78 82 83 85 86 89 93 91 92 96 97 101 102 98 99 90 88 87 196 197 94 95 100 207 206 202 201 198 191 185 181 178 174 175 179 180 186 194 195 203 204 200 199 205 312 311 307 306 302 301 303 308 309 310 305 304 298 297 276 275 271 270 318 249 248 245 215 219 244 223 235 118 119 221 212 313 231 214 232 226 220 121 261 262 264 253 252 256 263 267 315 274 290 285 279 300 299 280 284 291 283 286 296 289 287 294 293 292 288 295 192 193 281 282 272 273 268 165 166 170 171 277 278 269 266 265 260 254 255 259 250 242 241 240 239 230 229 236 233 258 143 144 139 140 122 123 130 131 141 142 147 146 148 151 157 225 238 222 218 213 228 211 216 247 243 246 234 251 257 314 237 227 224 109 110 217 114 113 108 116 13 14 106 111 112 115 120 208 128 138 137 136 135 133 125 117 124 132 129 126 127 134 107 4 5 9 8 16 18 17 25 27 24 26 19 3 12 : 672.905
2 0 
1 2 6 7 10 11 15 21 22 29 32 31 30 33 104 67 130 311 182 310 284 203 194 100 74 177 4 118 5 242 232 265 278 190 112 221 124 233 249 269 300 288 241 149 36 294 207 148 263 160 42 14 13 122 111 234 243 183 291 155 313 250 133 107 106 214 157 142 273 267 174 186 181 201 65 297 91 72 62 179 246 309 295 187 53 51 55 59 63 70 76 88 196 272 211 247 140 121 147 119 231 255 113 228 293 152 205 150 38 287 252 307 167 253 66 173 90 164 230 178 304 138 136 128 127 126 280 162 151 218 279 175 303 277 275 245 227 236 144 166 165 199 204 191 99 89 305 94 69 85 316 49 86 80 172 192 143 244 134 24 27 120 141 115 261 137 145 184 266 219 260 193 216 285 156 281 153 286 206 276 169 87 68 317 71 97 73 154 264 170 83 56 54 50 48 315 318 208 283 159 296 223 98 47 43 41 52 57 176 163 299 195 254 171 257 213 212 95 238 34 26 16 18 224 314 210 77 240 17 19 20 23 28 301 161 251 289 101 256 103 25 135 158 220 116 109 225 239 222 105 40 258 235 93 64 45 92 188 200 197 290 61 58 75 44 82 308 292 131 132 262 168 39 282 180 60 215 271 306 312 189 202 108 46 78 102 84 96 79 81 302 198 229 248 274 298 139 259 268 217 209 125 185 123 226 35 37 114 129 237 146 270 110 117 8 9 3 12 : 3824.14
2 1 
1 97 93 148 174 195 245 223 300 280 179 50 162 207 191 244 279 246 219 84 79 87 60 291 264 301 165 143 259 312 90 234 118 309 218 17 103 150 137 256 55 21 15 6 294 212 268 133 12 151 158 274 205 182 130 125 16 129 113 247 276 238 59 199 172 139 20 70 10 29 272 40 240 248 72 41 120 91 303 45 204 282 175 209 229 255 302 160 298 95 155 311 292 221 222 80 131 47 263 140 108 114 23 180 152 306 239 258 213 251 126 123 31 78 190 63 178 184 127 85 173 206 52 197 134 109 22 171 49 308 44 48 285 185 286 76 260 232 117 81 73 5 297 224 119 181 183 102 317 57 289 226 243 318 145 177 24 86 37 104 66 290 141 168 156 4 253 257 110 225 254 71 307 169 262 284 249 94 176 43 220 149 32 62 112 56 154 18 38 187 196 83 231 36 68 96 64 121 201 267 250 74 188 146 105 106 266 34 186 144 19 200 88 98 53 315 228 236 237 128 77 153 299 270 157 283 216 287 13 2 75 61 281 39 193 101 69 159 166 242 46 35 161 107 261 194 278 89 230 208 136 202 163 132 167 210 192 27 42 11 58 7 217 135 9 273 92 138 67 26 233 203 99 100 269 147 310 235 265 295 293 227 211 288 142 316 8 3 28 14 215 252 304 111 65 30 51 25 170 241 313 189 33 115 122 82 116 124 275 277 296 314 164 54 214 271 305 198 : 5064.64
2 2 
1 2 103 28 21 48 191 200 287 282 247 110 224 271 267 177 273 312 183 206 15 55 51 172 160 198 62 291 292 102 210 142 129 253 234 251 126 32 317 283 311 218 249 100 201 316 204 41 315 171 90 101 69 56 64 82 308 84 80 60 150 163 143 272 114 117 252 228 216 137 281 261 38 266 170 277 208 115 123 300 190 79 268 269 303 306 179 245 152 135 193 178 94 275 299 244 263 213 139 81 293 238 231 187 186 97 188 168 105 313 302 99 305 289 205 180 68 11 10 98 255 107 288 89 18 50 35 151 57 227 85 46 112 19 119 86 270 30 309 23 25 147 120 239 75 52 63 66 127 158 7 6 22 29 59 70 280 109 83 164 161 166 134 173 257 61 136 73 209 212 144 159 189 138 297 124 222 195 184 232 181 153 43 36 47 196 37 5 214 243 113 13 165 236 174 71 87 294 148 95 74 274 259 215 242 132 295 88 278 310 221 106 108 264 258 241 118 140 296 131 92 53 78 44 33 20 26 121 54 145 146 223 133 290 276 93 24 34 130 237 220 233 96 301 262 58 16 314 265 225 141 197 235 65 111 285 157 76 307 154 250 9 256 14 128 8 240 279 156 162 199 194 260 229 230 217 4 116 304 211 248 67 286 185 17 122 298 192 72 40 91 175 42 12 77 169 254 167 27 203 125 104 219 149 155 176 318 3 31 182 202 284 246 226 49 207 45 39 : 4815.48
2 3 
1 2 6 7 10 11 15 21 22 29 103 20 23 28 30 31 32 33 36 37 104 45 40 316 317 49 48 50 55 56 59 105 57 54 51 47 44 41 42 43 46 52 53 58 62 63 64 72 67 68 71 78 82 83 85 84 79 77 73 76 80 86 91 92 96 97 101 102 93 98 99 90 89 81 75 74 69 70 197 190 173 300 110 231 139 302 170 256 262 163 153 275 178 66 189 65 177 293 299 169 289 171 174 183 87 88 196 95 202 206 94 201 100 307 198 191 310 276 225 218 318 147 132 117 108 238 165 226 228 273 280 291 278 195 182 161 152 150 241 234 253 315 251 239 155 160 39 38 35 34 136 135 109 244 166 148 159 265 308 157 257 313 309 156 314 274 290 296 259 193 295 175 164 252 209 154 145 141 266 162 149 119 298 184 187 176 185 272 203 292 286 235 224 268 281 247 306 312 287 168 181 179 283 264 248 215 217 216 263 213 143 122 240 229 142 261 303 301 188 60 61 305 151 237 285 288 294 245 200 297 282 270 214 250 232 242 210 304 212 121 158 271 199 204 258 167 118 211 113 138 137 221 123 124 129 133 219 267 277 284 180 126 120 208 125 130 220 140 146 230 223 106 115 112 243 233 222 114 111 13 5 4 227 107 249 194 172 279 205 207 186 255 254 311 192 269 246 144 236 260 134 127 128 131 116 25 18 27 24 19 16 17 14 9 8 26 3 12 : 2258.97
3 0 
1 2 6 7 10 11 15 21 22 29 103 12 19 133 276 70 169 173 177 200 285 127 5 62 60 65 270 287 301 201 88 176 280 233 262 140 240 234 219 290 256 156 168 309 227 229 274 119 244 279 46 206 205 213 106 242 199 139 4 160 294 271 316 71 312 69 254 238 263 299 153 237 255 217 304 275 124 131 45 51 55 50 101 84 76 183 68 74 91 172 165 283 272 218 166 150 212 141 162 286 89 82 317 40 104 58 36 298 85 241 257 296 245 189 182 197 202 75 86 49 59 105 73 170 129 167 42 97 80 207 174 175 253 305 193 278 159 120 146 268 194 215 281 67 118 64 223 269 243 250 260 16 18 149 151 143 109 121 35 152 214 138 135 220 230 248 318 282 99 93 57 92 87 311 297 142 261 251 284 235 134 291 171 293 116 66 126 303 158 277 300 155 164 249 63 111 246 210 53 163 39 264 122 288 77 181 209 239 157 112 267 26 25 17 113 14 107 216 266 315 117 211 208 236 130 310 195 265 308 81 185 34 187 204 83 102 302 186 47 192 295 137 108 114 222 147 178 191 184 94 314 224 148 95 44 100 61 33 27 24 13 306 259 79 154 37 56 136 307 38 289 125 273 78 98 203 161 198 180 252 228 258 123 231 132 128 144 179 110 9 8 247 226 313 221 292 28 23 20 30 31 32 96 54 48 52 43 196 90 72 225 41 188 232 145 190 115 3 : 4084.58
3 1 
1 110 118 128 119 145 168 295 257 175 185 70 186 172 281 318 283 99 54 55 80 184 143 266 273 261 247 235 282 239 161 250 134 243 267 4 116 302 73 169 90 198 26 16 220 111 14 57 45 84 181 305 87 163 309 194 2 252 199 71 83 113 225 126 159 78 204 183 63 8 52 46 91 200 269 32 125 167 66 197 188 289 152 206 155 31 254 276 296 265 306 224 38 162 293 214 56 40 165 149 58 129 156 30 51 33 232 171 93 48 217 17 36 147 299 195 304 50 96 24 18 212 192 191 275 288 284 107 137 85 35 100 179 244 314 193 133 109 28 229 256 68 216 285 292 207 223 270 317 21 77 166 230 308 310 307 245 205 122 189 313 187 262 140 121 219 279 287 210 209 144 242 297 170 146 234 29 222 64 49 117 7 178 298 114 278 263 277 34 213 142 130 139 218 233 103 226 290 176 236 39 164 177 151 10 5 97 88 173 240 92 272 15 237 255 180 41 47 264 148 131 27 201 123 43 316 37 67 238 241 259 102 280 124 211 160 150 9 108 112 115 203 246 303 86 291 135 174 315 228 53 136 19 23 11 258 274 253 105 153 138 120 157 104 208 249 62 76 60 251 221 98 286 132 271 248 25 158 260 312 106 75 190 94 231 42 59 154 95 182 101 202 20 44 69 227 196 82 3 300 311 301 65 141 13 12 127 6 81 294 61 89 74 22 215 268 79 72 : 5073.97
3 2 
1 2 6 7 10 11 21 40 93 268 42 43 182 129 34 185 179 85 140 276 145 13 108 285 225 236 111 215 171 147 209 95 298 134 155 222 87 194 198 269 76 80 68 244 227 8 120 238 136 309 230 193 304 74 150 153 102 117 122 12 284 110 176 258 186 38 277 290 280 303 267 177 169 75 260 246 257 178 266 146 123 275 114 281 148 138 161 189 160 168 282 50 69 137 26 315 119 106 3 9 252 112 241 90 248 213 127 99 175 130 245 292 62 305 14 192 201 295 259 18 16 24 299 66 70 208 291 52 20 28 195 72 141 313 105 115 23 205 173 157 57 126 133 121 289 79 65 200 89 67 55 317 265 104 124 5 217 156 109 272 191 293 263 181 151 144 113 82 78 86 58 247 17 187 49 207 221 19 27 54 83 202 206 297 231 278 64 240 98 183 45 210 262 219 135 88 170 226 287 296 128 174 279 131 166 229 118 251 283 132 63 25 35 39 235 220 312 228 255 237 180 163 142 270 143 152 274 253 159 61 162 294 249 234 271 308 318 311 167 256 73 96 101 77 233 211 116 216 212 214 243 254 250 158 172 190 47 100 261 218 199 232 301 204 41 239 242 224 273 223 286 149 164 60 71 81 37 36 33 97 203 154 94 91 48 316 32 314 264 300 306 302 165 288 310 196 188 184 46 59 31 29 22 44 125 84 53 197 51 92 307 107 4 56 139 30 103 15 : 4559.61
3 3 
1 2 6 7 10 11 15 103 21 22 29 32 31 30 20 23 28 33 27 24 19 16 17 18 25 26 37 36 104 40 316 317 49 45 48 50 55 56 59 105 57 54 51 47 44 41 42 43 46 52 53 58 62 63 163 272 280 284 282 186 202 196 249 223 286 188 183 66 190 60 238 219 127 125 300 184 205 175 162 141 227 115 13 116 112 113 226 239 34 123 218 231 121 117 111 4 5 137 209 146 293 275 243 247 224 301 279 200 315 169 174 173 290 118 264 265 250 261 244 214 129 232 208 122 139 292 171 302 299 142 240 144 193 269 254 143 156 287 165 291 294 181 204 203 197 176 278 87 178 177 273 274 164 145 39 35 310 257 263 314 276 246 194 308 149 161 187 277 153 150 170 159 38 154 155 270 260 166 199 191 147 307 255 217 229 253 311 298 228 225 266 207 69 70 89 74 75 90 95 198 210 182 167 158 151 271 305 288 262 215 140 289 303 304 296 281 252 230 211 258 222 148 130 135 136 313 110 233 235 237 306 297 201 99 80 73 97 96 79 91 77 92 72 71 86 82 85 84 83 68 67 312 309 259 152 160 157 256 61 318 213 108 14 126 109 221 220 216 124 132 128 134 248 295 192 172 283 245 268 138 131 251 212 133 267 285 236 241 234 114 242 206 65 185 180 94 101 81 76 64 93 78 102 98 189 100 88 168 179 195 119 120 107 106 9 8 3 12 : 2444.94
4 0 
1 2 6 7 10 11 15 21 22 29 30 31 32 33 104 44 47 51 54 57 48 45 40 316 317 49 50 55 56 59 105 64 67 68 71 78 82 83 85 91 92 96 97 101 102 93 98 99 90 89 86 84 79 77 72 73 76 80 81 75 74 69 70 63 62 58 53 52 46 43 41 42 39 38 154 145 209 150 153 155 160 161 164 60 61 65 66 87 88 94 95 100 207 206 202 201 197 196 198 191 194 195 203 204 205 200 199 193 192 301 302 306 307 311 312 303 296 305 276 318 299 310 304 297 309 308 300 298 275 279 291 285 284 290 286 283 252 248 256 269 166 165 260 250 235 253 247 238 239 113 136 137 138 132 124 129 130 216 212 219 271 246 272 257 264 251 259 266 258 261 143 144 142 141 140 313 225 227 139 224 213 236 217 220 233 314 254 268 270 244 263 245 110 109 114 121 122 123 131 226 232 243 237 229 218 265 267 287 277 278 292 293 294 295 288 281 289 282 171 175 189 190 188 187 183 176 173 172 255 214 262 280 273 315 168 186 179 180 184 182 177 185 181 178 210 169 174 167 151 157 170 163 274 158 162 159 156 152 149 146 147 148 211 215 249 223 228 242 241 240 230 222 231 234 221 118 119 14 13 116 115 112 111 5 4 107 106 108 117 125 128 133 135 208 120 126 127 134 34 35 37 36 26 25 18 17 16 27 24 19 28 23 20 103 12 8 9 3 : 927.706
4 1 
1 2 6 7 10 11 12 16 17 18 25 26 27 24 19 28 23 20 103 15 21 22 29 30 31 32 33 104 36 37 35 34 39 38 145 154 153 150 209 149 152 156 155 160 161 159 162 163 158 157 151 148 146 147 142 141 131 130 123 121 122 119 118 225 313 231 232 239 139 140 144 143 250 259 255 258 260 265 266 264 267 269 166 165 278 290 296 299 300 304 310 305 298 273 270 271 280 284 309 308 303 306 307 311 312 205 200 199 302 301 293 274 315 272 279 277 287 282 281 288 171 170 178 184 189 164 210 167 207 175 180 179 168 181 185 177 182 198 203 204 194 191 196 197 201 202 206 100 95 63 73 76 80 84 85 91 92 96 97 101 102 93 98 99 89 90 81 75 74 69 70 62 105 56 55 50 48 45 40 49 316 317 59 47 44 53 58 57 54 51 52 46 43 41 42 86 79 77 72 83 82 78 71 68 67 64 94 88 87 190 188 187 183 60 61 66 65 176 173 172 169 174 186 195 193 192 295 292 294 283 286 289 291 285 297 275 276 263 253 268 256 257 261 249 318 262 254 314 251 214 248 247 238 233 230 240 241 242 243 246 245 235 236 224 226 223 227 228 215 244 252 237 234 218 229 222 219 212 216 110 211 213 220 221 217 109 114 113 117 108 124 129 132 138 137 136 135 133 128 125 208 134 127 126 120 13 14 106 4 116 115 112 111 107 5 9 8 3 : 709.089
4 2 
1 2 6 7 10 11 15 21 22 29 32 31 30 103 20 23 28 33 27 24 19 16 17 18 25 26 36 37 42 41 43 46 52 53 58 57 54 51 47 44 104 40 45 48 50 55 56 49 316 317 59 105 62 63 70 69 74 75 81 90 89 80 76 73 64 72 77 79 86 84 67 68 71 78 82 83 85 91 92 96 97 101 102 93 98 99 95 94 100 207 206 202 201 197 196 88 87 190 189 188 187 183 176 173 172 177 182 184 191 185 181 186 180 179 175 174 178 169 65 66 61 60 164 210 167 168 166 165 259 255 250 143 144 140 139 238 227 236 234 237 247 246 228 229 233 230 313 217 119 118 225 232 239 242 231 314 243 235 253 264 262 256 268 260 261 258 265 263 254 251 226 240 241 252 257 267 266 269 315 274 272 273 280 279 284 285 291 290 286 283 282 287 289 294 295 293 292 288 281 278 277 171 170 192 193 195 194 198 203 204 205 312 311 307 306 200 199 302 301 303 296 299 300 308 309 310 305 304 298 297 276 275 271 270 318 249 248 245 244 224 223 214 215 219 218 211 110 216 212 109 220 221 122 121 141 142 147 146 148 151 157 158 163 162 153 39 154 150 145 38 35 34 137 134 127 120 115 116 13 14 136 133 135 129 124 113 108 117 128 125 138 209 149 152 156 159 155 160 161 114 123 130 131 222 213 126 208 132 111 107 112 106 4 5 9 8 12 3 : 585.478
4 3 
1 2 6 7 10 11 15 103 21 22 29 32 31 30 28 23 20 12 19 24 27 16 17 18 25 26 33 36 37 42 41 43 46 52 53 51 47 44 104 45 40 316 317 49 48 50 55 56 59 105 57 54 58 63 62 64 67 68 71 78 82 83 72 77 79 84 85 91 92 96 97 101 102 93 98 99 90 89 86 80 76 73 81 75 74 69 70 66 65 61 60 164 210 169 178 181 185 191 189 184 182 177 172 173 176 183 187 188 190 87 88 94 95 100 207 206 202 201 197 196 198 203 204 195 194 186 180 179 174 175 168 167 163 158 157 151 147 144 143 250 259 255 258 260 265 266 269 165 166 170 171 192 193 199 200 205 312 311 307 306 301 302 303 296 295 293 292 288 281 278 277 289 287 282 294 299 291 284 290 283 286 274 285 272 315 270 271 223 249 253 257 261 263 267 264 256 262 268 318 273 279 308 309 300 280 275 276 310 304 305 298 297 248 224 244 251 314 241 218 219 245 227 226 236 231 232 220 213 217 119 246 247 234 140 139 242 229 252 254 228 235 243 240 238 233 230 313 211 212 216 221 225 239 237 215 214 222 118 109 110 122 123 131 35 137 138 132 129 124 130 121 117 111 113 114 141 142 209 146 148 149 152 156 159 162 161 160 155 153 150 154 145 38 39 134 127 126 208 120 108 115 4 107 106 112 116 133 128 125 135 136 34 13 14 5 9 8 3 : 652.615
5 0 
1 2 6 7 10 11 15 21 22 29 30 31 32 33 104 45 48 118 213 244 257 158 289 191 95 58 83 67 78 68 85 105 51 54 47 44 167 133 17 18 16 251 270 176 89 80 307 75 221 194 135 305 124 238 66 154 255 242 155 283 229 14 37 249 260 198 234 189 42 46 41 315 237 36 168 294 296 170 265 241 239 150 57 64 93 73 281 293 303 200 308 287 314 52 197 99 91 102 63 53 59 206 288 143 240 227 223 304 136 247 164 218 309 252 60 186 291 202 279 272 258 187 149 39 121 108 145 132 230 233 277 212 312 266 153 101 56 316 49 40 317 86 84 62 263 193 113 318 180 35 282 261 190 128 245 236 225 4 129 163 171 125 232 269 199 295 195 76 77 55 50 71 97 151 162 210 43 98 183 178 184 146 156 116 13 161 299 169 79 204 278 205 196 286 264 310 254 231 273 141 130 120 106 107 127 134 235 311 69 92 74 174 285 65 81 253 280 34 131 313 88 90 142 220 284 203 201 94 188 175 256 126 122 208 152 301 165 185 298 302 182 160 275 166 123 300 137 246 147 209 138 148 144 216 119 157 139 226 271 306 192 179 177 61 96 82 100 72 70 292 250 297 38 159 110 117 268 214 140 181 111 224 109 215 262 274 290 243 112 276 248 222 87 211 115 172 173 207 267 228 259 114 219 217 5 8 25 24 19 26 27 28 23 20 103 12 9 3 : 3591.46
5 1 
1 293 260 281 203 282 235 200 116 175 183 230 90 176 120 202 302 171 267 237 257 258 167 64 36 27 228 231 232 174 190 305 264 98 301 227 146 130 117 105 99 168 138 125 173 75 94 134 241 161 56 23 153 187 77 86 32 76 313 51 60 133 180 31 224 63 102 95 201 249 312 47 52 5 70 156 26 33 78 84 210 215 244 248 87 115 79 85 88 307 311 72 296 24 148 149 147 179 128 177 182 252 265 271 284 53 268 170 150 119 155 131 243 181 318 273 270 310 159 163 118 272 300 25 145 222 111 219 254 288 304 303 68 38 266 14 211 233 291 295 193 65 144 309 121 93 28 103 11 6 132 30 61 212 256 251 92 3 9 112 141 189 8 308 43 109 278 122 107 110 48 44 225 276 208 54 217 261 214 246 269 290 58 7 42 20 275 292 129 247 263 262 178 40 286 108 152 160 186 81 185 101 69 245 4 206 283 221 279 89 126 49 10 114 299 192 197 166 226 238 15 104 29 66 188 80 59 73 97 2 50 12 239 55 127 151 316 306 140 123 154 139 21 297 83 298 314 317 74 62 45 91 218 37 198 277 287 255 142 106 164 135 41 137 124 274 35 57 19 158 100 157 169 223 18 82 191 162 209 236 234 250 184 207 240 199 253 196 172 46 13 113 216 39 213 280 220 229 285 242 17 294 71 259 165 34 195 204 136 16 315 67 22 289 143 96 194 205 : 5003.66
5 2 
1 2 6 7 10 11 15 21 22 29 19 28 38 95 140 121 129 70 46 52 53 57 105 76 90 172 200 196 99 79 82 285 307 156 242 112 134 258 34 116 123 147 195 257 311 155 152 254 245 119 208 131 193 276 220 269 111 107 282 292 302 203 44 312 205 281 98 218 228 74 268 135 58 253 300 295 289 39 146 43 92 68 190 207 118 288 310 217 127 227 192 50 51 271 233 124 80 266 168 174 145 315 209 241 278 96 277 280 202 184 167 162 188 267 229 130 237 211 230 262 256 215 232 132 137 14 115 259 296 17 143 126 212 221 88 78 72 317 33 27 24 42 151 136 316 40 47 297 210 8 138 274 306 244 250 66 94 61 97 77 204 273 100 201 12 25 301 238 160 223 235 246 185 197 194 265 264 226 144 166 149 179 87 299 294 170 313 114 141 270 159 148 120 163 16 18 13 139 122 225 243 287 314 308 186 187 164 93 75 71 37 198 81 45 101 157 150 62 189 283 89 59 85 84 206 180 165 305 216 133 261 219 106 117 279 249 158 303 231 171 154 252 298 177 153 260 263 318 113 109 125 3 9 181 110 142 67 41 304 251 64 104 63 240 275 222 214 128 248 161 55 169 102 32 49 272 5 191 86 73 65 60 4 35 91 290 26 255 173 234 284 183 36 31 30 23 103 20 69 236 309 182 178 54 56 291 247 175 176 83 213 48 239 108 224 286 293 199 : 4199.2
5 3 
1 3 8 9 17 16 18 25 26 24 27 36 37 70 78 77 90 88 94 202 196 198 186 263 289 180 175 210 168 100 204 187 189 87 249 188 306 200 308 286 199 169 154 39 38 145 150 155 152 142 141 149 153 282 298 233 238 232 314 292 177 181 301 156 148 270 291 300 267 225 221 227 211 110 109 212 216 220 230 260 266 262 171 311 207 95 283 226 237 234 224 213 215 218 222 243 248 236 242 240 247 245 253 265 315 297 192 183 190 164 157 161 203 307 278 170 290 250 264 259 305 310 205 294 244 165 284 275 239 140 255 257 252 229 313 114 113 108 106 107 111 112 4 5 14 13 116 115 132 123 129 124 121 122 217 214 256 279 309 223 235 144 318 147 146 288 280 231 273 241 254 219 119 251 296 277 118 139 268 258 143 276 304 120 126 117 127 208 125 128 133 134 135 136 137 209 151 162 160 261 174 293 312 281 159 163 287 167 228 130 131 138 35 34 166 158 269 193 274 303 195 191 197 182 178 179 185 201 194 184 65 172 66 99 206 302 295 285 272 246 271 299 82 91 102 101 64 105 57 54 51 48 45 44 47 58 53 52 46 43 41 42 61 173 60 176 98 97 84 93 76 80 73 72 96 67 68 71 85 83 92 79 86 89 75 81 74 69 63 62 59 316 317 56 55 50 49 40 104 33 32 31 30 28 23 20 19 12 29 103 22 21 15 11 10 7 6 2 : 1803.36
