0 0 
1 154 141 119 152 244 136 69 78 207 96 125 49 64 178 314 300 195 265 270 250 279 95 66 199 189 234 297 226 288 230 262 232 106 149 52 48 51 57 148 289 4 291 227 162 171 275 130 306 283 150 138 38 151 16 225 186 53 264 185 315 261 176 59 71 74 142 3 147 192 258 219 237 267 307 304 241 290 128 217 302 36 155 187 198 286 271 249 266 269 135 280 317 72 63 310 60 7 233 170 293 301 282 32 159 33 9 89 83 68 122 109 121 157 88 184 54 41 113 22 316 56 97 313 110 201 190 26 222 70 273 248 223 5 131 99 309 318 183 39 160 28 278 263 211 18 42 20 107 13 169 93 35 21 224 115 118 8 216 133 108 292 303 85 102 94 174 296 243 235 253 76 254 123 140 117 240 294 137 23 166 182 197 284 305 90 168 165 79 43 287 194 236 14 156 259 134 268 228 260 209 161 132 31 172 100 145 86 104 112 2 218 10 181 212 206 180 139 242 255 55 143 204 188 98 124 129 215 203 77 277 111 12 37 87 75 252 158 312 205 101 24 164 146 17 62 27 91 221 44 281 231 274 173 15 127 214 163 191 67 285 80 220 34 30 29 46 202 73 105 276 272 11 45 208 19 308 298 114 84 81 58 120 25 92 210 196 179 65 251 167 246 61 144 299 200 126 247 256 175 295 257 193 6 311 213 177 153 47 50 40 82 245 116 103 238 229 239 : 4988.6
0 1 
1 9 124 263 61 121 68 79 92 86 204 136 188 26 18 138 134 208 220 62 41 281 224 307 91 30 24 163 135 42 197 172 194 125 266 190 152 65 306 5 111 126 232 139 196 177 251 227 292 97 54 255 252 304 228 260 297 123 93 104 11 50 58 70 74 102 313 233 161 207 184 295 291 273 294 143 165 88 189 201 103 130 193 209 200 129 133 3 99 156 29 38 246 264 144 258 310 179 95 114 13 117 308 211 21 256 183 223 259 195 69 162 128 257 112 282 198 229 245 77 43 275 118 39 52 178 185 271 301 298 140 235 219 230 45 84 288 249 314 267 40 181 289 167 142 122 270 242 287 2 213 51 296 215 131 277 202 214 226 146 132 147 250 231 253 15 106 176 83 149 155 286 174 90 217 158 243 109 199 305 317 82 56 44 85 159 284 290 239 293 98 81 4 76 71 248 265 241 20 254 108 119 110 154 36 205 141 87 182 96 137 148 153 127 283 225 203 187 302 309 269 268 53 55 240 180 66 285 170 67 238 171 274 175 300 206 312 27 151 89 35 107 10 7 49 101 63 105 262 216 318 32 59 244 46 210 186 145 28 191 73 237 17 23 150 164 57 115 166 78 315 80 160 212 279 47 72 19 316 33 120 157 247 6 168 37 48 299 60 22 25 280 100 75 64 173 221 169 94 31 218 234 311 303 222 236 272 14 12 116 113 261 16 34 276 278 192 8 : 4981.22
0 2 
1 77 120 314 5 9 35 74 95 263 307 158 165 22 40 3 138 126 115 23 169 118 256 295 87 70 65 313 139 63 284 293 78 150 130 285 10 62 257 135 37 119 268 67 208 246 52 83 181 129 270 226 259 233 308 309 253 278 152 36 46 218 221 167 220 216 148 267 254 15 4 311 177 68 8 198 180 29 59 215 235 102 297 274 249 33 19 265 26 125 73 153 176 39 287 166 133 272 243 58 196 96 204 231 21 32 16 145 260 247 304 173 48 94 225 250 42 49 302 281 305 202 93 60 187 89 290 121 282 203 286 280 296 248 210 303 79 84 168 123 86 106 136 219 154 240 117 149 310 279 179 38 197 72 294 172 69 276 110 262 255 232 318 283 191 299 57 258 47 85 25 134 228 175 264 273 301 101 111 2 109 112 18 212 127 291 271 45 17 211 146 244 142 193 131 34 104 288 107 27 75 206 128 236 137 241 189 132 28 234 114 12 266 207 315 223 239 277 156 147 163 269 116 174 182 92 151 201 41 66 55 205 183 80 20 31 54 90 105 43 185 194 44 200 88 13 64 50 81 6 14 30 103 213 195 261 312 113 164 188 61 141 186 56 140 24 76 99 11 229 222 122 97 306 199 184 224 192 214 108 157 251 143 238 7 155 82 289 252 245 298 292 300 242 124 144 170 317 162 160 227 275 159 51 316 209 100 237 98 190 53 71 91 178 217 161 171 230 : 5093.15
0 3 
1 227 268 122 197 96 61 38 41 180 84 195 186 144 50 232 211 193 305 154 315 231 116 228 31 194 70 28 255 118 5 121 258 34 37 182 87 183 173 60 175 102 317 296 265 300 149 240 217 157 200 220 234 127 19 185 18 29 208 63 71 309 301 273 81 67 248 156 108 239 164 141 158 123 172 279 83 45 79 263 275 236 189 33 114 76 4 153 178 282 103 266 272 292 184 203 285 138 21 316 243 106 110 284 306 26 62 196 92 68 47 137 221 22 3 151 304 295 312 160 147 56 58 288 289 13 99 188 65 224 17 73 213 278 136 269 6 80 23 107 199 112 36 59 129 120 24 125 135 166 261 298 90 115 75 177 32 15 294 311 302 280 97 49 308 262 139 250 131 303 283 214 148 253 40 233 140 281 252 212 146 95 181 30 152 245 52 78 202 192 307 204 198 14 246 134 276 11 20 225 86 53 229 187 82 205 274 104 238 226 291 277 124 42 130 72 201 142 254 117 210 39 219 66 35 191 48 209 223 132 128 163 256 119 43 57 216 237 247 230 190 155 235 222 318 169 159 241 69 260 293 251 249 126 287 170 171 167 101 77 55 259 133 44 174 25 16 297 242 162 286 267 215 314 257 299 74 310 179 27 46 111 98 64 88 105 94 100 168 2 51 264 89 176 206 93 54 85 150 8 143 207 91 313 109 12 113 165 270 271 290 218 9 10 7 244 161 145 : 5051.96
1 0 
1 19 141 208 124 25 161 304 257 147 129 242 180 172 22 38 96 53 155 109 153 168 297 148 256 44 107 158 118 10 140 301 21 138 2 142 94 171 278 55 114 228 57 51 192 215 268 246 266 150 317 15 216 199 302 110 54 191 306 85 99 40 56 308 290 270 284 305 60 102 23 243 64 307 206 100 145 214 226 244 46 201 248 135 83 43 108 213 313 59 76 232 52 189 203 86 87 45 173 42 26 20 291 275 283 182 312 238 73 273 285 296 81 82 196 6 194 200 231 236 162 210 255 123 121 18 101 288 280 151 157 259 219 111 119 115 164 7 104 68 105 188 143 318 315 197 62 116 207 154 132 265 260 63 303 27 309 311 4 58 292 247 163 89 117 127 267 277 220 287 264 80 316 294 134 91 167 34 159 190 221 35 222 136 78 239 131 33 113 29 183 179 300 202 9 37 253 67 234 146 90 17 139 254 281 299 14 212 209 70 11 160 13 30 130 229 233 230 95 187 289 177 98 165 193 77 310 249 133 250 225 198 240 235 205 112 227 122 88 69 298 276 223 128 314 217 185 175 71 92 84 47 184 79 170 218 186 272 152 36 8 24 245 176 174 282 293 39 169 48 279 31 12 16 65 211 195 5 106 74 274 178 251 262 271 286 144 258 103 149 224 41 50 28 181 75 66 237 120 241 252 263 61 32 137 72 261 166 125 269 93 49 126 3 97 295 204 156 : 5141.37
1 1 
1 202 66 98 307 184 85 10 22 70 164 266 154 9 13 6 15 57 175 16 21 156 217 114 135 150 116 283 52 225 42 204 289 163 279 26 137 294 123 198 111 30 168 115 157 281 291 296 302 269 73 62 162 103 125 140 65 86 45 84 3 174 117 74 49 247 267 169 33 180 304 55 293 273 223 44 92 96 194 276 311 263 171 51 203 170 32 17 83 215 59 188 167 206 94 227 236 245 237 108 77 240 232 119 284 197 230 8 182 249 264 300 280 141 130 238 102 28 39 158 122 231 292 259 212 34 134 120 20 290 56 282 301 298 226 185 161 177 224 25 38 71 149 306 148 309 146 23 138 172 287 218 242 195 244 37 143 200 277 209 142 124 54 285 89 268 5 274 35 50 213 271 214 286 90 60 278 233 210 265 191 75 131 222 127 186 80 78 105 24 58 241 72 81 104 288 252 295 260 192 4 254 243 110 118 228 314 128 12 144 100 178 183 87 205 145 126 310 219 179 152 235 190 132 2 95 147 313 91 251 176 165 253 99 317 29 43 31 318 27 11 199 312 189 101 201 64 297 139 250 315 160 257 109 46 67 97 113 7 112 106 299 261 173 93 63 181 82 255 256 14 208 248 221 275 258 196 308 159 272 187 47 216 316 155 153 36 40 88 79 19 151 262 270 303 68 207 69 136 61 234 229 133 246 220 239 305 48 166 76 53 41 18 107 121 193 129 211 : 5130.54
1 2 
1 229 237 246 161 14 240 122 199 6 269 222 230 267 82 96 180 94 2 28 189 311 150 56 224 146 136 33 60 265 270 66 209 79 40 232 24 117 154 65 59 10 50 102 187 253 249 90 206 278 121 5 214 142 268 30 97 100 239 211 98 294 192 287 41 295 235 7 184 250 105 138 277 286 148 231 173 113 293 221 205 288 23 70 170 183 186 304 300 164 182 11 72 296 95 317 158 197 202 103 4 282 306 69 88 116 208 291 145 303 84 263 125 120 39 112 32 78 177 254 26 18 49 76 83 310 155 137 256 315 284 108 314 115 132 179 242 152 44 210 185 52 64 93 73 75 259 45 207 135 200 48 43 144 168 258 53 160 302 194 318 273 151 38 19 204 62 134 201 307 195 159 156 218 123 227 118 255 280 111 275 251 157 63 89 68 31 297 301 169 262 292 8 36 309 271 16 37 58 29 233 165 71 203 264 191 141 119 167 34 147 128 198 312 86 25 131 85 248 281 236 313 243 92 74 15 247 305 46 3 176 61 67 223 149 133 215 241 279 308 13 153 193 143 35 54 77 55 166 163 290 124 225 283 21 51 298 228 127 226 316 289 20 213 107 106 91 81 299 261 257 276 212 260 174 17 42 104 47 178 110 217 190 220 234 129 188 171 140 272 130 216 238 109 219 245 162 285 181 12 99 101 172 196 126 114 244 139 175 266 87 274 252 80 27 22 57 9 : 5125.47
1 3 
1 290 96 73 172 55 191 92 93 111 250 220 154 176 88 76 16 46 33 3 182 24 7 32 66 247 185 99 201 17 155 51 136 12 20 56 252 254 177 292 134 206 35 235 121 225 153 210 64 114 214 159 299 173 72 68 4 120 174 297 227 105 113 215 10 203 87 74 118 258 285 284 312 265 242 179 106 147 257 263 196 288 98 57 255 95 61 202 67 138 160 251 190 123 148 60 21 269 223 305 163 117 139 48 217 302 313 283 143 301 133 149 204 65 224 289 298 300 164 286 175 180 307 291 161 178 13 44 315 102 274 85 282 101 54 75 58 116 36 260 264 246 169 271 86 144 25 189 137 276 256 219 9 26 23 30 62 90 110 303 216 162 40 193 183 79 296 275 229 278 50 132 244 107 128 28 37 168 151 184 181 166 27 124 192 11 268 188 59 71 167 186 89 198 158 145 243 314 152 131 122 238 42 277 52 97 187 41 207 115 230 249 294 212 316 47 141 208 5 31 29 156 211 43 39 19 171 218 310 248 245 262 135 126 22 197 69 94 91 2 100 213 259 205 280 165 38 125 129 78 293 287 308 222 273 266 77 304 228 199 140 150 281 209 279 295 311 232 239 306 112 8 236 221 233 195 109 157 146 14 6 81 45 317 237 231 49 200 80 130 127 272 83 119 234 318 253 226 170 104 53 63 261 267 103 309 142 70 270 240 241 15 84 194 82 34 108 18 : 5082.58
2 0 
1 271 143 13 240 301 83 154 44 155 80 149 45 57 148 158 21 274 140 186 173 82 98 176 69 91 293 198 290 85 36 269 241 7 288 294 278 54 181 245 72 238 226 291 194 49 284 170 228 11 17 133 174 296 50 132 266 75 61 229 259 99 119 237 232 248 90 20 35 183 272 95 2 159 299 306 162 88 28 156 214 252 55 203 165 286 117 126 201 188 77 26 25 103 268 243 287 298 64 79 66 123 109 120 136 145 113 199 112 138 168 189 84 146 87 39 279 277 22 56 209 101 67 249 246 312 313 242 23 6 96 37 134 40 219 137 163 273 256 308 106 8 202 254 216 265 192 92 86 251 264 261 281 311 283 234 70 65 52 253 222 247 122 300 118 139 289 318 295 16 224 193 93 307 167 309 276 217 197 128 5 178 172 121 235 230 236 297 166 180 100 185 303 270 227 223 206 89 63 33 169 190 282 280 110 175 184 24 27 30 263 41 239 314 244 315 233 225 74 48 46 161 115 262 285 14 153 260 62 317 305 211 275 53 12 43 68 187 205 9 78 97 160 210 141 135 18 47 38 129 258 144 250 152 102 15 215 130 29 131 150 164 10 221 220 73 58 171 124 94 125 182 207 208 42 81 76 195 191 104 127 218 142 32 111 213 59 302 4 114 316 71 196 255 31 310 304 147 151 108 116 107 267 257 157 292 231 19 204 177 179 200 34 3 212 60 51 105 : 4994.43
2 1 
1 97 102 78 143 304 113 76 29 130 231 41 246 313 42 294 12 228 276 273 39 157 251 114 278 242 191 66 293 306 202 32 266 72 281 168 111 80 145 8 288 271 262 259 155 194 25 315 275 128 34 207 19 109 147 214 204 200 74 235 317 23 30 14 213 134 150 257 95 100 11 26 272 287 88 152 129 63 162 186 175 158 20 196 61 208 318 136 67 21 81 65 44 54 298 284 177 274 24 45 268 36 94 187 10 218 125 82 106 55 283 116 52 33 140 236 77 127 301 188 48 22 51 56 170 85 220 166 103 123 5 91 133 3 43 240 253 248 92 96 148 112 238 254 117 69 98 75 73 124 99 79 299 260 164 270 256 86 255 316 4 31 161 105 132 90 146 7 225 182 221 167 178 83 47 217 285 2 212 87 195 261 282 303 206 38 179 60 6 184 172 249 245 181 223 141 269 244 153 305 297 250 163 151 201 209 137 53 309 311 169 27 84 101 174 176 205 292 289 243 197 193 49 135 203 290 233 226 139 104 13 122 138 302 173 265 264 312 50 9 210 89 71 307 35 70 241 314 216 58 180 93 295 247 192 258 183 37 310 224 263 229 252 131 232 219 277 267 296 15 59 215 62 149 57 40 68 190 280 144 118 121 28 107 239 198 126 120 211 119 286 222 185 189 142 154 234 230 279 291 159 156 160 199 227 110 64 308 300 237 171 115 165 108 46 17 16 18 : 5199.96
2 2 
1 156 305 168 205 100 91 37 169 209 115 200 97 87 315 284 298 234 300 250 228 173 273 303 239 210 116 59 27 187 180 265 50 233 256 138 78 318 204 44 213 191 125 135 6 108 123 189 271 128 134 139 308 176 69 40 32 157 230 219 107 216 310 57 131 285 297 161 211 215 286 8 195 48 103 255 147 245 47 54 201 154 149 83 202 192 247 196 41 93 88 130 20 67 55 288 150 39 227 226 229 28 61 113 253 252 218 68 60 251 264 94 249 145 243 208 306 117 13 172 266 137 220 106 296 275 42 259 35 146 186 4 132 65 302 283 291 177 76 105 21 122 118 214 163 178 262 270 167 24 36 222 311 162 111 70 290 299 282 190 56 244 121 159 53 114 43 3 279 5 64 82 182 223 71 152 241 224 238 15 16 212 89 85 49 9 112 160 257 166 84 287 170 165 77 307 25 175 63 72 102 246 179 304 92 124 52 242 120 274 46 184 136 17 51 75 158 240 127 19 33 144 174 185 309 281 248 236 164 141 38 34 90 80 188 73 74 198 258 181 207 278 313 221 312 31 143 142 183 231 280 267 101 96 277 301 203 29 235 293 199 18 133 232 119 66 95 81 12 10 79 263 140 62 7 45 2 272 197 317 254 206 153 194 316 104 171 151 86 99 98 155 289 295 148 269 109 268 225 30 261 110 292 129 193 276 294 11 26 126 23 217 314 260 237 58 22 14 : 5144.47
2 3 
1 48 178 200 26 15 30 208 36 229 199 169 20 4 116 307 219 27 306 173 292 180 301 189 53 37 228 141 224 6 63 134 69 84 41 90 68 25 56 305 136 159 230 81 124 9 23 235 71 291 259 297 260 243 242 238 206 311 144 267 193 14 217 163 239 79 318 149 252 247 250 130 113 2 38 223 123 137 261 52 227 59 211 17 64 78 203 168 49 8 184 120 284 263 204 82 47 103 106 285 283 299 39 77 177 170 16 157 60 122 24 131 129 287 176 46 119 118 161 194 270 254 246 175 74 155 151 188 182 317 61 162 57 108 62 279 145 274 262 213 12 7 85 251 140 167 83 102 308 19 3 28 277 300 179 288 256 5 214 191 185 275 58 40 154 181 236 294 196 281 114 11 222 202 190 95 286 245 192 143 226 255 264 142 75 31 195 309 138 289 221 240 237 44 50 303 253 55 186 295 21 115 216 110 112 34 232 164 80 107 241 231 133 109 152 172 209 135 104 271 298 101 86 268 166 212 76 98 171 269 198 153 160 146 293 127 94 13 233 304 139 290 310 218 265 257 187 87 100 313 248 249 276 183 92 70 150 280 258 165 158 89 225 33 174 88 91 66 29 32 302 315 132 205 314 244 201 316 51 67 99 96 117 266 282 10 45 278 126 215 234 156 72 93 125 296 220 272 197 273 121 147 22 42 35 65 128 18 54 73 210 105 148 207 312 97 43 111 : 5035.3
3 0 
1 18 49 40 143 115 148 97 164 77 190 87 171 110 7 210 173 278 22 116 9 126 137 135 140 5 15 306 142 37 28 85 108 232 269 184 206 187 299 296 33 88 64 300 292 297 223 146 112 81 41 95 105 56 82 228 266 99 101 84 86 212 13 186 209 314 16 229 237 156 100 93 47 316 318 192 58 19 242 285 247 271 282 254 177 311 182 262 169 44 270 222 3 71 2 216 249 167 220 163 46 51 189 188 98 166 312 134 75 234 233 215 277 230 160 226 12 117 193 246 258 208 102 45 35 305 68 106 238 42 183 279 267 241 145 34 261 29 120 317 150 14 243 31 129 263 245 147 260 257 280 287 309 281 295 54 162 180 191 11 43 168 178 124 252 203 227 185 288 55 175 170 204 20 63 273 265 275 298 284 231 136 113 114 250 276 4 217 236 219 109 122 198 244 118 179 133 65 181 153 259 132 6 50 302 78 96 103 283 60 72 123 304 248 294 67 293 202 194 80 52 264 286 195 32 272 90 253 61 174 62 48 104 307 315 290 59 111 23 10 256 74 127 251 155 76 94 201 310 158 274 27 213 240 152 224 218 225 235 303 196 141 268 70 79 176 8 128 172 21 159 121 139 157 207 53 17 107 89 92 211 39 138 25 301 291 149 154 57 30 26 200 199 144 69 239 38 131 125 313 151 66 205 255 161 83 73 197 130 119 165 24 36 289 221 91 214 308 : 5033.05
3 1 
1 15 68 195 289 160 60 20 64 187 109 7 32 117 39 144 229 120 125 136 53 288 23 3 8 159 312 90 201 30 184 290 230 293 240 114 121 31 49 181 98 251 307 286 260 26 95 277 41 283 36 45 124 145 13 153 70 188 42 186 200 157 128 208 219 14 303 295 205 33 236 226 100 297 101 198 308 243 227 255 294 291 257 126 11 10 211 22 27 54 164 314 313 148 151 209 281 271 87 2 111 149 61 78 75 253 249 97 280 19 256 305 287 244 6 285 202 266 29 199 143 241 317 17 12 94 238 274 214 311 67 89 65 93 196 106 156 63 56 44 203 225 66 217 315 161 115 146 268 91 108 162 79 221 140 284 269 296 102 165 166 242 107 51 318 190 24 139 127 261 273 265 207 182 270 138 279 150 18 21 191 52 57 215 16 316 194 210 310 113 173 38 275 262 103 25 259 9 282 218 246 105 264 37 74 50 104 189 122 92 170 213 183 110 228 278 247 220 232 119 216 142 267 86 84 212 252 176 116 197 179 204 301 168 222 163 77 88 235 28 172 302 223 298 309 112 131 233 85 96 130 306 175 231 169 72 137 245 135 192 155 299 276 237 152 154 133 82 99 129 174 73 71 5 118 234 300 248 263 171 193 177 224 304 123 250 292 35 272 132 206 239 62 40 4 59 47 34 134 141 69 180 81 58 147 80 48 55 83 43 178 46 258 185 76 254 158 167 : 5207.8
3 2 
1 26 317 95 46 52 165 265 300 299 127 6 25 222 242 223 69 113 91 96 252 249 149 103 209 142 160 231 90 187 279 208 207 306 102 219 244 258 276 239 186 5 199 79 132 93 3 238 188 100 50 162 301 161 211 19 159 315 295 201 147 156 240 247 22 128 119 181 104 72 48 283 257 230 146 164 272 124 228 13 304 140 78 278 196 86 167 87 296 309 193 221 35 73 12 200 269 260 314 250 256 175 197 4 190 138 121 180 109 64 94 110 137 71 58 235 316 275 303 7 274 277 152 227 288 253 285 163 8 44 302 305 245 282 43 57 53 206 143 225 135 123 33 145 151 194 154 150 226 254 268 45 15 263 184 214 273 70 185 264 133 267 259 291 169 237 280 82 198 2 195 173 38 218 213 246 308 179 204 118 229 67 59 220 266 281 34 210 76 166 284 170 217 157 14 182 99 270 11 62 261 101 312 65 191 30 243 126 148 224 134 98 232 47 92 89 183 168 215 313 310 171 81 105 153 216 155 74 84 129 85 108 40 32 10 36 55 24 141 29 234 294 31 106 136 23 177 117 107 83 255 97 42 271 60 176 112 114 28 131 111 120 144 212 66 51 286 174 293 311 130 287 298 192 115 122 233 16 49 88 189 39 251 116 61 203 158 80 178 241 292 18 75 56 20 54 63 9 202 236 318 290 21 248 262 27 68 37 41 77 172 297 307 289 125 139 205 17 : 5277.15
3 3 
1 57 60 266 236 311 186 100 65 86 154 280 191 278 105 144 133 195 216 120 48 145 35 296 210 231 227 189 272 215 263 7 6 55 10 276 130 106 114 257 62 314 31 63 80 251 247 228 132 158 233 310 287 284 234 110 243 305 242 184 90 76 41 108 11 58 271 302 212 37 317 135 122 298 168 51 9 253 259 124 200 173 115 46 267 221 176 250 151 183 77 92 312 301 47 3 96 178 138 142 24 50 269 187 239 126 211 177 159 134 28 95 246 103 223 293 4 71 136 213 123 262 101 268 165 300 188 107 78 169 220 157 166 288 83 316 15 52 286 249 232 308 13 214 229 299 175 69 88 174 119 84 273 218 252 254 5 171 193 199 85 33 23 18 64 172 237 289 190 118 128 121 238 40 241 143 12 29 224 261 43 295 117 279 240 94 206 73 102 56 45 309 150 248 202 21 152 153 201 98 82 225 222 164 245 113 131 203 318 198 194 256 81 17 14 217 170 192 163 8 91 42 235 74 315 207 27 54 39 125 141 148 162 30 93 26 290 219 306 291 270 283 155 156 161 297 244 205 275 274 277 99 68 209 25 66 304 292 179 285 185 140 109 281 180 129 70 36 44 230 61 147 204 255 137 307 139 111 2 127 208 34 20 72 22 32 49 112 116 38 19 226 282 59 16 104 97 196 258 313 265 182 53 89 260 79 67 197 160 146 181 294 167 149 303 75 264 87 : 5090.15
4 0 
1 149 98 78 39 3 113 151 315 239 7 28 8 72 31 47 50 281 227 270 297 235 290 299 60 312 166 234 313 184 67 155 257 276 123 229 221 197 53 252 174 66 94 65 76 280 190 125 111 16 268 140 222 118 189 102 90 23 147 119 169 273 99 302 160 82 265 122 232 241 49 136 173 43 264 278 214 231 5 64 246 259 284 267 143 30 310 306 117 165 187 34 55 74 159 279 51 271 219 130 144 157 211 220 262 275 277 163 26 110 139 202 80 224 104 91 92 274 156 83 205 307 88 127 18 115 209 247 158 213 288 237 308 59 269 179 210 244 298 172 121 96 182 40 126 180 291 79 309 295 248 24 272 87 193 294 25 17 162 178 86 171 293 296 84 230 62 116 20 77 68 9 35 71 58 249 300 112 19 12 314 150 46 263 217 318 10 303 301 137 89 36 176 304 93 183 95 194 201 254 238 128 285 181 289 164 114 170 6 260 218 212 15 75 177 45 61 261 37 228 132 142 233 226 81 56 97 287 108 146 124 168 242 206 63 101 316 152 203 204 192 161 175 154 29 120 14 243 32 48 70 198 250 57 27 109 133 145 208 135 22 33 282 266 100 191 129 255 256 195 107 134 11 4 2 236 41 106 311 148 138 258 188 286 153 105 251 215 44 103 42 73 52 305 245 200 196 167 225 292 240 216 223 38 199 253 185 317 54 186 141 283 13 21 85 207 131 69 : 5132.79
4 1 
1 115 42 59 214 185 178 65 120 110 271 239 240 22 126 37 277 143 289 229 114 44 112 255 290 256 226 198 72 213 116 102 68 279 309 92 205 285 91 164 261 200 64 9 272 89 195 34 47 45 299 5 179 207 97 145 173 186 51 99 176 84 117 224 211 246 14 241 147 218 119 58 297 291 191 189 202 209 215 50 94 127 257 169 125 98 236 62 194 180 263 105 93 258 247 109 104 158 108 260 242 73 311 293 165 267 138 132 27 135 280 174 12 140 141 183 129 39 103 48 228 49 40 298 283 188 26 307 210 274 275 292 259 250 252 61 35 157 118 3 29 161 217 306 13 313 234 79 201 95 243 101 181 167 301 171 75 131 15 222 63 122 318 154 230 282 251 304 276 287 86 100 18 305 220 24 111 133 52 245 152 162 43 20 262 238 36 170 33 78 66 136 106 146 166 130 137 38 316 294 96 206 253 235 264 107 196 57 237 223 221 227 300 28 244 225 121 32 123 7 17 23 21 41 144 16 83 69 153 90 168 25 270 192 54 317 231 149 30 76 55 172 87 269 128 6 2 8 113 11 77 197 151 70 212 232 160 216 268 208 139 85 19 148 150 175 177 286 296 182 142 156 273 134 295 204 159 254 302 60 163 278 284 315 233 190 184 80 88 82 53 187 124 281 303 249 266 74 56 10 31 71 312 314 203 193 308 155 4 46 81 67 288 199 310 219 248 265 : 5084.5
4 2 
1 11 227 152 252 64 223 148 76 273 311 237 303 193 210 153 115 281 299 214 222 15 20 53 87 31 248 234 97 195 215 277 287 264 162 23 221 218 66 298 126 317 131 232 135 106 236 37 38 32 5 94 89 50 39 185 246 147 86 3 18 28 48 137 175 36 45 29 22 184 173 235 230 49 170 103 52 198 190 171 310 187 205 305 306 207 164 57 69 85 209 129 132 202 92 260 25 285 297 68 70 251 270 123 7 280 274 142 144 258 217 110 54 266 98 291 55 73 182 271 233 289 128 169 90 178 139 294 13 130 159 107 196 65 60 62 208 102 100 255 160 267 163 316 4 30 228 282 315 239 224 225 146 114 151 261 229 254 149 109 27 93 2 101 168 140 125 296 300 108 41 46 16 269 241 82 134 192 180 40 44 150 200 244 256 143 314 81 206 304 84 77 14 265 122 10 51 242 189 95 155 275 283 120 67 116 307 308 12 240 63 17 21 79 59 83 42 141 243 118 6 112 259 35 226 88 204 188 34 133 117 167 212 312 165 276 290 105 145 74 138 318 263 119 26 8 111 157 253 47 250 247 161 293 216 302 295 181 191 257 58 313 286 245 278 174 33 24 203 61 158 179 43 99 199 249 213 177 78 154 176 9 91 186 268 166 284 194 197 113 238 292 80 72 183 309 262 272 56 201 127 19 71 124 220 219 96 288 279 104 231 211 301 172 121 136 156 75 : 5089.79
4 3 
1 296 100 148 10 7 140 66 73 137 291 224 185 25 209 60 51 157 310 84 278 245 118 192 205 274 285 159 294 19 9 35 88 179 99 194 108 114 240 307 286 182 104 258 68 93 133 202 162 127 243 318 139 142 13 290 260 230 156 308 21 54 198 264 303 267 171 190 146 78 11 287 316 136 12 102 228 239 275 235 95 96 62 64 183 81 206 72 106 59 299 253 249 155 147 284 242 71 29 164 259 176 2 89 204 63 120 110 163 174 219 97 283 8 213 304 191 317 261 269 218 220 201 126 129 55 145 257 244 207 203 227 282 234 223 16 217 172 254 30 52 28 65 313 125 57 24 116 175 173 236 158 312 168 232 247 222 225 91 76 181 26 134 197 150 40 111 6 113 167 124 130 107 69 135 98 79 77 101 74 199 138 277 115 56 43 187 37 15 302 33 58 90 263 306 61 272 212 241 276 92 177 42 193 166 105 189 186 94 50 289 161 53 131 200 86 14 252 301 160 70 112 246 122 144 196 128 165 314 119 231 262 215 271 281 288 305 5 22 38 273 255 256 143 226 27 3 18 46 293 300 297 311 238 41 109 211 34 80 250 141 216 49 32 103 229 221 123 31 85 154 23 67 188 170 237 270 214 248 121 169 251 309 82 36 151 87 208 39 233 149 298 20 295 280 48 17 83 44 132 45 315 292 4 268 265 279 153 180 178 195 117 152 210 184 75 266 47 : 5142.41
5 0 
1 121 118 299 89 280 26 275 7 127 61 126 182 271 134 51 128 82 253 270 218 240 237 283 166 234 292 298 180 94 37 137 46 11 163 158 65 114 186 81 9 214 285 77 308 179 42 88 294 54 260 269 216 181 220 142 145 190 151 241 312 131 184 175 64 243 273 302 3 116 93 201 100 49 2 154 231 27 169 80 74 277 109 261 17 43 79 185 249 18 31 32 152 189 103 55 195 192 227 16 41 52 86 71 204 188 174 202 315 256 279 33 28 24 167 212 113 119 213 133 45 187 13 247 307 193 274 124 311 205 258 278 284 210 53 47 96 98 157 225 301 15 83 168 5 159 242 146 196 34 117 148 264 50 107 22 69 194 267 255 286 191 219 92 87 58 153 244 309 208 171 229 288 293 101 25 295 257 209 141 36 104 123 56 235 238 198 67 66 102 75 303 272 20 224 14 6 48 178 57 62 287 139 97 251 110 76 63 156 140 132 147 173 85 165 60 125 138 143 8 317 19 281 291 305 263 314 262 136 135 300 297 233 222 115 112 221 38 120 245 318 29 99 105 172 129 200 70 239 149 164 177 12 44 40 10 206 160 30 72 122 176 268 316 259 226 236 232 68 111 246 282 199 95 217 215 306 106 289 108 23 21 90 144 254 228 84 73 265 197 161 183 162 266 252 290 276 39 91 155 35 304 78 313 296 207 170 203 248 150 250 310 4 223 230 211 130 59 : 5122.66
5 1 
1 42 237 120 80 91 187 44 31 307 270 199 239 203 156 176 96 317 110 133 100 137 118 66 70 209 68 106 267 274 299 303 27 200 275 171 251 261 46 271 301 240 141 2 13 291 313 136 14 302 34 93 182 55 249 265 8 140 39 18 139 218 143 49 29 208 175 154 90 193 210 281 164 114 292 58 254 217 309 158 229 97 53 65 165 153 148 235 243 184 201 172 99 314 272 228 211 308 242 22 47 79 198 174 191 149 196 204 4 132 286 62 20 161 185 268 202 179 71 116 287 51 45 220 238 5 63 82 145 57 76 144 147 74 318 216 280 306 304 310 296 109 183 84 50 282 168 83 87 67 32 138 225 293 186 259 277 247 250 28 252 11 15 52 7 23 273 221 212 231 129 125 255 188 264 101 17 108 24 219 115 102 48 6 206 113 178 311 233 284 226 167 260 92 162 285 121 41 246 266 104 98 21 26 36 16 160 73 262 142 111 64 56 40 103 279 316 177 269 130 283 236 95 166 72 263 170 155 38 278 85 131 244 315 30 169 190 241 224 192 195 297 173 75 163 43 117 123 290 146 3 159 150 88 105 222 227 189 197 213 135 86 289 37 126 256 312 127 207 288 215 305 60 33 134 9 81 59 94 89 151 12 232 298 128 77 35 78 122 112 107 194 124 253 152 181 245 180 230 10 19 25 234 295 300 257 54 69 119 205 157 276 223 248 258 214 294 61 : 5308.86
5 2 
1 32 58 127 56 75 246 206 6 3 18 59 220 312 283 308 168 83 57 178 197 198 68 138 10 146 276 294 202 301 186 213 244 214 315 298 87 46 85 38 216 254 167 236 229 13 157 84 34 230 19 284 208 117 74 86 64 191 192 259 297 268 267 203 200 60 249 280 4 118 29 211 113 193 132 277 78 227 237 107 55 53 104 155 101 273 269 94 99 103 228 304 291 143 97 124 28 260 179 130 116 40 165 196 310 250 128 61 182 219 177 275 73 9 49 12 114 255 210 288 305 209 256 234 100 241 222 239 181 238 166 224 37 21 72 44 183 149 112 20 51 274 187 45 108 119 296 50 70 66 25 242 7 309 80 158 270 185 285 180 252 306 289 311 251 264 279 231 190 317 48 33 226 286 290 173 123 217 39 62 15 172 93 133 189 314 199 292 129 263 272 96 16 54 77 161 212 14 152 141 5 201 106 271 151 121 125 145 174 184 92 47 17 282 188 300 318 194 169 281 36 26 295 207 122 293 131 126 111 31 71 233 142 257 235 98 82 154 63 316 218 115 89 205 43 105 140 109 248 153 240 195 144 258 79 253 175 303 171 163 261 266 137 24 23 160 35 225 134 52 91 110 302 162 95 65 215 139 42 2 170 243 27 159 221 147 247 11 41 120 265 232 135 262 223 313 307 150 287 176 278 67 30 22 245 81 88 164 148 8 136 69 156 76 102 90 204 299 : 5123.93
5 3 
1 180 69 146 53 293 297 181 125 135 159 316 251 168 78 77 86 288 299 260 303 239 43 27 231 179 119 237 58 248 301 90 284 103 11 194 162 283 131 200 296 148 56 182 188 295 71 48 312 156 89 74 50 6 44 31 227 222 223 132 145 64 49 52 29 122 279 128 149 112 169 258 141 47 81 197 133 108 224 218 177 139 190 19 273 225 221 97 280 310 167 306 208 35 172 57 202 158 311 294 245 100 209 62 110 144 160 26 95 80 307 232 157 155 217 261 192 282 153 107 96 229 243 211 195 22 256 228 234 240 287 292 18 249 193 285 265 204 264 186 198 65 313 117 286 308 173 84 161 36 41 105 175 34 16 164 163 262 129 7 199 76 123 28 45 92 82 317 30 40 68 104 220 242 214 70 124 259 51 207 315 289 191 114 187 178 203 72 20 83 9 271 85 55 17 21 88 24 212 102 147 142 37 73 113 111 236 99 257 304 277 60 300 309 291 138 67 39 150 247 196 298 278 170 305 252 143 166 275 137 38 151 140 54 184 75 46 120 136 87 130 98 33 10 23 25 276 244 12 118 42 215 121 106 233 253 109 314 115 134 176 174 66 152 13 63 235 127 272 206 94 267 302 290 8 4 5 189 93 185 318 216 183 254 219 59 226 274 268 270 263 154 3 2 205 281 210 213 241 165 126 79 14 91 101 230 266 250 116 32 201 171 238 246 269 255 61 15 : 4983.13
