0 0 
1 2 10 11 12 20 23 103 15 28 21 22 29 31 32 30 24 33 36 37 13 5 4 115 116 111 112 14 34 35 134 127 137 125 128 117 208 126 135 133 120 106 107 108 113 114 121 123 131 129 132 122 124 130 142 141 138 136 38 39 145 209 157 151 159 158 149 146 144 143 250 254 273 272 264 267 256 253 251 255 314 257 261 268 262 248 249 244 245 247 259 269 260 266 315 274 289 301 199 200 303 300 308 305 304 297 298 271 318 270 276 275 310 309 205 312 311 307 306 302 192 193 295 293 278 281 277 288 292 282 287 294 296 299 286 290 283 280 279 284 291 285 263 252 246 236 222 237 226 227 229 228 240 241 238 243 242 118 211 212 216 109 110 213 218 219 215 214 223 224 235 234 239 231 232 313 230 233 119 221 220 217 225 140 139 258 265 166 170 165 171 168 167 162 152 147 148 156 155 150 164 160 161 154 153 210 163 169 175 180 174 179 195 194 204 203 198 189 173 65 184 177 185 178 186 182 181 191 188 172 187 176 190 183 66 60 61 41 42 43 46 52 55 57 58 63 62 64 80 76 89 86 97 91 96 101 102 98 99 88 87 196 197 202 206 207 201 100 94 95 90 81 75 74 72 85 93 92 78 83 71 67 68 82 84 77 79 73 69 70 59 317 316 40 45 49 48 104 54 56 50 105 53 51 47 44 18 25 19 27 26 17 16 9 8 3 6 7 : 711.014
0 1 
1 11 28 21 103 29 22 15 30 31 27 19 20 23 316 317 45 48 55 56 49 40 51 47 44 42 39 149 147 148 156 163 167 168 158 162 154 34 35 37 61 164 155 150 153 210 179 174 175 182 191 183 172 188 202 206 98 99 90 89 101 96 97 93 86 91 102 92 67 50 54 53 57 105 52 64 73 76 71 83 77 75 81 66 65 88 87 197 94 207 100 95 201 196 190 189 169 181 185 177 184 194 203 204 198 193 306 200 199 311 205 303 308 302 192 301 307 312 309 310 305 304 290 283 286 282 287 296 289 294 293 288 170 269 258 259 255 261 254 250 151 146 209 142 141 157 160 161 159 46 41 104 59 69 74 84 79 82 85 78 72 68 80 70 63 62 58 43 36 32 33 16 17 24 14 120 208 128 127 134 137 13 126 116 115 125 135 136 133 129 131 124 123 122 117 113 110 109 212 217 216 213 211 231 234 227 245 244 228 222 230 233 232 118 220 239 241 144 140 139 119 221 225 313 314 257 251 252 249 253 262 256 247 243 237 236 240 242 238 229 226 235 218 219 246 223 214 215 224 248 318 276 297 298 271 275 270 280 291 299 300 285 284 279 272 268 263 264 266 273 260 143 265 267 315 166 165 292 278 277 274 281 295 171 195 186 180 178 187 176 173 60 38 145 152 138 132 114 121 130 112 108 111 106 107 4 5 9 26 18 25 8 12 3 2 10 7 6 : 879.642
0 2 
1 6 3 9 122 119 242 240 238 222 230 236 231 225 220 211 217 241 139 140 216 110 109 212 213 224 223 215 214 218 143 144 233 234 237 228 226 219 229 246 314 254 266 315 269 258 265 259 250 257 267 264 261 288 292 294 274 281 277 170 171 165 166 168 185 180 179 178 181 172 188 190 183 194 175 162 149 153 155 160 164 154 145 39 38 137 134 135 127 208 113 114 129 132 107 106 108 125 133 138 136 120 126 158 159 161 60 58 62 63 69 75 61 65 176 173 184 174 186 196 207 206 202 94 201 100 197 95 93 96 97 102 101 91 86 77 79 67 68 82 78 83 92 72 85 74 80 73 76 71 84 89 90 99 98 81 70 88 87 66 187 177 189 198 204 203 311 307 205 306 312 199 295 301 282 268 256 252 249 247 235 227 245 244 248 318 271 276 275 270 290 286 297 304 298 310 305 309 308 303 300 299 291 273 255 239 313 118 221 232 243 260 251 253 262 263 272 285 280 279 284 283 287 289 296 278 293 302 200 193 192 195 191 182 169 210 151 167 152 156 150 157 163 141 148 209 146 147 142 130 121 123 131 124 128 117 112 5 111 116 115 4 13 14 34 37 42 35 16 27 24 29 21 103 30 31 40 55 56 316 59 49 45 47 51 104 50 48 64 317 57 105 54 44 52 43 46 53 41 36 25 26 33 15 11 7 19 17 18 8 20 32 28 23 22 12 10 2 : 889.124
0 3 
1 10 11 28 23 3 9 18 16 12 30 32 33 25 19 26 17 27 24 20 36 104 58 60 164 61 191 186 179 169 185 168 181 178 184 188 190 88 87 197 196 183 176 65 66 74 72 79 91 84 78 68 67 82 71 83 97 102 101 98 99 95 206 203 198 100 207 201 202 94 194 195 204 307 311 306 302 303 312 308 287 289 296 277 281 166 170 171 165 157 150 209 108 113 114 121 117 130 147 167 180 175 174 177 173 182 172 187 189 90 89 77 85 92 96 93 86 80 76 73 70 81 75 69 64 63 42 37 29 22 8 5 4 116 134 137 14 13 208 128 120 112 111 106 107 115 125 124 129 123 131 132 149 156 159 163 210 158 148 151 146 142 122 141 145 138 133 135 38 35 34 39 136 127 126 144 143 140 139 242 241 243 314 240 238 221 216 212 211 109 110 220 217 213 229 226 218 219 224 223 215 214 227 228 234 232 239 313 231 230 222 233 225 118 119 247 246 236 235 237 249 248 244 245 318 276 298 309 310 304 305 297 275 270 271 273 272 283 280 279 263 253 256 262 260 265 269 292 288 278 293 295 301 199 200 205 193 192 282 290 286 294 285 291 284 300 299 274 267 261 268 266 264 257 254 251 255 315 252 250 258 259 152 162 153 161 160 155 154 62 54 59 55 46 44 41 50 45 43 52 53 47 56 105 57 51 49 48 40 316 317 31 103 21 15 7 6 2 : 852.053
1 0 
1 10 8 9 5 106 107 4 134 126 135 129 124 121 131 130 114 113 213 313 221 239 254 255 170 282 295 293 292 281 165 315 259 265 267 264 266 171 269 144 250 268 256 253 270 271 273 274 272 263 262 257 243 240 232 231 242 241 119 233 238 230 228 226 249 318 247 246 237 236 227 235 225 220 140 141 142 117 116 120 111 132 138 133 128 125 108 112 115 17 19 16 18 24 28 31 30 22 11 7 2 15 103 20 12 3 23 21 29 33 36 37 41 52 43 51 49 48 56 67 72 79 77 92 97 96 91 101 102 85 83 82 84 78 71 98 99 90 93 86 64 57 54 47 104 40 45 317 316 55 59 105 53 58 150 160 60 61 183 182 173 172 66 69 70 62 63 73 74 89 80 68 76 81 75 188 65 87 94 202 206 207 100 88 176 178 193 199 302 299 286 284 291 279 280 285 300 298 297 304 310 307 308 276 275 305 309 303 301 311 205 312 200 168 162 159 167 169 198 95 196 201 197 203 204 191 189 190 187 184 181 177 175 210 164 161 163 158 148 151 146 143 251 283 290 288 287 294 277 166 195 194 185 186 180 174 179 192 306 296 289 278 258 314 260 261 252 245 248 244 224 215 214 223 219 218 234 229 222 217 216 110 211 212 109 118 139 122 123 208 127 136 38 39 154 155 153 145 209 149 147 157 152 156 137 13 14 35 34 42 46 44 50 32 27 26 25 6 : 932.831
1 1 
1 2 6 15 40 48 104 47 43 52 53 45 49 56 55 51 58 54 44 46 57 105 73 76 70 74 81 67 68 85 83 79 78 91 102 101 92 96 97 93 98 99 90 84 71 77 72 82 59 50 317 316 33 30 32 36 16 18 27 24 19 26 25 39 35 34 137 136 135 124 121 123 131 141 147 159 162 156 146 148 157 163 151 158 152 210 169 187 184 206 207 201 202 100 196 195 204 203 200 311 199 192 193 194 185 175 167 168 174 186 179 180 197 94 198 191 190 188 177 181 161 154 164 160 153 155 149 150 145 133 129 142 140 217 220 109 110 119 118 232 231 225 221 211 216 212 213 228 226 227 218 219 223 224 214 215 222 313 230 239 139 314 258 254 256 261 264 267 269 274 278 282 315 272 273 271 275 310 304 298 300 309 305 297 308 303 302 307 312 205 170 166 165 171 293 289 287 277 281 294 288 295 306 301 292 283 285 280 284 291 286 290 299 296 279 276 318 270 249 245 244 248 247 234 237 233 238 242 243 251 268 262 263 257 255 250 241 240 235 229 236 246 252 253 265 266 260 259 143 144 122 130 132 128 126 134 125 117 208 14 13 111 112 115 116 113 114 108 4 5 106 107 120 127 138 209 38 60 61 63 189 178 182 173 172 65 176 183 66 95 88 87 89 86 64 80 75 69 62 41 42 37 9 8 17 3 7 21 22 103 29 28 31 23 20 12 10 11 : 807.814
1 2 
1 12 6 10 11 29 30 33 32 23 20 103 21 40 316 49 48 50 51 37 39 134 126 208 125 128 137 135 120 127 133 129 132 117 5 115 112 111 106 116 4 17 24 35 34 136 124 14 13 107 108 113 114 138 38 145 164 172 66 88 190 197 206 207 95 87 187 177 182 180 186 191 178 181 179 175 174 302 292 293 272 273 315 283 279 274 264 265 258 314 254 250 260 255 259 269 266 257 261 263 262 256 246 240 233 313 239 243 235 227 214 215 245 244 249 248 223 226 238 230 241 242 139 143 144 140 110 212 220 211 109 218 219 224 247 222 213 216 217 221 118 119 225 231 232 237 228 234 229 236 252 251 253 267 268 318 270 271 276 297 275 298 305 299 303 300 291 280 285 304 310 309 308 290 294 281 289 282 288 295 296 286 284 287 278 277 192 193 204 195 203 198 196 202 94 188 184 185 194 200 199 307 311 312 205 306 301 170 171 165 166 147 151 153 155 152 146 130 123 131 122 121 142 141 158 163 157 148 149 209 150 154 160 173 183 176 65 61 60 161 168 210 162 159 156 167 169 189 201 100 101 96 92 91 85 79 77 71 82 72 64 86 78 83 97 102 93 99 98 90 74 81 75 70 63 69 73 89 84 68 67 317 56 105 62 80 76 47 44 46 104 36 42 53 58 57 59 45 55 54 52 43 41 22 15 31 28 27 16 25 19 26 18 8 9 3 7 2 : 843.613
1 3 
1 2 8 9 20 15 30 29 103 31 23 28 22 32 33 18 16 25 17 26 37 53 58 42 41 52 57 51 40 104 43 46 47 44 45 50 48 49 316 317 59 56 55 54 63 61 65 66 176 173 188 187 183 184 182 178 169 210 164 161 160 162 167 172 177 181 185 174 168 175 195 191 197 190 189 87 90 74 76 80 89 93 92 102 101 97 96 91 72 81 75 69 105 62 70 64 77 68 79 86 85 84 83 82 71 78 67 73 99 98 88 95 94 196 204 203 201 100 207 206 202 198 194 186 180 179 166 163 158 147 144 165 279 273 272 264 256 262 267 268 253 254 263 318 275 276 271 270 249 248 245 244 223 224 215 214 227 234 228 239 232 243 233 221 118 220 110 109 212 217 216 211 313 240 229 235 237 213 218 219 222 226 236 246 247 251 257 261 258 260 255 252 291 285 300 303 308 305 304 310 297 298 290 277 282 289 296 294 170 278 287 299 309 283 274 280 284 286 281 288 292 293 192 199 200 205 306 302 307 311 312 301 295 193 171 269 315 265 266 250 259 314 238 139 140 143 242 241 230 225 231 119 123 142 141 157 151 146 148 149 153 150 159 154 155 152 156 209 38 136 135 120 116 111 5 13 14 112 115 4 106 107 108 122 130 121 114 113 117 128 138 132 125 133 126 124 131 145 60 39 34 208 129 137 134 127 35 36 24 27 19 12 21 7 6 10 11 3 : 777.384
2 0 
1 160 266 79 40 36 216 122 263 316 282 238 234 276 264 118 143 136 148 314 212 219 189 30 217 76 43 250 272 208 151 150 173 60 158 275 269 265 249 41 229 66 177 247 62 262 306 86 163 292 209 154 185 94 221 131 156 22 184 298 92 55 196 233 114 153 186 165 25 24 300 128 13 257 310 255 291 11 82 73 220 202 183 108 17 68 284 268 210 288 120 169 259 252 242 232 155 87 201 281 181 191 27 20 28 168 16 218 225 211 52 70 258 88 171 312 271 302 307 35 125 285 119 142 187 215 124 134 146 301 67 98 157 57 299 311 277 204 198 101 200 140 51 26 8 48 100 69 102 23 44 245 223 294 56 104 195 190 199 205 193 129 224 241 254 305 317 61 121 137 149 59 139 180 206 138 34 179 21 47 74 308 97 289 296 123 230 235 18 175 31 112 188 133 176 239 174 109 10 33 5 261 80 240 178 65 75 63 207 53 231 84 38 111 132 110 117 141 164 116 29 197 280 83 167 166 58 90 226 236 248 290 222 89 39 287 251 19 214 130 32 37 144 315 244 303 96 162 170 246 4 105 85 50 274 253 256 273 72 95 135 192 297 7 152 106 161 243 318 228 260 295 278 145 182 71 279 107 91 267 9 3 42 2 147 77 49 46 12 126 237 194 78 159 127 113 99 293 64 286 227 270 309 313 103 15 14 213 45 93 81 203 304 54 283 115 172 6 : 5121.71
2 1 
1 219 204 184 90 133 165 36 112 53 11 100 273 245 20 158 318 139 117 13 136 59 238 95 60 121 34 179 263 168 309 239 154 292 235 294 297 80 61 194 311 308 303 289 175 283 295 189 302 48 29 6 24 49 86 22 2 114 181 268 167 205 75 156 138 191 65 98 196 213 43 296 79 91 130 106 298 304 233 163 25 285 215 230 169 157 77 258 315 212 147 50 45 18 17 64 62 217 134 277 201 160 83 214 223 269 129 26 74 71 46 250 232 5 228 63 151 38 299 193 96 265 70 27 28 145 69 177 293 152 40 252 164 140 186 10 247 248 66 108 19 55 146 107 210 15 82 237 101 68 57 16 128 56 190 99 226 110 291 280 31 183 197 274 220 255 246 207 198 182 47 73 119 270 284 314 202 166 135 51 4 161 234 244 254 222 211 178 23 148 227 260 111 231 42 30 266 105 8 144 141 155 84 242 180 67 203 97 162 9 123 12 35 216 279 173 218 124 288 126 127 278 54 103 188 125 137 209 192 89 14 185 170 240 120 256 261 267 44 21 7 113 159 41 3 143 199 171 257 225 102 249 253 264 142 150 116 52 290 149 153 282 276 229 281 300 81 92 208 122 104 33 313 115 241 172 243 109 37 316 85 72 58 32 275 262 301 88 176 306 187 76 307 87 200 94 310 287 174 259 78 305 312 224 251 286 93 195 132 118 221 236 271 206 272 39 317 131 : 4987.77
2 2 
1 39 121 309 315 44 30 54 92 12 99 80 161 29 316 75 162 2 85 84 70 97 197 195 101 271 256 279 280 141 235 32 123 64 129 294 307 293 184 109 233 72 73 148 291 290 306 242 119 275 98 77 176 220 38 174 196 61 10 9 265 241 243 6 53 281 248 68 234 43 25 5 292 202 317 8 35 147 60 318 26 111 208 110 219 172 133 252 313 23 19 260 226 269 288 296 262 143 253 224 137 131 168 36 158 4 263 122 282 65 205 93 190 95 139 48 227 274 91 249 89 86 128 166 169 311 49 181 191 189 63 272 261 225 211 160 175 149 171 107 15 56 115 198 150 215 230 27 127 264 52 173 297 254 41 11 118 124 312 240 130 142 16 45 267 17 94 165 103 116 314 257 237 117 132 238 33 3 194 212 164 90 300 259 76 82 7 120 236 28 55 108 167 83 298 273 154 21 113 112 250 266 207 57 71 246 186 268 178 183 179 185 78 67 301 18 24 140 214 37 22 193 287 244 182 42 222 239 270 144 228 69 62 308 79 74 299 104 303 46 229 47 106 152 223 304 278 209 216 177 31 145 284 285 136 58 247 66 157 188 245 170 59 187 87 180 305 283 258 146 88 105 163 114 50 192 100 102 81 204 153 20 203 217 276 125 210 135 14 232 213 231 156 302 289 159 151 138 155 40 295 277 199 310 286 200 201 134 255 218 251 221 51 13 126 206 96 34 : 5060.23
2 3 
1 196 289 258 201 44 174 133 246 130 213 114 107 167 128 129 228 218 223 221 85 84 234 227 222 110 233 191 298 280 185 61 288 287 102 135 229 241 238 253 275 311 301 266 184 239 18 168 148 16 232 252 290 293 277 93 317 6 19 3 80 121 98 192 87 30 8 71 77 86 164 259 171 269 46 56 17 40 12 208 15 22 28 31 76 88 97 73 79 101 231 139 169 200 162 104 209 53 51 182 74 66 5 111 33 68 23 120 41 212 272 163 155 307 310 291 219 215 183 145 160 197 210 172 29 156 159 90 206 83 70 96 92 297 161 151 236 318 270 262 207 203 268 250 89 99 65 124 255 251 142 149 132 119 136 230 278 308 245 313 109 224 118 122 4 25 181 294 260 205 300 195 173 292 187 60 45 7 9 57 91 105 125 226 193 52 190 38 286 285 271 264 134 37 47 36 55 21 24 179 188 100 189 115 27 103 202 312 309 315 276 299 178 94 75 217 225 254 113 13 35 20 2 32 26 158 126 14 34 108 242 237 59 50 138 243 249 198 194 279 304 186 314 302 112 141 256 261 257 244 140 165 240 235 176 147 150 117 274 152 106 211 166 177 146 175 282 216 265 123 220 214 247 296 154 127 283 82 43 10 54 81 131 316 78 72 157 144 284 199 170 143 273 263 267 69 58 11 67 49 64 63 62 48 116 153 248 281 180 204 95 295 306 305 303 39 42 137 : 3810.92
3 0 
1 7 83 81 202 104 56 177 190 66 183 138 140 11 46 14 5 86 82 152 286 283 111 2 131 148 170 227 90 101 117 274 180 40 92 61 29 205 139 251 268 203 208 225 249 123 254 244 47 313 237 178 53 201 89 278 213 74 272 236 296 214 241 187 304 273 317 15 196 30 211 142 135 219 259 257 266 20 126 239 36 309 252 267 282 229 277 290 169 318 38 248 115 224 299 300 295 59 197 143 19 37 6 77 63 228 68 265 144 22 301 221 218 185 62 70 108 125 271 35 9 49 65 120 109 80 72 71 73 27 133 298 270 223 76 75 137 181 175 153 238 84 105 147 165 149 188 44 64 255 303 156 39 16 150 23 310 118 112 13 154 176 316 21 209 311 95 122 88 206 41 146 261 163 121 127 113 34 216 256 258 159 102 186 28 307 103 210 55 45 263 260 119 207 93 160 232 289 217 242 136 226 32 182 4 43 189 245 132 158 99 12 174 116 107 166 157 191 145 8 220 306 250 179 110 50 167 294 288 230 3 162 234 52 134 312 305 212 48 253 275 281 164 18 51 10 57 130 141 204 87 94 155 161 31 25 17 172 42 168 231 58 26 240 297 269 287 222 151 198 194 293 308 233 247 195 284 124 129 200 96 67 302 235 24 91 97 128 33 314 114 79 279 171 276 193 292 264 184 69 78 106 98 315 54 100 60 285 215 246 291 192 85 280 199 173 262 243 : 5081.3
3 1 
1 85 40 28 93 123 265 285 157 173 53 17 283 143 260 3 106 74 104 14 144 314 225 214 232 257 223 138 10 175 180 67 203 187 250 84 42 158 35 311 181 73 70 50 90 269 60 64 317 171 274 193 199 247 284 258 122 182 9 189 81 191 306 237 212 230 219 235 108 254 38 80 176 281 276 141 128 155 19 213 41 87 147 88 302 192 293 267 103 159 133 234 261 239 272 18 12 218 240 316 4 29 2 15 215 299 116 94 97 201 312 114 63 49 298 125 268 168 288 229 184 242 166 300 307 264 275 296 154 6 58 68 188 43 62 172 36 241 224 220 211 255 91 32 246 109 146 185 130 33 44 52 102 101 115 208 59 202 177 86 77 27 34 190 248 277 310 57 129 66 61 152 289 216 301 83 55 48 163 174 131 149 79 210 156 13 8 37 227 198 164 206 292 253 24 290 121 233 65 46 26 95 145 315 127 92 137 20 249 134 162 151 183 280 294 297 169 303 39 194 99 318 197 244 160 56 282 107 89 117 251 221 231 132 135 100 98 22 119 76 308 153 23 51 71 105 120 47 204 112 25 304 236 126 270 226 266 278 222 5 16 195 313 150 217 252 287 271 136 196 295 75 165 142 110 243 228 139 69 262 170 21 113 118 273 148 178 31 30 167 256 140 238 7 82 263 209 309 259 124 111 305 279 207 161 96 54 179 286 186 78 245 291 205 200 72 45 11 : 4951.85
3 2 
1 165 305 88 82 49 85 191 71 90 102 62 241 5 166 242 136 211 225 295 224 25 28 312 10 58 153 161 214 268 300 42 299 246 277 229 34 171 101 146 251 308 173 222 67 135 48 177 106 100 38 98 227 315 155 234 129 265 66 304 306 47 92 203 113 107 26 200 263 182 41 240 221 228 139 294 270 196 248 156 21 137 138 260 104 118 128 174 231 8 3 217 30 133 286 150 19 44 206 125 204 292 218 64 175 289 220 318 245 7 83 254 105 77 147 40 209 188 258 256 172 23 70 13 79 103 55 36 157 72 184 168 18 197 68 158 29 130 311 27 20 170 95 94 287 97 255 110 61 131 213 280 278 282 232 237 313 302 288 187 185 190 145 57 91 291 314 189 2 141 162 279 43 119 127 216 226 50 134 16 266 9 267 296 297 87 89 239 12 148 202 6 45 176 143 22 11 33 75 152 81 69 151 124 65 169 163 117 4 142 154 293 243 112 303 116 208 35 123 74 73 307 271 275 309 259 121 194 253 199 298 310 167 186 250 281 284 109 201 193 273 272 96 93 53 80 76 207 192 140 290 37 56 126 149 160 15 316 181 63 283 180 257 235 238 144 132 198 78 210 17 24 32 108 51 215 60 183 111 317 230 159 236 164 179 195 46 233 249 59 54 122 274 115 39 52 31 269 301 219 223 285 276 212 14 120 86 84 178 261 252 247 99 114 205 262 264 244 : 5127.15
3 3 
1 30 62 105 41 89 160 72 99 217 174 46 71 55 97 155 179 153 189 285 199 293 295 139 146 84 196 201 296 308 303 271 239 79 276 198 172 132 138 268 238 208 120 104 151 93 176 175 200 202 47 23 16 48 32 10 68 81 152 226 245 223 211 249 144 310 307 233 156 173 165 270 312 304 280 290 36 53 40 133 61 284 194 63 212 220 118 112 123 98 76 22 28 167 21 102 286 278 205 300 297 119 44 43 59 67 236 266 246 113 221 248 229 181 91 209 64 83 73 101 82 136 161 141 125 216 237 254 70 92 95 130 4 243 143 269 259 224 247 241 213 131 116 54 57 188 157 180 65 15 115 183 121 258 214 122 301 287 294 318 191 187 178 24 19 85 168 184 210 277 164 154 127 38 35 25 252 275 289 292 204 90 33 3 27 108 34 272 306 158 192 305 299 315 170 227 228 17 39 166 190 66 317 149 56 9 129 240 264 6 128 150 148 111 26 163 283 253 314 260 140 225 2 45 60 52 74 96 80 94 86 18 250 313 20 49 58 11 29 88 182 185 31 50 261 114 13 103 14 42 230 288 169 291 273 263 298 251 255 311 75 37 5 12 107 265 232 77 78 193 195 171 100 134 218 231 219 267 242 234 222 256 309 197 87 257 147 110 117 126 274 162 235 215 262 244 69 316 135 106 124 177 186 142 206 203 302 279 145 51 137 159 207 281 282 109 7 8 : 3866.68
4 0 
1 3 12 30 10 11 22 15 24 37 36 104 44 49 40 316 317 55 59 72 62 64 105 71 84 79 76 68 67 85 82 78 93 102 101 92 91 90 206 100 201 202 196 187 177 172 169 168 162 156 157 179 175 186 204 203 207 198 197 94 99 98 89 86 80 97 96 83 77 73 69 70 81 74 75 173 60 164 146 148 151 163 210 159 160 152 149 150 161 158 153 154 145 39 155 209 147 142 144 259 258 260 251 253 257 269 268 267 273 252 248 249 244 245 318 270 256 246 247 223 214 215 234 313 225 231 233 230 226 227 224 219 218 236 228 235 242 238 237 229 243 139 143 140 222 211 216 213 217 220 110 119 122 108 116 115 135 34 38 35 13 111 107 5 112 4 14 126 127 134 133 128 132 120 137 136 125 129 130 123 121 131 124 208 106 114 113 141 138 117 109 212 221 118 232 239 240 241 314 261 264 262 254 263 272 289 301 205 312 307 306 311 199 193 200 302 303 296 290 170 165 166 250 255 266 265 315 282 308 305 310 304 298 309 299 285 286 295 271 276 275 297 300 291 280 279 283 284 287 288 281 292 293 171 277 274 278 294 192 167 174 178 195 194 191 184 182 180 185 181 188 176 183 189 190 87 95 88 66 61 65 63 57 58 54 53 52 41 46 43 51 50 48 42 47 56 45 21 29 32 31 33 20 27 26 19 28 23 103 9 8 25 18 16 17 7 2 6 : 875.275
4 1 
1 2 11 28 30 21 31 23 26 24 20 9 3 103 22 29 317 40 56 54 59 48 51 44 104 47 316 36 37 34 137 136 134 13 14 115 5 4 107 106 112 111 116 108 117 122 113 114 212 211 221 217 110 109 213 219 215 214 218 243 233 230 239 222 229 244 223 224 228 236 235 226 247 252 251 246 313 225 118 232 240 314 238 234 241 242 139 231 220 216 119 140 143 144 147 158 157 164 172 184 187 177 173 155 160 210 60 61 150 145 161 153 159 151 163 152 38 35 127 126 131 130 135 121 133 208 120 128 125 39 154 209 129 124 123 132 138 141 142 148 146 149 162 156 165 315 282 287 170 273 280 257 253 256 261 268 263 262 264 254 250 269 259 237 227 245 249 248 318 271 270 275 276 297 298 310 305 304 300 299 309 308 193 281 290 291 303 192 293 294 289 278 295 296 277 166 266 265 267 258 255 260 272 284 286 283 285 279 274 292 288 171 203 194 195 312 199 301 306 311 307 205 200 302 204 181 175 186 179 178 95 206 207 202 198 201 87 188 189 183 191 65 185 182 169 174 167 180 168 176 66 69 105 64 67 68 77 72 79 82 71 78 102 101 97 83 84 81 75 74 62 63 80 76 73 86 85 96 92 91 93 99 98 89 90 94 100 196 197 88 190 70 53 52 45 55 50 49 46 43 41 58 57 42 18 25 16 12 19 27 17 8 33 32 15 6 7 10 : 886.297
4 2 
1 2 11 7 6 10 21 32 28 37 46 42 52 58 43 62 74 75 69 73 80 72 82 84 83 78 71 68 77 67 79 64 76 89 90 98 99 93 97 101 102 96 92 91 85 86 57 41 36 104 54 59 105 55 50 56 48 45 317 316 40 49 51 44 47 53 38 35 39 145 154 153 161 160 155 157 148 209 150 149 156 152 158 159 151 144 140 139 233 230 222 237 247 262 268 263 253 252 264 267 315 266 166 165 171 170 278 282 287 281 274 295 302 301 205 200 199 193 192 203 204 190 173 182 177 189 180 174 175 184 169 167 168 178 185 181 186 179 194 195 191 206 202 201 197 198 94 88 87 95 100 207 196 187 183 188 172 176 81 70 63 65 66 61 60 164 210 162 163 146 147 141 142 122 121 123 131 231 313 118 217 212 109 113 114 108 115 116 111 107 106 112 5 4 14 34 136 127 137 129 124 208 132 130 119 221 216 220 110 211 213 219 218 226 246 243 240 242 238 225 232 239 241 228 234 229 235 236 227 215 214 223 224 244 245 248 249 251 257 254 265 143 259 258 260 269 277 288 292 289 294 293 286 299 300 304 310 308 306 312 311 307 309 305 297 298 276 275 318 270 271 291 283 272 284 280 290 296 303 285 279 273 256 261 250 314 255 138 135 134 126 117 128 125 133 120 13 18 17 9 8 15 29 31 30 24 19 27 20 23 33 103 22 12 16 26 25 3 : 752.894
4 3 
1 2 6 7 11 10 29 40 104 42 46 57 45 55 41 47 43 317 316 49 50 59 56 53 52 58 63 71 67 64 73 81 74 76 70 99 98 90 66 65 61 39 34 137 136 138 130 131 122 141 142 113 119 109 212 211 110 213 220 221 139 140 242 143 144 166 170 301 302 303 309 305 304 297 310 276 318 270 271 275 298 300 284 283 282 287 274 315 273 272 286 280 290 279 277 295 292 293 294 312 311 180 174 185 179 183 187 88 75 69 79 92 85 83 102 101 97 96 91 93 89 86 80 77 72 84 78 82 68 87 188 189 190 195 204 203 94 95 201 206 207 100 202 198 197 196 172 184 177 181 178 173 176 182 194 191 167 168 210 158 151 146 147 260 265 251 253 267 278 281 289 288 193 199 200 205 307 306 308 299 291 285 296 192 171 165 269 266 259 255 254 263 258 314 252 249 245 244 224 223 214 215 219 218 234 229 233 313 222 230 231 232 241 225 239 238 240 243 226 237 227 247 246 250 268 256 262 264 257 261 248 236 235 228 216 217 118 123 132 209 157 163 149 169 186 175 162 152 148 159 156 153 164 160 154 121 114 124 129 125 127 133 134 135 35 38 150 145 161 155 60 62 105 54 51 36 44 48 30 22 28 12 8 17 26 9 5 112 14 13 120 117 128 126 208 111 106 4 116 115 108 107 25 18 16 24 27 33 37 32 31 21 15 103 23 20 19 3 : 860.858
5 0 
1 31 275 282 294 311 205 83 203 170 176 236 255 169 306 180 15 228 184 267 117 79 20 63 77 288 60 249 213 138 162 307 210 118 270 271 112 14 157 215 159 122 129 125 313 229 119 111 248 120 32 130 314 193 289 200 131 315 27 43 9 87 178 2 224 175 182 183 199 283 114 276 19 272 196 24 13 12 284 219 36 188 214 226 253 261 104 241 17 68 75 99 149 300 297 46 166 290 191 102 82 204 89 247 293 108 194 258 165 259 212 190 251 268 53 110 26 6 181 156 38 135 201 318 88 197 49 64 142 139 124 4 70 189 174 52 202 47 274 71 81 295 237 223 263 35 115 230 186 256 233 163 239 292 206 59 198 231 309 298 287 22 97 92 39 141 78 10 144 264 140 154 250 207 195 30 273 161 308 299 152 61 147 50 41 155 304 167 56 158 173 232 3 23 227 153 244 291 80 151 128 171 266 257 220 240 265 245 136 243 93 286 301 185 278 280 310 137 25 85 126 86 123 252 145 217 54 281 143 51 21 100 279 312 34 42 216 133 72 62 40 177 48 218 55 105 98 127 95 65 37 235 101 96 67 316 76 160 146 58 116 106 187 234 113 109 69 44 121 269 303 5 134 238 211 33 84 132 222 168 317 260 262 172 18 28 302 179 66 296 107 164 74 91 221 246 208 209 73 225 57 305 148 45 150 90 94 16 285 192 254 242 277 11 7 8 29 103 : 5120.92
5 1 
1 100 59 167 312 9 31 172 40 92 70 182 225 311 245 237 119 280 286 164 138 131 109 261 178 173 217 268 51 39 227 275 290 120 161 239 49 127 220 316 115 224 4 5 45 68 281 300 302 22 191 301 299 203 79 134 53 27 170 306 296 87 82 205 7 15 269 314 91 78 202 83 197 143 247 303 240 313 137 174 14 135 179 111 107 89 128 176 76 155 33 48 54 104 103 123 255 69 219 190 201 56 221 216 118 185 67 17 133 55 213 152 85 21 113 23 136 124 233 292 234 144 232 266 112 36 25 86 44 246 62 97 195 267 218 169 116 61 139 243 162 126 122 32 65 251 238 46 99 18 252 88 156 35 283 193 309 52 28 154 304 73 272 288 72 210 146 37 29 64 175 196 75 199 108 194 295 294 293 317 177 129 12 38 189 121 207 186 3 106 158 163 43 96 277 276 307 90 63 80 188 19 159 102 26 168 147 11 244 282 20 310 142 157 81 148 235 151 211 24 192 242 241 66 308 145 187 200 114 318 257 260 34 141 166 42 50 160 180 264 6 165 214 228 265 60 105 2 226 254 130 58 183 57 13 30 223 231 285 74 149 284 229 184 47 41 271 198 140 171 230 98 256 258 212 153 84 236 262 287 291 289 278 298 279 249 315 253 125 248 259 274 204 181 250 208 273 297 94 95 206 215 305 209 93 150 16 8 10 101 71 263 117 110 270 222 77 132 : 5088.93
5 2 
1 147 32 161 151 268 313 249 18 243 134 280 120 221 219 239 297 93 209 19 178 49 263 247 203 138 258 171 141 232 150 24 54 279 318 29 40 51 91 259 199 223 158 311 267 300 212 303 271 17 244 231 12 301 26 196 111 113 265 264 85 79 74 122 105 253 187 194 102 27 89 179 166 218 163 229 88 315 274 170 310 225 130 20 4 257 107 154 64 189 73 238 2 92 185 266 180 35 127 15 63 192 168 240 6 197 157 176 87 204 309 213 226 241 284 289 245 242 143 173 96 195 48 292 273 307 108 115 21 156 125 224 153 80 14 135 70 22 200 97 69 296 193 167 162 288 208 66 276 206 148 191 270 262 190 304 101 3 37 291 205 11 8 251 222 211 65 62 278 236 186 159 294 139 272 137 317 184 302 283 146 198 181 47 174 183 285 55 9 56 182 84 76 140 114 119 44 293 123 220 128 59 67 83 68 46 78 77 287 7 281 133 275 286 121 312 57 172 75 16 305 260 290 234 252 60 149 215 201 207 295 165 298 235 5 23 152 160 53 95 210 124 214 230 118 142 228 106 308 104 81 41 30 216 131 98 10 71 94 117 28 175 45 227 299 116 129 256 314 99 217 316 144 43 58 50 255 25 82 86 34 277 72 202 246 254 52 164 188 177 248 269 250 233 109 132 13 126 136 145 103 33 169 110 38 112 39 61 90 100 237 261 282 155 306 42 36 31 : 5153.16
5 3 
1 161 84 184 174 63 99 3 136 209 310 195 193 308 181 149 268 298 287 197 200 246 231 278 98 95 100 175 266 250 217 130 36 21 228 230 303 179 199 291 204 23 59 31 118 235 273 166 265 260 216 256 244 233 236 232 214 222 234 227 220 269 160 207 185 167 176 75 198 92 93 105 9 111 108 242 106 128 2 11 7 22 153 281 173 190 159 61 50 72 58 103 182 177 40 116 5 314 13 122 271 249 248 213 113 28 20 86 56 54 73 101 17 134 129 145 39 115 104 189 285 284 282 121 138 133 137 146 19 33 312 311 206 201 135 257 297 305 302 274 165 170 318 272 270 275 267 241 254 292 202 205 186 289 158 171 277 290 288 192 295 4 37 79 62 70 180 229 218 252 243 261 315 306 299 294 60 42 18 119 141 16 123 10 245 247 88 49 80 27 154 147 144 131 172 178 215 211 132 152 112 53 68 317 78 47 12 83 85 57 87 94 107 6 24 316 64 82 188 309 280 263 296 151 255 34 164 169 140 239 191 194 77 74 91 212 264 163 110 219 240 157 301 46 81 96 97 89 67 307 25 26 43 304 251 279 183 66 168 71 90 51 69 203 48 52 8 208 293 143 150 35 117 32 127 253 124 44 14 120 142 225 259 258 262 15 187 155 283 286 300 223 226 238 237 139 196 76 102 65 125 156 55 45 30 126 162 210 38 41 29 221 276 109 313 148 224 114 : 3544.02
