0 0 
1 7 10 32 22 21 27 31 28 30 316 55 56 83 78 92 91 89 100 201 95 207 94 202 194 295 280 171 193 287 278 279 291 285 200 199 293 292 294 281 286 273 314 250 143 259 267 276 308 310 298 309 283 282 303 301 288 192 151 157 164 161 160 155 153 162 34 107 106 136 9 50 49 44 74 105 52 51 48 47 57 58 53 62 67 72 64 42 13 127 124 158 140 144 269 296 289 272 315 258 255 266 304 305 300 297 311 307 302 274 318 270 271 290 170 166 165 142 149 152 150 145 35 133 122 138 14 134 135 137 128 125 130 126 208 115 212 220 217 110 114 5 4 111 26 18 25 16 8 17 112 120 117 131 141 147 159 154 231 249 262 268 260 263 275 261 277 284 204 38 43 54 41 61 210 177 181 185 186 163 173 65 189 76 79 68 70 69 86 98 317 104 33 36 63 172 168 129 209 132 121 116 113 108 123 119 230 313 253 224 245 248 256 254 265 257 264 246 235 226 221 218 213 219 215 214 223 244 216 211 222 118 109 234 241 227 228 233 225 238 229 237 236 247 251 252 243 242 240 239 232 139 148 146 174 299 205 306 312 195 184 190 197 196 206 178 180 175 167 179 182 191 87 183 176 187 85 96 93 101 102 75 77 81 59 82 71 97 99 90 73 80 84 40 45 46 156 60 66 88 198 203 169 188 39 37 20 29 6 2 12 23 19 24 103 15 11 3 : 1394.46
0 1 
1 8 25 103 23 24 22 29 7 6 10 11 20 15 30 21 12 17 18 26 36 19 33 28 27 32 46 57 53 5 4 129 124 35 13 107 108 117 111 126 140 242 225 221 217 216 212 119 114 113 123 121 122 136 42 60 157 146 161 153 150 154 160 39 164 210 169 99 90 93 97 102 96 82 92 91 101 83 85 105 54 58 56 50 47 64 71 76 62 63 65 40 44 45 51 55 41 81 69 183 187 184 52 37 104 48 316 43 72 84 317 59 73 80 68 77 86 79 67 78 70 75 74 89 98 100 207 88 94 87 177 176 188 186 174 179 189 190 66 172 185 156 155 158 162 139 238 231 232 211 220 222 230 233 218 214 223 215 219 224 244 248 270 305 297 310 304 307 306 289 287 301 200 312 311 303 309 308 299 298 275 272 264 256 247 229 236 235 228 237 226 243 234 227 246 263 255 314 253 251 254 241 313 118 109 110 213 239 240 144 163 152 148 147 149 151 159 168 175 178 181 191 167 145 38 209 137 135 138 134 34 127 131 130 112 115 133 16 9 106 120 128 132 125 116 14 208 141 142 143 260 257 259 250 273 261 252 258 265 262 268 271 280 283 284 282 281 292 288 277 171 166 165 266 315 286 274 290 296 295 300 318 249 245 267 278 170 269 291 276 285 279 294 199 192 193 293 302 195 180 95 197 196 198 202 201 206 205 203 194 204 182 173 61 49 31 3 2 : 1172.56
0 2 
1 6 28 31 19 16 29 17 103 32 30 27 9 3 10 15 21 22 20 13 34 153 155 150 162 160 39 38 65 173 198 196 207 81 89 80 67 101 96 97 91 85 102 86 60 172 182 191 183 66 202 201 94 95 69 73 105 59 317 40 316 18 26 47 44 45 104 25 33 24 23 12 36 55 50 75 74 58 61 210 187 177 176 178 185 186 167 303 285 290 318 270 271 256 240 229 227 236 238 217 221 110 225 220 122 108 211 222 218 213 226 219 233 118 241 243 261 254 157 137 106 127 42 99 98 180 195 194 179 175 265 258 242 250 252 249 264 259 139 315 269 251 263 266 260 230 216 109 214 215 228 232 115 125 136 135 126 116 208 120 35 128 112 113 114 130 133 124 117 231 313 314 255 273 282 287 170 288 295 281 192 278 277 279 291 283 181 189 184 146 156 165 144 234 147 171 293 199 306 302 200 193 289 296 299 308 309 312 301 275 245 248 244 223 224 246 212 237 235 247 166 257 253 267 272 297 305 310 304 280 284 300 298 286 276 274 268 262 294 292 143 140 239 119 121 123 132 151 152 141 142 209 149 174 307 311 203 204 205 197 100 206 188 169 164 154 43 161 53 54 51 46 48 49 76 79 82 72 92 37 41 56 93 68 78 64 77 57 52 63 62 70 83 84 71 90 88 87 190 168 159 145 134 129 163 158 148 138 4 107 5 14 131 111 8 2 11 7 : 1431.61
0 3 
1 3 14 37 42 88 173 60 181 176 204 202 198 66 87 189 162 128 138 121 47 41 49 51 43 50 46 44 104 24 31 58 68 81 70 98 74 64 69 90 89 100 72 73 99 197 201 196 95 75 77 85 101 91 82 78 97 92 93 83 63 67 71 57 53 52 54 59 56 209 131 129 130 123 139 241 242 250 260 192 193 274 282 295 289 290 257 253 262 251 231 273 272 268 248 249 224 223 228 235 232 229 236 234 226 318 267 314 277 293 292 285 296 291 169 195 190 183 65 61 79 84 102 96 86 76 80 105 317 40 20 8 6 10 29 21 28 26 17 12 22 30 32 103 2 16 11 7 23 36 136 146 160 186 172 182 203 205 301 303 264 266 269 166 315 259 122 118 222 313 233 119 240 239 243 261 270 305 310 308 306 254 258 252 271 244 227 214 219 215 237 278 167 288 287 281 171 174 175 178 185 179 180 191 194 184 170 165 263 256 216 110 212 114 221 225 238 143 148 145 38 35 5 115 112 111 107 106 13 137 120 4 108 117 126 132 113 208 133 125 34 124 127 141 147 157 150 156 159 155 142 265 140 245 309 294 300 298 297 284 286 283 279 255 168 149 158 144 151 154 153 163 210 161 152 39 164 177 188 94 187 206 207 312 302 311 307 200 199 299 304 276 280 275 246 247 230 218 109 211 213 220 217 134 135 116 9 25 19 18 27 33 316 45 48 55 62 15 : 1483.18
1 0 
1 103 32 15 11 22 29 20 27 135 134 115 106 4 5 127 14 126 13 111 130 144 151 158 156 175 185 177 95 206 202 201 197 180 179 203 307 205 301 199 306 278 285 286 296 290 283 274 192 193 289 277 282 261 255 143 314 253 254 267 247 214 215 226 262 252 224 227 236 240 250 257 264 260 272 284 280 270 297 304 276 291 281 294 269 266 166 162 157 183 184 293 288 305 298 310 287 170 258 265 263 268 279 273 251 315 174 173 94 90 89 81 42 36 39 53 45 46 47 57 44 51 49 59 73 68 105 82 85 67 64 86 83 72 78 75 66 189 187 190 196 207 100 88 87 65 317 104 55 40 56 54 52 48 50 316 43 58 71 84 102 101 98 99 93 92 96 97 91 77 80 79 76 70 74 69 62 63 38 209 153 155 149 160 164 161 182 188 61 210 168 167 159 178 186 198 204 195 194 312 311 309 308 299 300 275 271 318 249 248 223 245 244 235 256 237 313 221 216 217 110 233 241 119 140 139 147 259 171 292 302 200 303 295 165 163 148 152 146 141 131 117 122 142 138 124 108 211 212 220 219 218 238 239 232 230 234 228 229 243 246 225 213 231 242 222 109 118 114 113 136 8 3 24 26 112 120 208 145 34 35 12 6 7 9 25 31 33 41 154 60 169 181 191 172 176 150 137 132 133 129 125 128 123 121 116 107 18 37 17 28 30 16 19 23 21 2 10 : 1225.15
1 1 
1 7 2 30 15 33 45 104 56 55 54 65 182 88 79 71 78 86 77 40 6 23 16 19 25 43 52 44 49 59 68 82 74 80 66 184 177 94 202 196 100 95 60 35 24 28 31 51 34 133 123 108 117 110 212 234 237 238 265 281 278 166 165 301 302 200 308 290 286 273 318 271 272 264 254 229 215 223 224 247 227 236 231 241 240 242 268 251 258 259 250 279 195 178 174 181 179 193 192 170 277 288 298 285 283 294 274 287 252 262 219 213 222 230 233 221 220 246 255 314 313 140 131 130 122 132 112 107 106 126 208 13 4 128 125 136 138 38 209 113 114 109 211 217 239 218 225 232 118 216 119 144 269 315 280 295 307 296 299 309 291 284 289 282 171 186 180 191 155 148 143 129 121 124 115 18 27 37 145 9 116 127 134 14 135 160 152 162 150 158 185 194 188 173 189 190 87 201 163 41 46 32 8 22 20 12 103 29 48 47 17 26 5 111 137 120 141 142 139 243 228 235 226 249 245 214 244 260 263 261 266 253 248 270 297 310 305 300 276 256 267 257 275 312 205 292 293 199 311 204 303 304 306 198 203 187 183 73 72 62 64 99 93 76 69 61 39 58 316 317 50 63 81 75 70 105 89 168 146 157 149 147 156 153 151 210 164 167 161 154 159 169 197 176 172 175 206 207 97 102 98 90 92 91 96 101 85 83 84 67 57 53 42 36 21 10 3 11 : 1406.12
1 2 
1 7 2 22 31 32 49 40 317 56 63 62 50 51 37 162 160 34 15 21 23 20 11 27 18 25 127 120 13 24 19 115 14 126 136 121 131 208 128 125 124 129 130 241 239 118 119 220 213 109 217 132 108 123 114 133 135 112 116 210 167 168 151 147 163 173 191 152 188 94 198 179 180 295 281 287 288 301 200 289 286 285 310 309 312 203 207 197 196 177 202 92 68 96 82 79 83 71 99 98 91 101 102 97 85 93 90 78 86 84 72 57 53 52 61 75 80 74 89 73 172 176 190 60 146 141 113 117 145 134 142 250 266 272 258 263 254 240 140 139 242 261 264 257 269 252 243 222 225 221 234 237 244 247 313 231 238 233 211 246 314 253 251 256 255 230 232 235 224 223 245 248 268 260 143 227 229 236 226 144 138 106 4 111 107 5 9 10 36 28 103 59 55 48 76 81 70 105 69 77 66 193 169 182 183 206 67 64 316 58 46 54 29 30 33 42 47 44 104 45 26 12 209 153 161 154 38 16 35 122 150 39 43 164 174 157 158 148 149 137 155 259 274 315 212 216 110 219 218 215 214 228 299 311 205 192 277 278 308 303 307 292 181 194 204 199 293 302 306 305 304 275 280 170 186 175 156 159 265 282 283 291 290 297 270 318 249 276 271 273 267 262 284 300 298 296 279 294 165 166 185 178 184 95 201 171 195 100 187 65 189 87 88 41 17 8 3 6 : 1481.55
1 3 
1 16 27 36 104 32 31 25 9 19 26 29 21 57 43 48 52 62 105 58 317 55 59 316 51 70 81 93 84 72 67 80 90 206 191 189 187 182 196 197 202 190 87 65 60 66 63 64 76 101 97 91 96 92 82 85 47 54 42 39 34 137 37 40 50 44 45 33 11 103 5 8 18 22 12 23 28 7 2 24 17 116 13 115 111 113 108 209 147 143 242 240 232 234 253 254 264 269 165 152 208 117 123 142 120 127 135 133 129 131 114 125 35 38 153 149 128 148 146 162 169 180 178 186 203 204 194 177 198 188 185 181 286 290 274 272 257 265 157 151 156 159 160 161 154 150 155 61 183 176 173 88 201 94 207 95 195 205 311 292 282 310 305 297 276 268 262 273 315 261 258 260 139 140 231 222 219 245 214 215 227 228 226 229 212 211 216 138 136 134 126 14 107 106 4 112 121 130 132 124 122 141 158 144 266 166 170 255 250 259 313 233 238 239 225 220 213 218 241 230 110 221 217 118 119 109 243 247 237 314 246 252 251 263 256 267 318 248 271 275 270 300 296 295 192 175 174 168 167 302 306 307 299 309 304 308 312 301 199 200 289 294 277 278 287 293 193 303 249 244 224 223 235 236 284 291 283 298 285 280 279 281 288 171 179 164 163 210 145 172 184 100 78 71 77 83 73 74 69 68 79 89 102 99 98 86 56 75 49 41 46 53 20 30 15 10 3 6 : 1213.59
2 0 
1 307 175 172 122 160 57 184 157 206 203 69 189 303 89 46 71 4 174 85 229 114 133 250 269 140 242 236 10 102 75 41 158 243 125 49 156 263 109 34 107 39 22 61 148 220 167 101 173 129 153 239 228 290 286 301 43 296 180 88 79 24 20 152 177 147 291 181 2 209 126 309 84 196 23 28 137 287 288 257 146 216 244 261 136 120 294 73 104 231 106 123 240 66 67 316 193 32 72 51 145 5 92 68 235 271 188 187 81 11 264 314 12 191 155 25 19 151 245 232 166 119 149 262 205 227 230 94 80 313 15 259 304 275 40 176 249 254 253 190 83 58 44 98 251 225 317 292 210 293 308 100 201 95 282 311 226 218 238 185 168 268 281 219 27 31 298 305 183 169 118 112 202 48 111 223 247 258 115 260 234 252 70 55 37 274 217 285 9 86 310 96 306 280 8 35 135 138 90 276 42 278 284 103 237 164 16 208 45 182 198 21 26 78 56 255 194 150 65 105 110 130 273 212 62 248 266 63 3 289 297 97 76 221 214 159 179 29 163 113 186 93 178 267 222 277 30 192 139 108 256 272 224 117 241 270 215 54 77 6 134 211 265 233 165 59 52 295 87 199 60 33 154 124 127 132 142 143 318 315 195 300 91 47 50 246 299 170 144 131 200 7 213 121 38 141 13 14 204 207 53 99 197 36 17 171 279 302 128 283 162 18 116 161 312 64 82 74 : 5012.29
2 1 
1 219 204 184 90 133 165 36 112 53 11 100 273 245 20 158 318 139 117 13 136 59 238 95 60 121 34 179 263 168 309 239 154 292 235 294 297 80 61 194 311 308 303 289 175 283 295 189 302 48 29 6 24 49 86 22 2 114 181 268 167 205 75 156 138 191 65 98 196 213 43 296 79 91 130 106 298 304 233 163 25 285 215 230 169 157 77 258 315 212 147 50 45 18 17 64 62 217 134 277 201 160 83 214 223 269 129 26 74 71 46 250 232 5 228 63 151 38 299 193 96 265 70 27 28 145 69 177 293 152 40 252 164 140 186 10 247 248 66 108 19 55 146 107 210 15 82 237 101 68 57 16 128 56 190 99 226 110 291 280 31 183 197 274 220 255 246 207 198 182 47 73 119 270 284 314 202 166 135 51 4 161 234 244 254 222 211 178 23 148 227 260 111 231 42 30 266 105 8 144 141 155 84 242 180 67 203 97 162 9 123 12 35 216 279 173 218 124 288 126 127 278 54 103 188 125 137 209 192 89 14 185 170 240 120 256 261 267 44 21 7 113 159 41 3 143 199 171 257 225 102 249 253 264 142 150 116 52 290 149 153 282 276 229 281 300 81 92 208 122 104 33 313 115 241 172 243 109 37 316 85 72 58 32 275 262 301 88 176 306 187 76 307 87 200 94 310 287 174 259 78 305 312 224 251 286 93 195 132 118 221 236 271 206 272 39 317 131 : 4987.77
2 2 
1 111 11 115 186 290 211 249 253 56 263 316 292 195 280 170 113 77 6 88 75 46 256 283 197 14 142 127 139 248 213 234 240 306 194 166 160 25 140 298 242 132 209 168 53 16 205 10 269 259 294 279 233 157 134 38 85 183 24 47 144 141 123 260 78 173 94 33 265 239 203 307 238 161 162 17 121 110 212 171 43 52 7 264 92 222 228 219 210 314 193 270 100 108 143 165 64 15 181 312 95 302 231 315 8 151 60 96 104 226 313 241 189 175 49 198 304 266 5 55 150 191 39 57 12 136 158 135 300 305 74 50 105 82 133 216 164 258 41 87 58 45 20 187 61 128 84 34 109 223 119 204 120 107 65 159 131 101 125 282 200 66 26 188 35 81 29 86 262 261 36 63 40 67 112 235 184 117 44 71 291 284 37 102 114 286 289 79 206 31 172 274 232 153 296 225 275 245 146 243 116 97 250 177 254 251 285 310 208 145 27 98 281 32 72 76 68 276 99 288 318 147 267 149 21 28 148 3 42 89 215 244 227 252 4 201 169 73 54 277 224 217 22 190 182 301 230 278 299 167 129 273 180 272 202 83 2 155 13 246 51 287 93 196 308 130 152 229 179 156 214 257 30 311 218 271 207 174 293 268 80 59 106 124 137 255 91 176 303 309 247 237 178 90 163 317 19 297 18 236 221 220 126 199 192 295 154 69 48 62 70 23 9 122 138 185 118 103 : 5119.44
2 3 
1 10 8 20 56 185 298 241 147 140 71 184 34 159 305 304 279 297 244 276 31 17 177 79 292 278 274 284 265 231 254 152 89 194 311 301 293 167 272 163 144 264 252 173 187 4 21 179 260 83 210 287 261 257 119 123 280 141 24 247 245 213 242 118 96 286 50 44 42 27 153 39 188 182 157 176 212 221 45 60 195 281 85 13 186 303 111 87 169 308 255 294 207 75 41 154 146 168 262 251 243 271 300 267 238 133 151 275 296 288 282 223 309 211 217 234 59 65 103 47 226 268 239 215 225 82 145 161 46 190 108 120 40 101 76 86 94 148 181 70 132 116 155 193 237 314 109 160 150 100 81 88 142 220 229 277 290 299 162 18 12 28 37 202 206 209 91 192 306 246 219 57 92 191 174 208 175 189 62 33 102 74 38 5 136 117 170 106 256 121 128 138 98 289 203 49 32 51 93 317 80 97 197 180 6 30 19 3 15 110 131 129 64 77 73 105 48 316 63 69 228 291 250 318 199 172 283 315 285 259 137 112 313 135 43 78 107 113 200 139 224 248 227 258 312 204 171 166 295 165 218 270 36 127 196 253 302 307 99 178 95 66 53 55 54 61 198 249 263 35 29 25 156 67 7 122 205 183 201 104 134 115 125 232 266 310 273 222 235 114 149 230 216 130 164 14 23 22 84 90 72 124 68 58 2 126 11 9 52 26 240 158 236 214 233 143 269 16 : 3965.34
3 0 
1 137 4 85 196 5 31 169 283 229 235 103 147 286 228 313 248 226 122 128 26 264 192 297 260 11 132 231 254 149 250 305 55 206 124 28 108 136 73 130 112 164 99 100 277 317 75 27 42 45 24 14 315 265 279 109 154 135 215 232 38 79 68 57 207 70 156 41 272 181 211 20 123 44 111 127 3 155 255 62 242 205 178 318 256 8 162 116 120 222 269 152 71 76 6 301 195 67 114 13 66 19 92 17 23 160 180 175 183 48 139 117 177 225 52 2 197 95 49 43 314 236 292 78 121 106 56 88 40 270 81 63 216 133 77 37 34 212 303 200 46 47 227 290 72 131 91 101 186 253 246 271 12 25 280 307 96 288 241 182 53 234 129 119 159 144 148 310 204 189 191 213 309 51 276 247 151 87 74 198 93 97 202 282 217 221 295 170 163 33 188 261 165 275 268 105 21 36 287 258 134 60 311 293 82 267 140 237 240 110 18 194 158 161 61 146 187 90 83 203 199 173 84 80 7 220 278 59 157 69 98 233 230 171 284 257 285 118 50 138 54 316 29 22 64 224 15 65 185 39 145 174 296 223 294 143 266 245 208 115 166 168 291 238 210 58 30 300 274 113 252 126 10 35 218 244 107 104 243 214 9 299 94 312 306 179 209 125 273 251 249 176 193 86 150 201 141 184 239 219 308 167 281 262 302 289 102 89 16 32 153 263 259 304 298 172 142 190 : 4896.02
3 1 
1 175 307 265 195 159 291 274 50 44 23 32 58 53 241 209 118 211 181 244 193 299 270 287 266 134 149 170 249 236 111 3 56 75 289 212 123 124 80 70 143 318 251 187 24 162 122 126 161 92 199 207 33 95 284 243 218 228 257 317 128 12 45 66 296 194 131 154 203 78 83 156 312 43 31 275 171 288 278 150 39 48 109 13 229 254 310 314 132 146 93 29 279 250 127 226 192 200 220 206 110 113 89 55 37 204 90 104 180 91 202 28 71 86 315 298 157 120 96 112 15 26 276 309 176 214 2 119 152 281 98 99 306 168 27 22 191 84 54 25 240 46 139 30 269 271 242 227 151 167 129 141 256 222 264 49 190 303 262 277 231 217 64 304 280 205 166 158 185 105 201 260 247 135 188 219 223 215 263 300 114 116 125 16 140 172 259 179 184 82 10 68 297 225 182 197 20 316 268 21 73 67 69 57 51 183 174 302 255 145 155 148 173 245 133 216 65 40 137 290 301 295 81 142 147 177 224 198 14 18 106 130 60 293 121 286 63 208 35 59 9 196 258 294 138 186 47 103 5 8 11 246 233 230 261 178 272 153 107 42 144 210 97 101 160 308 253 282 248 88 235 238 234 221 313 239 94 62 87 237 232 41 17 34 52 189 283 85 311 252 213 165 76 79 72 74 169 136 285 38 36 7 108 19 164 273 115 267 292 4 77 100 102 61 305 117 163 6 : 4789.7
3 2 
1 24 183 37 137 256 189 122 93 22 306 51 94 60 3 126 301 45 48 251 70 178 221 224 217 47 21 98 40 52 26 97 316 29 282 145 185 44 173 131 151 147 182 86 199 176 82 89 102 212 254 279 171 193 143 8 246 271 303 192 141 115 146 244 34 297 304 252 10 156 149 260 216 272 67 295 140 278 223 74 152 19 49 27 35 265 9 148 100 292 186 38 313 106 23 259 172 136 314 253 235 298 277 240 58 135 241 268 239 170 309 208 266 288 283 90 308 194 218 294 210 160 66 232 78 258 161 305 300 291 2 117 109 59 84 96 169 273 11 20 31 317 228 150 63 53 111 153 274 79 302 190 207 7 103 114 127 174 206 142 226 113 203 195 168 284 69 104 120 201 85 61 124 110 225 72 181 198 166 200 162 249 15 132 25 13 108 139 264 180 119 229 101 280 55 95 222 17 16 281 243 144 275 299 205 233 318 196 257 247 234 105 68 12 80 56 39 116 220 267 289 238 41 191 286 159 155 242 245 14 263 175 77 133 46 204 158 154 312 230 188 213 112 54 73 81 236 134 261 227 219 50 64 130 18 28 163 138 36 87 88 75 99 296 184 76 62 293 121 91 202 165 231 248 6 4 214 310 307 123 197 32 215 129 83 33 42 285 209 92 57 43 177 315 269 118 270 237 287 255 125 187 179 290 128 107 164 250 276 262 211 30 71 311 167 157 5 65 : 5072.25
3 3 
1 10 104 37 317 41 169 285 309 272 292 63 66 60 74 243 143 258 87 89 85 83 6 264 165 114 111 107 27 109 240 249 315 300 275 310 160 126 55 235 117 170 193 198 263 278 270 291 306 96 98 200 178 61 49 101 150 302 293 51 301 92 97 201 18 106 12 127 116 47 177 203 194 190 32 22 167 153 202 316 227 265 246 214 152 262 133 108 71 2 233 212 131 208 45 189 130 223 256 290 175 181 236 149 156 209 14 230 36 44 20 43 34 185 186 159 38 217 295 255 253 145 7 76 64 261 218 39 257 298 271 163 311 305 248 299 234 229 228 204 308 297 304 122 241 259 232 239 69 95 79 81 31 11 9 187 138 142 102 207 68 155 40 254 274 13 161 123 251 250 151 183 53 82 72 78 158 296 279 215 245 225 147 162 91 80 206 172 103 70 210 312 180 199 288 269 139 314 132 135 67 128 113 211 220 213 35 224 136 237 283 303 307 197 195 289 266 166 277 282 238 226 118 244 242 141 125 140 280 174 191 17 59 105 52 30 33 23 137 19 3 124 276 26 8 5 42 15 164 21 313 73 48 29 247 219 222 294 75 24 4 46 115 144 62 134 154 281 100 90 93 86 57 99 94 179 205 129 252 318 119 231 268 171 267 221 192 157 121 287 260 273 168 286 196 188 173 176 65 148 120 110 216 25 184 88 84 284 182 56 146 112 58 77 54 50 28 16 : 3872.25
4 0 
1 2 20 32 21 8 3 6 25 18 36 42 99 98 91 67 82 85 90 70 59 52 43 58 50 48 164 169 172 38 153 151 158 156 162 61 60 149 155 161 192 66 74 63 97 102 92 89 68 80 71 78 79 72 96 101 64 93 100 95 185 189 190 173 159 157 147 144 250 258 266 272 297 275 285 308 309 304 276 298 299 311 307 312 200 203 194 182 191 177 197 207 88 168 165 255 260 290 291 310 205 198 206 196 94 202 183 174 180 166 167 210 163 160 150 73 86 84 83 41 26 19 24 316 31 103 11 10 15 12 112 107 108 225 233 236 227 219 223 224 218 248 284 288 292 295 293 301 302 193 278 281 277 286 300 282 257 251 263 279 283 296 294 315 254 262 274 289 287 280 264 235 226 234 313 140 132 125 121 130 39 127 13 14 4 123 114 113 117 128 109 239 240 241 232 217 118 216 222 213 215 244 318 271 273 259 141 135 129 9 28 30 22 7 49 40 317 53 46 37 55 44 54 105 104 47 45 51 138 133 131 136 209 122 110 212 247 237 229 220 221 231 111 145 34 137 208 120 124 134 154 175 181 186 179 178 195 201 87 76 77 81 75 57 56 62 69 65 176 188 187 184 152 148 265 269 170 171 204 199 306 303 305 270 249 252 253 314 245 214 230 238 261 267 268 256 246 139 143 243 242 228 211 119 142 146 35 126 115 116 5 106 27 17 16 23 33 29 : 1410.83
4 1 
1 3 8 9 111 107 108 14 116 128 125 124 115 106 4 113 217 109 220 240 236 234 122 138 133 136 121 123 155 162 146 137 135 127 134 117 114 130 129 132 131 141 142 157 163 168 167 210 159 164 61 66 193 205 301 199 306 308 309 310 305 276 298 300 275 315 285 283 286 279 284 291 281 274 269 260 259 147 152 153 161 160 148 38 16 27 17 26 36 33 28 23 21 10 6 11 25 18 13 209 145 154 208 43 53 47 41 52 58 63 70 69 44 104 32 20 29 24 5 112 120 126 139 225 232 239 242 214 245 223 215 228 237 233 230 313 243 231 212 246 229 249 273 272 267 254 251 256 261 263 262 314 258 266 250 265 252 253 257 255 165 282 288 192 200 312 307 180 174 88 100 189 183 173 187 190 207 201 98 99 96 97 91 101 102 68 64 62 57 35 37 40 316 42 54 59 56 50 45 48 55 49 317 46 51 105 71 83 82 79 72 85 92 67 84 77 76 86 78 60 302 290 277 171 278 296 295 198 186 179 172 176 188 182 184 169 181 178 185 65 87 177 175 194 195 191 80 73 90 89 93 81 75 74 95 197 202 94 206 196 203 204 280 270 271 297 304 287 289 293 292 299 303 311 170 294 166 144 143 222 247 226 224 244 248 318 264 268 241 211 218 219 118 216 221 110 213 227 235 119 238 140 151 158 156 149 34 150 39 30 19 31 22 103 15 12 7 2 : 1182.24
4 2 
1 7 24 17 131 123 132 129 124 130 121 117 122 151 148 156 154 153 177 174 168 169 173 187 87 176 191 190 189 204 206 99 54 47 53 48 73 75 105 63 59 85 102 96 90 89 60 65 179 195 311 200 205 312 199 282 294 306 283 303 278 279 273 270 275 272 285 318 268 265 259 165 246 214 224 244 226 221 231 139 241 233 234 232 239 238 222 211 110 118 220 217 216 212 109 225 230 313 237 254 255 147 152 157 210 145 155 175 186 88 202 100 198 197 196 98 80 82 84 78 55 40 49 317 18 8 21 27 19 16 104 20 22 23 13 116 114 108 127 135 125 134 208 126 133 128 111 5 4 107 106 113 167 194 203 307 302 301 207 95 201 94 188 70 81 77 64 62 57 52 58 76 86 83 91 92 67 71 68 93 97 101 79 72 69 74 178 185 181 180 182 183 184 172 66 162 149 160 61 164 161 146 170 290 300 310 271 304 305 297 308 309 299 298 280 277 171 266 143 242 140 119 235 213 240 243 229 236 228 227 215 219 223 248 247 218 314 245 249 276 284 291 289 192 295 193 296 288 287 281 274 286 292 293 257 256 262 253 252 263 267 260 258 251 264 261 250 269 315 166 144 159 163 158 150 209 39 38 34 35 33 31 28 12 9 25 36 37 112 115 120 138 142 141 137 136 14 26 15 11 29 103 30 32 45 50 42 41 51 46 44 43 56 316 10 6 3 2 : 1216.91
4 3 
1 111 146 151 148 156 150 159 163 168 179 174 180 184 177 178 198 194 195 203 201 90 95 197 202 88 187 164 66 75 96 86 69 64 99 89 206 98 94 196 175 165 238 230 229 237 234 245 249 248 252 314 243 258 250 255 239 240 143 144 166 167 169 172 70 58 65 80 73 71 68 77 83 82 79 72 67 51 46 42 43 50 48 45 104 16 20 38 37 36 41 54 74 81 76 93 84 85 92 91 78 102 101 97 87 100 207 199 205 301 300 298 305 304 297 291 274 170 186 191 185 183 190 188 182 181 171 292 293 299 284 285 275 270 276 318 253 256 262 273 272 268 254 257 251 271 280 308 309 294 278 269 266 259 263 264 261 265 260 139 242 267 286 283 277 287 279 290 282 315 281 192 295 307 311 312 289 296 288 310 303 200 193 306 302 204 189 176 173 209 208 120 116 108 114 125 135 127 132 122 121 130 128 149 160 162 210 158 155 157 152 138 136 133 141 131 129 13 115 4 107 106 112 35 39 5 113 117 233 224 244 247 246 236 218 219 213 216 154 161 145 142 147 241 119 110 235 226 227 223 215 214 217 220 221 225 211 222 231 118 140 232 313 228 212 109 153 137 134 126 124 123 34 14 18 28 32 23 15 29 40 49 31 21 26 25 17 9 8 103 22 33 30 316 317 59 105 56 55 47 44 57 63 53 52 62 60 61 27 24 19 7 12 10 11 6 3 2 : 1194.98
5 0 
1 62 74 187 247 299 243 125 226 119 237 263 282 313 59 259 262 305 77 39 121 150 194 36 195 170 130 279 242 303 228 22 183 104 211 152 179 53 317 88 38 265 251 105 272 290 286 158 260 146 172 178 235 245 253 244 87 304 202 50 51 173 163 32 298 41 284 276 174 238 151 246 140 229 310 270 312 311 27 28 113 86 192 43 33 112 18 101 123 111 141 46 232 217 8 15 132 268 205 239 160 139 258 267 84 79 54 49 149 95 185 63 61 91 117 11 97 66 124 144 295 193 42 216 68 13 65 220 293 318 156 224 231 168 219 147 285 155 31 57 306 82 96 296 236 230 275 206 126 209 109 89 26 7 94 177 281 277 100 292 249 269 241 199 127 266 274 37 71 110 189 64 73 289 314 157 184 47 17 16 222 198 10 72 12 4 107 103 175 148 218 40 85 278 135 14 182 300 227 215 159 106 301 203 294 29 254 55 154 256 225 52 161 200 165 69 76 223 201 133 56 210 81 75 153 307 273 169 122 167 207 240 287 23 19 316 197 214 186 58 45 221 83 102 176 248 93 70 257 264 128 261 164 138 309 204 255 271 9 129 115 196 252 233 24 21 92 114 20 134 145 5 288 315 137 162 136 2 120 35 308 188 48 67 190 297 291 234 250 44 99 98 181 283 302 191 142 143 212 118 166 80 78 6 34 208 213 60 108 171 180 3 30 116 131 280 25 90 : 5118.78
5 1 
1 103 145 150 109 63 89 149 42 36 29 25 40 18 302 300 182 4 234 224 315 251 290 113 131 197 229 292 69 51 84 317 82 93 195 205 5 119 266 259 65 262 48 241 138 312 309 44 39 135 114 168 126 78 101 192 163 141 268 216 199 178 50 90 102 83 176 67 19 108 254 177 303 203 207 132 255 142 208 156 128 226 165 100 175 244 194 275 252 238 16 7 190 295 257 253 20 17 307 281 161 97 201 284 140 87 160 316 181 167 276 6 171 174 221 180 77 127 183 115 291 215 249 15 53 47 54 23 220 104 304 310 117 158 298 240 179 80 72 107 193 170 169 98 64 153 112 3 32 274 68 120 31 8 35 314 147 148 235 222 99 191 62 172 56 91 184 57 27 88 116 144 86 30 185 14 55 9 151 22 28 134 209 146 269 124 219 159 282 256 245 43 66 173 95 306 261 186 200 206 94 294 2 289 243 299 283 288 293 232 139 34 11 236 297 85 242 213 143 129 228 45 96 121 296 286 278 264 223 37 277 217 71 76 12 198 52 246 59 187 214 271 225 24 41 46 38 239 258 61 166 111 273 263 110 280 318 123 250 21 122 272 211 79 105 196 73 33 227 118 202 58 210 237 313 125 92 26 10 13 155 162 231 267 285 279 152 81 230 188 157 106 248 137 265 75 164 287 74 212 233 154 136 218 247 70 133 60 301 305 189 49 311 260 308 270 130 204 : 4981.48
5 2 
1 144 274 218 132 126 147 261 28 98 292 79 257 275 125 272 196 213 170 187 256 109 119 99 184 102 157 105 63 299 226 228 312 177 282 32 317 233 51 53 146 245 39 149 54 82 75 83 188 19 117 251 85 36 169 150 306 235 296 264 152 138 21 134 73 212 287 158 195 252 297 84 224 2 30 70 175 206 229 263 273 200 283 176 172 181 230 91 124 145 96 7 154 198 52 193 127 15 225 86 241 221 300 46 71 173 203 298 255 56 130 164 254 284 110 215 129 37 57 239 60 67 192 286 258 43 104 155 33 293 156 202 185 22 205 189 270 17 113 219 55 23 9 18 107 238 279 220 141 122 197 186 4 128 137 20 11 114 159 142 166 69 133 314 302 301 92 58 3 64 31 78 191 280 237 227 95 80 190 153 211 260 313 136 214 268 305 59 174 12 29 246 303 222 97 207 183 269 223 44 140 165 266 262 162 285 148 118 240 167 72 81 171 161 77 10 6 120 295 309 304 201 179 168 65 88 180 289 276 49 244 123 271 42 163 243 87 121 35 5 115 62 178 131 116 106 90 182 40 14 108 250 259 248 290 48 318 216 242 316 26 25 135 93 199 143 47 74 307 310 234 291 308 139 94 112 41 45 217 249 288 294 204 151 281 13 24 247 231 210 103 8 38 315 16 50 34 111 76 101 61 267 311 209 236 278 265 277 68 66 160 232 100 27 253 194 89 208 : 5137.45
5 3 
1 157 209 106 195 77 73 33 188 156 313 14 166 142 137 38 172 255 125 149 272 262 257 261 237 153 32 36 180 88 21 185 200 291 302 283 303 251 193 191 189 123 108 235 222 221 259 266 148 99 86 48 30 103 249 267 167 42 64 146 258 311 96 135 154 210 34 130 81 93 28 27 10 63 263 292 173 75 60 298 309 270 308 169 71 67 105 56 177 281 186 289 140 134 143 97 91 76 300 275 273 250 271 87 158 147 316 29 128 248 304 217 231 254 196 139 78 68 136 119 181 70 45 112 230 239 4 115 232 44 98 72 192 124 220 215 18 52 101 285 305 206 19 57 245 211 228 233 225 160 199 278 318 265 226 218 224 252 214 276 138 155 269 314 198 203 201 61 25 6 24 35 12 13 82 202 15 104 59 58 152 95 197 144 162 39 242 243 288 234 213 253 179 37 102 79 66 174 246 236 240 182 54 208 31 20 274 277 145 256 294 159 84 74 46 7 310 260 290 279 171 297 190 306 205 113 133 241 49 9 150 65 227 244 223 219 178 176 90 94 131 132 121 141 23 69 89 307 299 296 268 284 163 53 129 47 43 41 117 118 116 126 164 293 295 315 26 229 238 264 204 170 151 165 312 282 184 175 216 110 5 8 62 80 168 100 207 194 187 280 287 247 286 109 212 107 127 2 3 51 85 16 55 50 22 111 161 40 92 17 301 183 83 317 122 114 120 11 : 3900.2
