0 0 
1 2 6 7 10 11 15 21 22 29 103 20 23 28 30 31 32 33 27 24 19 16 17 18 25 26 37 36 104 40 316 317 49 45 48 50 55 56 59 105 57 54 51 47 44 41 42 43 46 52 53 58 63 62 64 67 68 71 78 82 83 84 85 91 92 96 97 101 102 93 86 79 77 72 80 76 73 69 70 74 75 81 89 90 98 99 95 94 100 207 206 202 201 197 196 88 87 190 189 188 187 183 176 173 172 65 66 61 60 39 38 35 34 137 136 135 134 127 126 208 125 128 133 138 132 129 124 121 122 123 130 131 142 141 209 145 154 150 153 155 160 161 164 210 162 159 156 152 149 146 147 148 151 157 158 163 168 167 169 178 181 185 177 182 184 191 198 203 204 195 194 186 180 179 174 175 171 170 166 165 269 315 272 273 280 279 284 285 291 290 286 283 289 287 282 274 277 278 281 288 292 293 294 296 295 192 193 199 200 205 312 311 307 306 302 301 303 308 309 299 300 305 310 304 298 297 276 275 271 270 318 249 248 245 244 224 223 214 215 219 218 227 226 228 235 236 237 234 229 222 230 233 238 313 231 232 239 240 241 242 243 246 247 252 253 256 262 263 268 267 264 261 257 254 251 314 255 258 260 265 266 259 250 143 144 140 139 119 118 225 221 220 213 211 212 216 217 109 110 114 113 108 117 120 14 13 116 115 112 111 107 106 4 5 9 8 12 3 : 433.881
0 1 
1 2 6 7 10 11 15 21 22 29 32 31 30 28 23 20 103 12 19 24 27 26 25 18 16 17 35 34 137 136 135 134 127 126 208 120 117 125 128 133 138 132 129 124 121 122 123 130 131 142 141 209 145 150 156 152 149 146 147 148 151 157 158 163 159 162 210 167 168 175 174 179 180 186 178 181 185 191 184 182 177 169 172 173 176 183 187 188 189 190 87 88 66 65 61 60 164 161 160 155 153 154 38 39 37 36 33 104 40 316 317 49 45 48 50 55 56 59 105 57 54 51 47 44 41 42 43 46 52 53 58 62 63 70 69 74 75 81 80 76 73 79 77 72 64 67 68 71 78 82 83 84 86 85 91 92 96 97 101 102 93 89 90 98 99 95 94 100 207 206 202 201 197 196 198 194 195 203 204 205 312 311 307 306 302 301 199 200 193 192 295 293 292 288 294 289 287 282 277 278 281 170 171 166 165 269 315 274 272 273 280 279 284 285 291 283 286 290 296 303 299 300 308 309 310 305 304 298 297 276 275 271 270 318 249 248 245 244 224 223 214 215 219 218 213 222 230 233 238 243 237 234 229 226 227 228 235 236 247 246 314 251 252 253 256 262 263 268 267 264 261 257 254 255 258 260 265 266 259 250 143 144 140 139 242 241 240 239 232 231 313 225 119 118 221 220 217 216 212 211 109 110 114 113 108 106 107 111 112 115 116 13 14 4 5 9 8 3 : 435.615
0 2 
1 2 6 7 10 11 15 21 22 29 103 20 23 28 30 31 32 33 27 24 19 16 17 18 25 26 37 36 104 40 316 317 49 45 48 50 55 56 59 105 57 54 51 47 44 41 42 43 46 52 53 58 63 62 64 67 68 71 78 82 83 84 85 91 92 96 97 101 102 93 98 99 90 89 86 79 77 72 73 76 80 81 75 74 69 70 66 65 61 60 164 210 169 172 173 176 183 187 188 189 190 87 88 196 197 94 95 100 207 206 202 201 198 203 204 195 194 191 184 182 177 178 181 185 186 180 179 174 175 167 168 166 165 171 170 281 288 292 293 295 192 193 301 302 199 200 205 312 311 307 306 303 296 294 289 287 282 278 277 274 272 273 280 279 283 286 290 284 285 291 299 300 308 309 310 305 304 298 297 276 275 271 270 318 249 248 245 244 224 223 214 215 219 218 213 222 230 233 238 237 234 229 226 227 228 235 236 246 247 252 251 253 256 262 263 268 254 257 261 264 267 315 269 266 265 260 258 255 259 250 314 243 242 241 240 239 232 231 313 225 221 220 217 216 212 211 109 110 118 119 139 140 143 144 147 146 148 151 157 158 163 162 159 156 152 149 209 145 150 153 155 160 161 154 38 39 35 34 137 136 135 133 128 125 124 121 129 132 138 141 142 131 130 123 122 114 113 108 117 208 134 127 126 120 14 13 116 115 112 111 107 106 4 5 9 8 12 3 : 432.147
0 3 
1 2 6 7 10 11 15 103 21 22 29 32 31 30 28 23 20 27 24 19 16 17 18 25 26 37 36 33 104 40 316 317 49 45 48 50 55 56 59 105 57 54 51 47 44 41 42 43 46 52 53 58 62 63 70 69 74 75 81 80 76 73 64 67 68 71 78 82 83 85 84 72 77 79 86 91 92 96 97 101 102 93 98 99 89 90 95 94 100 207 206 202 201 197 196 198 203 204 195 194 186 180 179 174 175 168 167 169 178 181 185 182 177 172 173 176 183 187 188 189 184 191 190 87 88 66 65 61 60 164 210 161 160 155 153 150 154 145 38 39 35 34 137 136 135 134 127 126 208 125 128 133 124 129 132 138 141 142 209 149 152 156 159 162 163 158 157 151 148 146 147 144 143 140 139 242 241 240 239 232 231 225 313 230 233 238 243 246 247 252 251 253 256 262 263 268 273 280 279 284 285 291 290 286 283 274 272 315 267 264 261 257 254 314 250 259 255 258 260 265 266 269 165 166 170 171 192 193 199 200 205 312 311 307 306 302 301 295 294 293 292 288 281 278 277 282 287 289 296 303 299 300 308 309 310 305 304 298 297 276 275 271 270 318 249 248 245 244 224 223 214 215 219 218 227 226 228 235 236 237 234 229 222 213 211 212 109 110 216 217 220 221 118 119 122 131 130 123 121 114 113 117 120 14 13 116 115 112 111 108 106 107 4 5 9 8 12 3 : 435.912
1 0 
1 2 6 7 10 11 15 103 21 22 29 32 31 30 28 23 20 12 19 24 27 16 17 18 25 26 37 36 33 104 40 316 317 49 45 48 50 55 56 59 105 57 54 51 47 44 41 42 43 46 52 53 58 63 62 64 67 68 71 78 82 83 85 84 79 77 72 73 69 70 74 75 81 76 80 86 91 92 96 97 101 102 93 98 99 89 90 95 94 100 207 206 202 201 197 196 88 87 190 188 187 183 176 173 172 65 66 61 60 164 210 167 168 175 174 179 180 186 185 181 178 169 177 182 184 189 191 194 195 198 203 204 193 192 199 200 205 312 311 307 306 302 301 303 299 300 308 309 310 305 304 298 297 276 275 271 270 318 249 248 245 244 224 223 214 215 219 218 222 213 211 212 216 217 109 110 220 221 225 313 230 233 238 237 234 229 226 227 228 235 236 246 247 252 253 251 254 257 261 256 262 263 268 264 267 315 272 273 280 279 284 285 291 290 286 283 274 282 287 289 296 294 295 293 292 288 281 278 277 170 171 166 165 269 266 265 260 258 255 259 250 314 243 242 241 240 239 232 231 118 119 139 140 143 144 147 146 148 151 157 158 163 162 159 156 152 149 209 145 150 153 155 160 161 154 38 39 35 34 137 136 135 138 141 142 132 129 124 131 130 123 121 122 114 113 108 117 125 128 133 134 127 126 208 120 14 13 116 115 112 111 107 106 4 5 9 8 3 : 435.751
1 1 
1 2 6 7 10 11 15 21 22 29 32 31 30 103 20 23 28 33 27 24 19 16 17 18 25 26 37 36 104 40 316 317 49 45 48 50 55 56 59 105 57 54 51 47 44 41 42 43 46 52 53 58 62 63 70 69 74 75 81 80 76 73 64 67 68 71 78 82 83 85 84 72 77 79 86 93 91 92 96 97 101 102 98 99 89 90 66 65 61 60 164 210 167 168 175 174 179 180 186 185 181 178 169 172 173 176 177 182 184 191 189 183 187 188 190 87 88 94 95 100 207 206 202 201 197 196 198 194 195 203 204 200 199 205 312 311 307 306 302 301 193 192 295 293 292 288 294 289 287 282 277 278 281 170 171 166 165 269 315 267 264 261 257 254 314 255 258 260 265 266 259 250 143 144 140 139 242 241 240 239 232 231 313 225 222 230 233 238 243 237 234 229 226 227 228 235 236 246 247 252 251 253 256 262 263 268 273 272 274 283 286 290 279 280 284 285 291 300 299 296 303 308 309 310 305 304 298 297 276 275 271 270 318 249 248 245 244 224 223 214 215 219 218 213 211 212 109 110 216 217 220 221 118 119 122 121 123 130 131 124 129 132 138 141 142 147 146 148 151 157 158 163 162 159 156 152 149 209 145 150 153 155 160 161 154 38 39 35 34 137 136 135 134 127 126 120 208 133 128 125 117 114 113 108 106 107 111 112 115 116 13 14 4 5 9 8 12 3 : 432.432
1 2 
1 2 6 7 10 11 15 21 22 29 32 31 30 103 20 23 28 19 16 17 18 25 26 24 27 33 36 37 42 41 43 46 52 53 58 54 51 47 44 104 45 40 316 317 49 48 50 55 56 59 105 57 63 62 64 67 68 71 78 82 83 85 91 92 96 97 101 102 93 98 99 90 89 86 84 79 77 72 73 76 80 81 75 74 69 70 66 65 61 60 164 161 160 155 153 150 154 145 38 39 35 34 137 136 135 134 127 126 120 208 125 128 133 124 129 132 138 209 149 152 156 159 162 210 169 172 173 176 183 187 188 190 87 88 95 94 196 197 201 202 100 207 206 198 203 204 195 194 191 189 184 182 177 178 181 185 186 180 179 174 175 168 167 163 158 157 151 148 146 147 142 141 131 130 123 121 122 119 118 231 232 239 240 241 242 139 140 144 143 250 314 246 247 252 251 253 256 262 263 268 267 264 261 257 254 255 259 258 260 265 266 269 165 166 171 170 281 278 277 274 315 272 273 280 279 284 285 291 290 286 283 282 287 289 294 288 292 293 295 192 193 199 200 205 312 311 307 306 302 301 303 296 299 300 308 309 310 305 304 298 297 276 275 271 270 318 249 248 245 244 224 223 214 215 219 218 213 222 226 227 228 235 236 229 234 237 243 238 233 230 313 225 221 220 217 216 212 211 109 110 114 113 117 108 106 107 4 5 111 112 115 116 13 14 9 8 12 3 : 435.12
1 3 
1 2 6 7 10 11 15 21 22 29 103 20 23 28 30 31 32 33 27 24 19 16 17 18 25 26 37 36 104 40 45 48 50 49 316 317 59 105 56 55 57 54 51 47 44 41 42 43 46 52 53 58 63 62 64 67 68 71 78 82 83 85 91 92 96 97 101 102 93 98 99 90 89 86 84 79 77 72 73 76 80 81 75 74 69 70 66 65 61 60 164 161 160 155 153 150 154 145 38 39 35 34 137 136 135 134 127 126 208 120 117 125 128 133 138 132 129 124 121 122 123 130 131 142 141 209 149 152 156 146 147 148 151 157 158 163 159 162 210 167 168 175 174 179 180 186 185 181 178 169 172 173 176 183 187 87 88 94 95 100 207 206 202 201 197 196 190 188 189 177 182 184 191 198 203 204 194 195 200 205 312 311 307 306 302 301 199 193 192 295 293 292 288 294 289 287 282 274 277 278 281 170 171 166 165 269 265 266 315 272 273 280 279 283 286 290 284 285 291 300 299 296 303 308 309 310 305 304 298 297 276 275 271 270 318 249 248 245 244 224 223 214 215 219 218 213 222 226 227 228 235 236 229 234 237 243 246 247 252 251 253 256 262 263 268 267 264 261 257 254 260 258 255 314 250 259 143 144 140 139 242 241 240 238 233 230 313 239 232 231 225 221 220 217 216 212 211 109 110 118 119 114 113 108 106 107 4 5 111 112 115 116 13 14 9 8 12 3 : 434.622
2 0 
1 2 6 7 10 11 15 103 21 22 29 30 31 32 33 36 37 42 41 43 46 52 53 58 57 54 51 47 44 104 40 316 317 49 45 48 50 55 56 59 105 62 63 70 69 74 75 81 73 76 80 86 79 77 72 64 67 68 71 78 82 83 84 85 91 92 96 97 101 102 93 98 99 89 90 66 65 61 60 164 210 167 168 175 174 179 180 186 185 181 178 184 182 177 169 172 173 176 183 187 188 189 190 87 88 94 95 100 207 206 202 201 197 196 198 191 194 195 203 204 205 312 311 307 306 303 301 302 199 200 193 192 295 293 292 288 294 289 287 282 277 278 281 170 171 166 165 269 315 274 272 273 280 279 284 285 291 283 286 290 296 299 300 308 309 310 305 304 298 297 276 275 271 270 318 249 248 245 244 224 223 214 215 219 218 213 211 212 216 217 109 110 119 118 220 221 225 231 232 239 240 241 242 243 238 233 230 313 222 229 234 237 226 227 228 235 236 246 247 252 251 253 256 262 263 268 267 264 261 257 254 314 255 258 260 265 266 259 250 143 144 139 140 142 141 147 146 148 151 157 158 163 162 159 156 152 149 209 150 153 155 160 161 154 145 38 39 35 34 137 136 135 138 133 128 125 124 129 132 131 130 123 121 122 114 113 108 117 208 134 127 126 120 14 13 116 115 112 111 107 106 4 5 9 8 17 16 18 25 26 27 24 19 28 23 20 12 3 : 432.203
2 1 
1 2 6 7 10 11 15 103 21 22 29 30 31 32 33 28 23 20 12 19 24 27 16 17 18 25 26 37 36 104 40 316 317 49 45 48 50 55 56 59 105 57 54 51 47 44 41 42 43 46 52 53 58 62 63 70 81 75 74 69 64 73 76 80 86 79 77 72 67 68 71 78 82 83 84 85 91 92 96 97 101 102 93 89 90 98 99 95 94 100 207 206 202 201 197 196 88 87 66 65 61 60 164 161 160 155 153 150 154 145 38 39 35 34 137 136 135 134 127 126 125 128 133 138 132 129 124 121 122 123 130 131 142 141 209 149 152 156 159 162 210 169 177 182 172 173 176 183 187 188 190 189 184 191 198 203 204 195 194 185 181 178 186 180 179 174 175 168 167 163 158 157 151 148 146 147 144 143 250 259 255 258 260 265 266 269 165 166 171 170 281 278 277 274 282 287 289 294 288 292 293 295 192 193 199 200 205 312 311 307 306 302 301 303 296 290 286 283 279 280 284 285 291 299 300 308 309 310 305 304 298 297 276 275 271 270 318 249 248 245 244 224 223 214 215 219 218 213 222 229 234 237 226 227 228 235 236 246 247 252 251 253 256 262 263 268 273 272 315 267 264 261 257 254 314 243 238 233 230 313 225 231 232 239 240 241 242 139 140 119 118 221 220 217 216 212 211 109 110 114 113 108 117 208 120 14 13 116 115 112 111 107 106 4 5 9 8 3 : 429.373
2 2 
1 2 6 7 10 11 15 103 21 22 29 30 31 32 33 28 23 20 12 19 24 27 16 17 18 25 26 36 37 42 41 43 46 52 53 58 54 51 47 44 104 40 316 317 49 45 48 50 55 56 57 105 59 64 67 68 71 72 77 79 84 78 82 83 85 91 92 96 97 101 102 93 98 99 90 89 86 80 76 73 81 75 74 69 70 62 63 61 60 65 66 87 88 94 95 100 207 206 202 201 197 196 198 203 204 195 194 191 189 190 188 187 183 176 173 172 169 177 182 184 178 181 185 186 180 179 174 175 168 167 210 162 159 156 152 149 209 145 150 153 155 160 161 164 154 38 39 35 34 137 136 135 134 127 126 208 117 125 128 133 138 132 129 124 121 122 123 130 131 141 142 147 146 148 151 157 158 163 166 165 269 315 272 273 280 279 284 285 291 283 286 290 296 289 287 282 274 277 278 281 170 171 288 292 293 294 295 192 193 199 200 205 312 311 307 306 302 301 303 308 309 299 300 305 310 304 298 297 276 275 271 270 318 249 248 245 244 224 223 214 215 219 218 213 222 230 233 238 243 237 234 229 226 227 228 235 236 246 247 252 251 253 256 262 263 268 267 264 261 257 254 314 255 258 260 265 266 259 250 143 144 140 139 242 241 240 239 232 231 313 225 221 220 217 216 212 211 109 110 118 119 114 113 108 106 107 111 112 115 116 120 13 14 4 5 9 8 3 : 435.07
2 3 
1 2 6 7 10 11 15 103 21 22 29 32 31 30 20 23 28 33 36 37 42 41 43 46 52 53 58 54 51 47 44 104 40 316 317 49 45 48 50 55 56 59 105 57 62 63 70 69 74 75 81 80 76 73 64 67 68 71 78 82 83 85 84 72 77 79 86 91 92 96 97 101 102 93 98 99 89 90 88 87 94 95 100 207 206 202 201 197 196 198 203 204 195 194 191 185 181 178 186 180 179 174 175 168 167 169 177 182 184 189 190 188 187 183 176 173 172 65 66 61 60 164 210 161 160 155 153 150 154 145 38 39 35 34 137 136 135 134 127 126 120 208 125 128 133 138 209 149 152 156 159 162 163 158 157 151 148 146 147 141 142 144 143 140 139 231 232 239 240 241 242 243 246 247 252 251 253 256 262 263 268 267 264 261 257 254 314 250 259 255 258 260 265 266 269 165 166 171 170 281 278 277 282 287 289 294 288 292 293 295 192 193 301 302 199 200 205 312 311 307 306 303 296 290 286 283 274 315 272 273 280 279 284 285 291 299 300 308 309 310 305 304 298 297 276 275 271 270 318 249 248 245 244 224 223 214 215 219 218 227 226 228 235 236 237 234 229 238 233 230 313 225 222 213 211 212 216 217 220 221 118 119 109 110 114 113 122 121 123 130 131 132 129 124 117 108 106 107 111 112 115 116 13 14 4 5 9 8 17 16 18 25 26 27 24 19 12 3 : 432.518
3 0 
1 2 6 7 10 11 15 21 22 29 32 31 30 103 20 23 28 33 27 24 19 16 17 18 25 26 37 36 104 40 316 317 49 45 48 50 55 56 59 105 57 54 51 47 44 41 42 43 46 52 53 58 62 63 70 69 74 75 81 80 76 73 79 77 72 64 67 68 71 78 82 83 85 84 86 91 92 96 97 101 102 93 98 99 89 90 95 94 100 207 206 202 201 197 196 88 87 190 188 187 183 189 184 182 177 172 173 176 65 66 61 60 164 161 160 155 153 150 149 152 156 159 162 210 169 178 181 185 191 198 203 204 195 194 186 180 179 174 175 168 167 163 158 157 151 148 146 147 144 143 140 139 242 241 240 230 233 238 243 237 234 229 226 227 228 235 236 246 247 252 251 253 256 262 263 268 272 273 280 279 284 285 291 286 290 296 294 289 287 282 283 274 315 267 264 261 257 254 314 250 259 255 258 260 265 266 269 165 166 171 170 277 278 281 288 292 293 295 192 193 199 200 205 312 311 307 306 302 301 303 299 300 308 309 310 305 304 298 297 276 275 271 270 318 249 248 245 244 224 223 214 215 219 218 213 222 313 239 232 231 225 221 220 217 216 212 211 109 110 118 119 114 113 108 117 124 121 122 123 130 131 132 129 133 128 125 208 120 126 127 134 135 136 137 138 141 142 209 145 154 38 39 35 34 14 13 116 115 112 111 107 106 4 5 9 8 12 3 : 432.887
3 1 
1 2 6 7 10 11 15 103 21 22 29 30 31 32 33 28 23 20 27 24 19 16 17 18 25 26 36 37 42 41 43 46 52 53 58 57 54 51 47 44 104 40 316 317 49 45 48 50 55 56 59 105 64 67 68 71 78 82 83 85 91 92 96 97 101 102 93 98 99 90 89 86 84 79 77 72 73 76 80 81 75 74 69 70 62 63 61 60 65 66 87 88 94 95 100 207 206 202 201 197 196 198 203 204 195 194 186 180 179 175 174 178 181 185 191 190 188 187 183 176 173 172 189 184 182 177 169 167 168 171 170 166 165 269 266 265 264 261 257 254 251 252 253 256 262 263 268 267 315 272 273 274 282 287 289 277 278 281 288 292 293 294 295 192 193 199 200 205 312 311 307 306 302 301 303 296 290 286 283 279 280 284 285 291 299 300 308 309 310 305 304 298 297 276 275 271 270 318 249 248 245 244 224 223 214 215 219 218 213 222 230 233 238 243 237 234 229 226 227 228 235 236 247 246 314 250 255 258 260 259 143 144 140 139 242 241 240 239 232 231 313 225 221 220 217 216 212 211 109 110 118 119 122 121 123 130 131 132 129 124 117 114 113 108 106 107 111 112 115 116 120 208 125 128 133 138 141 142 147 146 148 151 157 158 163 162 210 164 161 160 155 159 156 152 149 209 150 153 154 145 38 39 35 34 137 136 135 134 127 126 14 13 4 5 9 8 12 3 : 433.629
3 2 
1 2 6 7 10 11 15 21 22 29 30 31 32 33 28 23 20 103 12 19 24 27 16 17 18 25 26 36 37 42 41 43 46 52 53 58 57 54 51 47 44 104 40 316 317 49 45 48 50 55 56 59 105 62 63 64 72 77 79 67 68 71 78 82 83 84 85 91 92 96 97 101 102 93 98 99 90 89 86 80 76 73 81 75 74 69 70 61 60 66 65 172 173 176 183 187 188 190 87 88 94 95 100 207 206 202 201 197 196 198 203 204 195 194 191 189 184 182 177 169 178 181 185 186 180 179 174 175 168 167 210 164 161 160 155 153 150 154 145 38 39 35 34 137 136 135 134 127 126 208 125 128 133 138 209 149 152 156 159 162 163 158 157 151 148 146 147 144 143 140 139 242 241 240 239 232 231 313 222 230 233 238 243 237 234 229 226 227 228 235 236 246 247 252 253 256 262 263 268 273 272 315 267 264 261 257 254 251 314 250 259 255 258 260 265 266 269 165 166 171 170 281 278 277 274 283 286 290 279 280 284 285 291 300 299 296 289 287 282 294 288 292 293 295 192 193 301 302 199 200 205 312 311 307 306 303 308 309 310 305 304 298 297 276 275 271 270 318 249 248 245 244 224 223 214 215 219 218 213 211 212 109 110 216 217 220 221 225 118 119 114 122 121 123 130 131 142 141 132 129 124 117 113 108 106 107 4 111 112 115 116 120 13 14 5 9 8 3 : 435.183
3 3 
1 2 6 7 10 11 15 21 22 29 32 31 30 103 20 23 28 33 27 24 19 16 17 18 25 26 36 37 42 41 43 46 52 53 58 57 54 51 47 44 104 40 316 317 49 45 48 50 55 56 59 105 62 63 70 69 73 76 80 74 75 81 90 89 86 79 77 72 64 67 68 71 78 82 83 84 85 91 92 96 97 101 102 93 98 99 95 94 100 207 206 202 201 197 196 88 87 190 188 187 183 176 173 172 65 66 61 60 164 161 160 155 153 150 154 145 38 39 35 34 137 136 134 127 126 120 208 125 128 133 135 138 132 129 124 121 122 123 130 131 142 141 209 149 146 147 148 151 157 158 163 152 156 159 162 210 167 168 175 174 179 180 186 185 181 178 169 177 182 184 189 191 198 203 204 194 195 193 192 301 302 199 200 205 312 311 307 306 303 299 300 308 309 310 305 304 298 297 276 275 271 270 318 249 248 245 244 224 223 214 215 219 218 213 222 230 233 238 240 241 242 243 237 234 229 226 227 228 235 236 246 247 252 251 253 256 262 263 268 272 273 280 279 284 285 291 290 286 283 274 277 278 282 287 289 296 294 295 293 292 288 281 170 171 166 165 269 315 266 265 267 264 261 257 254 314 255 258 260 259 250 143 144 140 139 239 232 231 313 225 221 220 217 216 212 211 109 110 118 119 114 113 117 108 106 107 111 112 4 5 115 116 13 14 9 8 12 3 : 431.15
4 0 
1 2 6 7 10 11 15 103 21 22 29 32 31 30 28 23 20 12 16 17 18 25 26 19 24 27 33 36 37 42 41 43 46 52 53 58 57 54 51 47 44 104 40 316 317 49 45 48 50 55 56 59 105 62 63 70 69 74 75 81 73 76 80 86 79 77 72 64 67 68 71 78 82 83 84 85 91 92 96 97 101 102 93 89 90 98 99 88 87 66 65 61 60 164 161 160 155 153 150 154 145 38 39 35 34 134 127 126 208 120 117 125 128 133 135 136 137 138 209 141 142 147 146 148 151 157 158 163 149 152 156 159 162 210 167 168 175 174 179 180 186 195 194 191 184 182 177 185 181 178 169 172 173 176 183 187 188 189 190 196 197 94 95 100 207 206 202 201 198 203 204 200 199 205 312 311 307 306 302 301 193 192 295 294 293 292 288 281 278 277 170 171 166 165 269 266 265 260 258 255 259 250 143 144 140 139 242 241 240 239 232 231 225 313 230 233 238 243 314 246 247 252 253 251 254 257 261 264 256 262 263 268 267 315 272 273 280 279 284 285 291 290 286 283 274 282 287 289 296 303 308 309 299 300 305 310 304 298 297 276 275 271 270 318 249 248 245 244 224 223 214 215 219 218 227 226 228 235 236 237 234 229 222 213 211 212 109 110 216 217 220 221 118 119 122 123 130 131 132 129 124 121 114 113 108 106 107 4 5 111 112 115 116 13 14 9 8 3 : 434.086
4 1 
1 2 6 7 10 11 15 103 21 22 29 30 31 32 33 28 23 20 12 19 24 27 16 17 18 25 26 37 36 104 40 316 317 49 45 48 50 55 56 59 105 57 54 51 47 44 41 42 43 46 52 53 58 62 63 70 69 74 75 81 80 76 73 64 67 68 71 78 82 83 85 84 72 77 79 86 91 92 96 97 101 102 93 98 99 89 90 95 94 100 207 206 202 201 197 196 198 203 204 195 194 186 180 179 175 174 178 181 185 191 189 184 182 177 172 173 176 183 187 188 190 87 88 66 65 61 60 164 169 210 161 160 155 153 150 154 145 38 39 35 34 137 136 135 133 128 132 129 124 121 122 123 130 131 138 141 142 147 148 146 209 149 152 156 159 162 151 157 158 163 167 168 166 165 171 170 281 288 292 293 294 295 192 193 199 200 205 312 311 307 306 302 301 303 299 300 308 309 310 305 304 298 297 276 275 318 270 271 273 272 280 279 284 285 291 283 286 290 296 289 287 282 278 277 274 315 269 266 265 260 258 255 259 250 143 144 140 139 242 241 240 239 232 231 313 225 222 230 233 238 243 237 234 229 226 227 228 235 236 247 246 314 254 257 261 264 267 268 263 262 256 253 251 252 249 248 245 244 224 223 214 215 219 218 213 211 212 109 110 216 217 220 221 118 119 114 113 108 117 125 208 134 127 126 120 14 13 116 115 112 111 107 106 4 5 9 8 3 : 435.657
4 2 
1 2 6 7 10 11 15 103 12 16 17 18 25 26 27 24 19 28 23 20 21 22 29 30 31 32 33 36 37 42 41 43 46 52 53 58 63 62 57 54 51 47 44 104 40 316 317 49 45 48 50 55 56 59 105 64 73 76 80 86 79 77 72 67 68 71 78 82 83 84 85 91 92 96 97 101 102 93 98 99 90 89 81 75 74 69 70 66 65 61 60 164 161 160 155 153 150 154 145 38 39 35 34 137 136 135 134 127 126 120 208 125 128 133 138 141 142 209 149 152 156 159 162 210 169 178 181 185 191 184 182 177 172 173 176 183 187 188 189 190 87 88 94 95 100 207 206 202 201 197 196 198 203 204 195 194 186 180 179 174 175 168 167 163 158 157 151 148 146 147 144 143 140 139 242 241 240 239 232 231 313 230 233 238 243 237 234 229 226 227 228 235 236 247 246 314 250 259 255 258 260 265 266 315 269 165 166 171 170 281 278 277 274 282 287 289 294 288 292 293 295 192 193 301 302 199 200 205 312 311 307 306 303 296 290 286 283 279 280 284 285 291 299 300 308 309 310 305 304 298 297 275 276 273 272 267 264 261 257 254 251 252 253 256 262 263 268 271 270 318 249 248 245 244 224 223 214 215 219 218 213 222 225 221 220 217 216 212 211 109 110 118 119 122 121 123 130 131 132 129 124 117 114 113 108 106 107 4 5 111 112 115 116 13 14 9 8 3 : 434.717
4 3 
1 2 6 7 10 11 15 21 22 29 103 20 23 28 30 31 32 33 27 24 19 16 17 18 25 26 36 37 42 41 43 46 52 53 58 57 54 51 47 44 104 40 316 317 49 45 48 50 55 56 59 105 62 63 70 69 74 75 81 80 76 73 64 67 68 71 78 82 83 85 84 72 77 79 86 91 92 96 97 101 102 93 89 90 98 99 95 94 100 207 206 202 201 197 196 198 203 204 195 194 191 184 182 177 189 188 190 87 88 187 183 176 173 172 65 66 61 60 164 161 160 155 154 39 38 145 150 153 149 152 156 159 162 210 169 178 181 185 186 180 179 174 175 168 167 163 158 157 151 148 147 146 209 138 132 129 124 121 122 123 130 131 141 142 144 143 140 139 242 241 240 239 232 231 313 230 233 238 243 237 234 229 226 227 228 235 236 246 247 252 251 253 256 262 263 268 267 264 261 257 254 314 250 259 255 258 260 265 266 315 269 165 166 171 170 281 278 277 282 287 289 294 288 292 293 295 192 193 200 205 312 311 307 306 199 302 301 303 296 290 286 283 274 272 273 280 279 284 285 291 299 300 308 309 310 305 304 298 297 276 275 271 270 318 249 248 245 244 224 223 214 215 219 218 213 222 225 221 220 217 216 212 211 109 110 118 119 114 113 117 108 106 107 4 5 111 112 115 116 120 126 127 134 208 125 128 133 135 136 137 34 35 13 14 9 8 12 3 : 434.549
5 0 
1 2 6 7 10 11 15 103 21 22 29 32 31 30 20 23 28 33 27 24 19 12 16 17 18 25 26 36 37 42 41 43 46 52 53 58 57 54 51 47 44 104 40 316 317 49 45 48 50 55 56 59 105 62 63 64 67 68 71 72 77 79 84 78 82 83 85 91 92 96 97 101 102 93 98 99 90 89 86 80 76 73 81 75 74 69 70 66 65 61 60 164 210 167 168 169 172 173 176 183 187 188 190 87 88 94 95 100 207 206 202 201 197 196 198 191 189 184 182 177 185 181 178 174 175 179 180 186 194 195 203 204 200 199 205 312 311 307 306 302 301 193 192 295 293 292 288 294 289 287 282 277 278 281 170 171 166 165 269 315 274 272 273 280 279 284 285 291 283 286 290 296 299 300 303 308 309 310 305 304 298 297 276 275 271 270 318 249 248 245 244 224 223 214 215 219 218 213 222 230 233 238 243 237 234 229 226 227 228 235 236 246 247 252 251 253 256 262 263 268 267 264 261 266 265 260 259 258 257 254 314 255 250 143 144 140 139 242 241 240 239 232 231 313 225 221 220 217 216 212 211 109 110 118 119 114 113 122 121 123 130 131 124 129 132 138 141 142 147 146 148 151 157 158 163 162 159 156 152 149 209 150 153 155 160 161 154 145 38 39 35 34 137 136 135 134 127 126 14 13 115 116 120 208 133 128 125 117 108 106 107 111 112 4 5 9 8 3 : 434.323
5 1 
1 2 6 7 10 11 15 21 22 29 103 20 23 28 30 31 32 33 36 37 104 45 40 316 317 49 48 50 55 56 59 105 57 54 51 47 44 41 42 43 46 52 53 58 62 63 70 69 74 75 81 73 76 80 86 79 77 72 64 67 68 71 78 82 83 84 85 91 92 96 97 101 102 93 98 99 89 90 95 94 100 207 206 202 201 197 196 198 203 204 195 194 191 184 182 177 172 173 176 183 187 188 189 190 87 88 66 65 61 60 164 161 160 155 153 150 154 145 38 39 35 34 137 136 135 134 127 126 208 117 125 128 133 138 132 129 124 121 122 123 130 131 142 141 209 146 147 148 151 157 158 163 149 152 156 159 162 210 167 168 169 178 181 185 186 180 179 174 175 171 170 166 165 269 266 265 260 267 264 261 257 254 251 252 253 256 262 263 268 273 272 315 274 279 280 284 285 291 283 286 290 296 289 287 282 277 278 281 288 292 293 294 295 192 193 199 200 205 312 311 307 306 302 301 303 299 300 308 309 310 305 304 298 297 276 275 271 270 318 249 248 245 244 224 223 214 215 219 218 227 226 228 235 236 247 246 314 255 258 259 250 143 144 140 139 242 241 240 243 237 234 229 230 233 238 239 232 231 313 225 222 213 211 212 109 110 216 217 220 221 118 119 114 113 108 106 107 111 112 115 116 120 13 14 4 5 9 8 17 16 18 25 26 27 24 19 12 3 : 434.547
5 2 
1 2 6 7 10 11 15 21 22 29 103 20 23 28 30 31 32 33 27 24 19 16 17 18 25 26 37 36 104 45 40 316 317 49 48 50 55 56 59 105 57 54 51 47 44 41 42 43 46 52 53 58 63 62 64 67 68 71 78 82 83 85 84 72 77 79 86 80 76 73 69 70 74 75 81 90 89 91 92 96 97 101 102 93 98 99 95 94 100 207 206 202 201 197 196 88 87 66 65 61 60 164 161 160 155 153 150 154 145 38 39 35 34 137 136 135 134 127 126 208 117 125 128 133 138 132 129 124 121 122 123 130 131 142 141 209 149 152 156 159 146 147 148 151 157 158 163 162 210 167 168 175 174 179 180 186 185 181 178 169 172 173 176 183 187 188 190 189 177 182 184 191 198 194 195 203 204 200 199 205 312 311 307 306 302 301 303 308 309 310 305 304 298 297 276 275 271 270 318 249 248 245 244 224 223 214 215 219 218 213 222 230 233 238 237 234 229 226 227 228 235 236 247 246 243 314 255 258 267 264 261 257 254 251 252 253 256 262 263 268 272 273 280 279 284 285 291 300 299 296 290 286 283 289 287 282 274 277 278 281 288 292 293 294 295 192 193 171 170 166 165 269 315 266 265 260 259 250 143 144 140 139 242 241 240 239 232 231 313 225 119 118 221 220 217 216 212 211 109 110 114 113 108 106 107 4 5 111 112 115 116 120 13 14 9 8 12 3 : 434.003
5 3 
1 2 6 7 10 11 15 21 22 29 32 31 30 103 20 23 28 33 27 24 19 16 17 18 25 26 37 36 104 40 316 317 49 45 48 50 55 56 59 105 57 54 51 47 44 41 42 43 46 52 53 58 63 62 64 73 76 80 69 70 74 75 81 90 89 86 84 79 77 72 67 68 71 78 82 83 85 91 92 96 97 101 102 93 98 99 95 94 100 207 206 202 201 197 196 88 87 190 189 188 187 183 176 65 66 61 60 164 161 160 155 153 150 154 145 38 39 35 34 137 136 135 134 127 126 208 120 117 125 128 133 138 132 129 124 121 122 123 130 131 141 142 147 163 158 157 151 148 146 209 149 152 156 159 162 210 167 168 175 174 179 180 186 185 181 178 169 172 173 177 182 184 191 198 203 204 194 195 200 199 205 312 311 307 306 302 301 193 192 171 170 166 165 269 315 272 273 274 277 278 281 288 292 293 295 294 289 287 282 290 286 283 279 280 284 285 291 300 299 296 303 308 309 310 305 304 298 297 276 275 271 270 318 249 248 245 244 224 223 214 215 219 218 227 226 228 235 236 237 234 229 222 213 211 212 109 110 216 217 220 221 225 231 232 239 313 230 233 238 240 241 242 243 246 247 252 251 253 256 262 263 268 267 264 261 257 254 314 255 258 260 265 266 259 250 143 144 140 139 118 119 114 113 108 106 107 4 5 111 112 115 116 13 14 9 8 12 3 : 434.259
