0 0 
1 317 93 92 96 102 101 91 85 84 79 67 82 78 76 69 63 72 83 81 48 51 57 41 43 26 24 28 23 32 30 103 33 20 15 11 10 6 7 17 18 19 16 12 22 29 316 59 104 98 70 198 190 173 60 153 154 39 38 162 158 168 87 207 100 182 199 278 287 272 271 276 297 273 280 283 253 262 318 247 254 246 258 227 228 224 222 221 137 128 241 234 245 215 213 119 219 230 235 275 291 305 311 307 306 302 295 163 149 146 34 35 14 120 220 211 107 4 123 133 127 108 115 111 113 131 110 242 225 118 216 240 143 217 109 212 218 237 263 267 233 223 214 244 249 315 248 256 304 300 308 284 274 279 285 288 171 192 179 174 210 184 195 209 141 138 145 151 312 200 204 187 73 97 50 40 45 49 105 155 150 58 47 55 56 157 160 164 277 255 289 293 186 177 176 42 53 52 61 202 172 95 183 161 156 147 89 64 54 44 21 31 46 36 27 37 116 121 260 252 314 243 239 229 226 114 126 132 208 129 130 269 264 259 250 165 62 74 68 71 86 77 75 80 90 99 188 206 196 191 180 181 193 301 205 282 170 148 142 169 203 194 310 294 296 281 303 286 261 265 290 144 236 313 231 232 166 197 66 94 201 65 178 189 88 117 122 125 185 175 167 136 124 159 251 257 266 139 238 140 268 270 298 309 299 292 152 25 134 135 13 112 106 5 9 8 3 2 : 1731.44
0 1 
1 12 20 28 40 45 51 52 63 76 92 102 99 184 177 183 88 80 91 85 68 83 202 65 67 72 96 78 71 77 89 97 207 197 94 193 205 301 294 167 180 163 157 159 150 162 307 296 248 223 244 245 250 262 263 272 274 281 300 186 175 181 87 182 178 191 62 81 64 84 101 98 90 198 269 266 276 270 271 318 275 306 299 308 282 113 132 154 53 46 86 70 187 100 201 190 179 278 273 200 199 204 302 121 212 234 155 60 61 66 188 185 312 311 206 192 291 309 293 173 172 203 95 75 105 317 316 31 49 48 56 82 79 73 55 47 43 41 58 37 36 23 33 103 21 11 10 2 3 8 9 111 140 256 280 170 295 277 146 144 171 13 14 24 19 27 18 17 39 38 153 124 125 114 116 5 4 106 112 107 108 115 117 138 122 209 136 239 313 238 119 231 241 110 222 267 268 149 210 164 16 35 34 127 131 240 243 236 165 283 279 310 303 288 258 261 264 315 148 194 152 160 151 130 242 232 230 225 215 226 237 224 214 229 247 143 251 221 118 208 126 135 120 128 233 109 216 213 227 220 219 284 287 259 141 142 252 246 257 255 166 139 145 137 134 133 129 217 314 235 228 249 297 305 285 174 161 158 147 168 156 69 74 196 195 289 290 298 304 286 123 211 218 254 253 265 260 292 189 169 176 93 59 54 50 57 42 25 26 104 32 44 22 29 30 15 7 6 : 1803.26
0 2 
1 19 27 17 120 126 186 195 173 84 71 54 72 86 85 29 21 103 23 20 12 2 3 8 41 53 56 104 58 63 80 64 69 183 82 91 78 317 52 160 153 155 124 134 128 38 156 14 13 111 112 108 115 136 137 135 129 127 116 114 211 232 243 241 254 285 271 244 118 125 208 138 65 191 184 185 178 180 181 189 66 73 93 92 89 90 62 57 75 74 97 96 76 55 43 40 30 159 141 269 281 170 277 280 292 193 300 301 296 289 283 299 272 144 190 94 206 176 175 198 172 167 177 188 187 166 158 288 26 37 35 157 145 161 162 148 151 149 147 209 121 132 146 192 302 297 308 309 256 279 287 290 270 266 143 113 245 249 315 259 237 227 226 314 255 225 235 252 265 305 298 311 204 201 100 202 182 171 253 242 258 260 275 318 250 261 262 264 267 268 257 263 214 174 152 210 154 11 36 32 24 25 130 117 142 109 236 313 251 276 286 303 274 203 179 39 150 168 139 221 231 224 248 233 216 220 119 213 215 223 229 239 247 246 310 307 61 164 163 165 295 273 304 199 87 196 60 79 102 68 67 59 45 83 105 81 77 70 95 101 207 293 294 312 278 284 282 291 218 228 219 222 212 217 122 140 110 4 9 18 34 16 5 106 107 238 234 230 240 131 123 133 316 49 99 98 88 205 306 200 194 197 169 51 46 42 28 50 48 44 47 33 31 22 15 10 7 6 : 1933.99
0 3 
1 7 6 11 15 19 27 26 36 51 69 73 77 98 101 99 95 143 267 118 250 249 248 256 251 227 211 214 215 318 270 273 165 315 193 287 170 274 293 205 204 203 94 206 90 198 182 187 184 164 64 72 76 82 92 91 70 67 57 71 105 56 55 50 40 48 45 49 54 58 59 79 74 190 191 175 292 141 130 136 151 148 142 265 241 240 237 218 212 132 121 238 242 313 252 144 271 275 297 296 284 291 261 280 288 278 312 305 310 304 308 299 300 285 289 294 269 253 268 266 264 179 180 185 189 183 168 202 65 75 86 61 87 89 80 63 62 83 78 93 97 44 47 46 43 41 104 31 30 32 29 22 21 103 20 23 17 233 219 228 314 283 290 311 301 195 42 14 134 135 126 131 13 127 138 209 160 145 38 35 34 16 12 3 10 8 9 5 4 106 107 115 116 112 111 113 162 260 258 254 245 276 279 282 298 272 262 259 110 109 221 220 231 234 247 255 39 150 156 155 147 239 213 236 243 217 222 232 216 139 235 229 226 246 257 223 119 120 137 208 117 122 129 125 128 133 163 85 96 207 186 178 197 200 210 188 66 172 194 181 169 177 176 60 154 157 149 263 244 224 277 295 166 81 201 88 53 196 152 146 158 124 123 108 114 225 230 303 171 199 306 307 281 286 309 302 174 161 167 140 153 159 192 173 100 102 84 68 317 316 33 28 24 52 37 25 18 2 : 1707.03
1 0 
1 18 25 34 39 149 156 162 148 144 250 222 234 229 230 232 221 267 231 313 238 249 244 299 311 296 307 281 295 283 282 186 170 165 171 277 284 280 287 274 182 88 87 201 202 198 204 286 199 301 306 180 174 178 185 189 190 183 96 102 101 98 206 207 99 93 6 7 10 11 15 29 22 30 32 28 52 58 73 86 78 80 66 94 197 196 60 89 63 81 194 100 92 84 142 157 167 166 285 264 318 265 159 38 152 158 150 17 111 112 106 4 13 116 115 43 37 36 33 21 103 20 31 316 71 67 85 91 49 56 50 59 82 76 57 69 62 46 42 70 176 187 90 74 53 55 51 54 125 129 131 119 226 218 224 304 175 179 188 177 61 65 184 95 173 293 200 203 193 288 279 255 257 303 302 268 237 246 243 9 14 126 141 137 132 127 35 134 259 258 271 276 289 294 292 310 297 305 312 205 195 169 210 146 120 107 5 8 3 2 26 19 24 27 41 44 164 163 135 138 209 124 117 108 114 113 212 211 118 223 248 270 245 253 261 260 263 262 256 315 298 273 266 240 140 143 139 236 109 130 239 251 269 252 272 278 308 309 290 300 291 275 254 213 214 247 235 228 227 219 225 220 216 217 110 151 160 161 168 215 233 241 314 242 121 123 16 145 208 133 136 122 128 147 172 192 181 191 77 104 48 154 155 153 317 47 64 75 72 68 83 97 79 105 45 40 23 12 : 1734.58
1 1 
1 19 27 145 154 173 164 101 102 206 202 99 184 169 185 189 174 162 144 312 280 297 249 245 227 254 118 231 139 220 216 129 130 121 117 123 131 132 134 13 125 126 133 128 241 235 228 242 269 165 281 170 204 282 288 309 286 305 284 291 303 301 292 293 160 156 149 153 161 60 58 57 16 24 23 29 30 28 20 7 6 11 32 22 36 37 44 46 53 63 47 71 91 72 45 42 81 183 198 177 277 279 308 300 306 193 186 175 56 50 15 10 2 12 17 18 25 26 41 43 52 51 84 97 96 82 83 98 70 66 201 207 100 87 88 94 172 155 187 210 191 147 140 122 113 116 120 138 229 110 217 109 211 212 218 219 224 238 273 226 214 237 243 223 244 265 247 264 250 261 267 251 143 124 39 61 182 152 141 146 137 150 209 159 158 148 35 135 115 127 5 4 114 108 107 14 34 163 157 180 151 176 65 95 196 197 188 266 256 259 225 142 221 213 215 236 313 232 179 75 68 59 48 55 49 316 317 79 73 92 86 78 67 54 76 93 89 80 105 69 85 64 77 90 190 168 171 289 167 195 302 311 295 287 285 304 310 294 192 257 268 255 263 253 246 270 299 307 296 290 166 274 233 230 222 234 119 240 314 252 315 194 203 200 199 239 248 275 298 276 318 258 260 272 271 262 283 278 205 178 62 104 21 31 40 38 181 74 33 103 136 208 111 112 106 9 8 3 : 1739.74
1 2 
1 6 7 104 47 62 70 161 123 139 223 314 269 310 308 291 248 120 5 8 3 2 12 46 58 51 52 75 97 91 98 89 173 293 191 87 198 172 175 181 178 165 144 60 174 179 180 210 156 147 143 242 135 126 142 146 151 150 157 167 129 112 14 111 116 115 39 38 154 153 56 64 90 95 203 273 281 278 287 283 318 253 243 230 234 228 118 130 121 13 106 108 132 265 272 192 301 307 311 164 155 138 231 235 237 254 217 229 277 292 297 199 171 36 19 25 26 37 43 55 53 80 184 187 201 74 81 92 84 82 78 83 86 88 99 100 102 101 188 190 189 149 250 280 282 289 294 166 226 240 212 211 109 131 114 110 216 119 233 218 107 4 124 125 133 148 261 268 256 227 270 271 245 244 315 205 177 182 71 45 42 33 23 30 29 22 15 21 103 317 48 105 69 73 67 72 40 316 76 77 57 54 44 41 136 34 35 27 18 24 16 9 17 127 134 145 209 312 303 299 249 247 246 219 222 225 313 168 197 79 68 63 85 59 206 200 296 267 263 302 204 258 266 122 128 117 236 220 239 113 137 141 208 162 158 176 169 160 152 159 207 65 66 61 185 94 202 196 96 93 183 195 186 193 306 305 290 262 264 259 251 224 213 214 215 238 241 221 252 276 275 288 163 255 298 279 284 300 304 309 285 170 274 286 295 194 232 140 260 257 49 50 31 32 28 20 11 10 : 1929.91
1 3 
1 7 6 11 29 28 30 40 44 80 91 71 79 99 74 66 65 201 90 69 86 83 82 158 100 196 156 135 134 126 34 38 39 138 137 24 50 55 176 172 167 157 149 160 148 151 147 170 298 267 261 168 190 180 178 73 76 64 78 316 48 31 23 20 2 10 21 22 32 49 45 77 84 54 62 41 116 108 232 241 314 257 318 245 244 249 256 270 271 275 273 166 193 305 248 224 251 266 253 262 280 284 299 175 288 279 315 281 265 264 239 119 141 159 88 202 95 206 101 92 102 93 96 81 85 97 72 12 26 33 52 57 89 61 60 169 194 306 311 302 199 186 182 185 181 164 131 118 230 235 237 163 301 296 291 246 222 177 287 144 150 154 161 191 263 276 269 242 243 231 211 109 114 113 133 132 123 112 107 212 217 110 216 220 274 309 290 236 184 198 87 189 203 173 183 187 277 295 192 200 303 286 278 285 304 268 214 218 4 14 13 37 27 25 8 3 9 5 106 111 117 121 122 240 213 221 234 238 233 228 259 260 143 229 254 313 225 247 252 255 292 293 300 294 272 283 307 282 289 165 130 153 128 124 208 162 140 250 258 297 310 308 207 179 312 205 204 188 171 195 94 70 98 197 53 46 42 103 15 19 16 18 17 136 129 120 127 125 139 219 215 223 227 226 142 146 174 75 67 105 317 59 68 63 210 145 209 152 35 155 115 36 104 43 58 56 47 51 : 1857.41
2 0 
1 54 45 49 40 44 43 64 102 91 183 179 240 233 213 263 287 308 84 62 61 194 38 163 14 126 128 132 222 293 88 309 143 216 247 244 147 282 178 172 296 160 87 63 36 134 295 254 165 166 175 189 226 300 174 90 93 79 196 242 259 205 94 71 70 57 104 80 100 239 15 289 52 139 265 30 86 204 127 182 21 304 255 120 2 302 245 280 253 154 35 41 56 101 232 81 214 50 83 136 221 58 290 33 73 234 153 97 313 112 256 152 119 145 176 18 217 123 243 277 171 26 192 68 99 191 185 275 231 241 140 278 150 251 286 161 235 169 89 115 316 122 138 124 190 252 317 264 7 31 98 218 106 114 110 248 301 65 206 207 294 237 25 24 198 78 305 113 37 261 69 8 284 159 299 311 312 315 274 162 6 20 203 199 297 318 228 195 29 307 197 272 75 59 211 250 310 291 266 51 142 3 144 276 273 227 148 5 103 133 155 246 151 39 96 230 12 108 292 9 157 279 95 156 168 121 270 146 22 23 188 117 303 200 167 180 285 60 46 77 48 281 236 170 262 47 201 225 184 202 158 224 141 223 258 209 85 28 109 283 257 215 267 268 193 118 249 314 212 306 53 55 131 111 149 42 13 271 177 10 137 72 130 129 186 181 105 210 32 19 107 269 82 260 229 187 288 17 27 11 4 116 67 76 34 92 173 298 219 208 135 125 164 238 16 220 74 66 : 5001
2 1 
1 111 167 85 53 163 193 227 105 56 268 298 69 137 311 42 44 142 130 134 294 270 122 162 116 11 93 201 43 235 221 253 160 34 166 198 308 148 61 147 303 141 256 64 82 197 240 3 262 271 238 55 4 80 139 118 276 267 215 295 205 27 135 282 305 199 297 83 49 74 119 213 26 17 239 228 84 202 98 78 50 92 154 224 285 60 81 183 293 190 132 127 257 25 12 242 269 275 218 245 177 51 22 90 145 186 259 159 291 109 300 94 20 10 6 2 58 106 280 310 101 133 272 171 185 33 144 258 234 157 161 7 176 254 283 165 65 16 314 252 207 188 178 71 28 203 180 216 315 77 232 8 37 23 277 214 208 292 76 70 309 41 79 151 243 131 136 112 219 206 317 96 115 48 181 99 15 24 87 229 260 306 36 5 63 100 179 288 164 281 236 195 287 170 126 247 266 220 149 286 212 237 302 120 108 72 102 143 146 312 264 31 233 284 114 97 46 204 223 296 73 91 173 138 244 211 191 182 128 121 129 107 29 250 14 125 113 86 54 117 192 274 304 313 75 225 103 32 89 38 150 45 217 110 222 248 231 246 52 184 172 59 251 263 209 21 57 152 261 35 299 200 19 123 241 174 13 210 194 40 88 66 273 155 175 104 289 301 47 156 153 265 68 62 279 189 95 290 307 140 124 18 30 230 168 318 249 226 187 169 39 255 278 67 316 196 9 158 : 5111.35
2 2 
1 112 223 266 139 245 213 175 94 194 173 293 158 161 154 264 124 249 288 227 149 315 270 248 271 92 71 48 128 209 47 74 216 290 12 105 36 258 172 85 46 274 246 231 144 179 260 296 29 160 44 49 6 77 83 88 122 117 41 152 208 302 104 193 313 316 116 215 170 259 147 140 268 176 130 303 155 273 188 101 32 115 5 33 66 99 311 202 204 169 110 120 7 304 206 76 84 16 38 24 276 187 164 132 141 8 21 9 136 162 135 35 138 177 114 80 22 237 67 219 314 230 143 119 192 61 292 196 309 244 257 272 205 285 228 238 40 201 151 167 254 178 59 62 3 63 182 82 137 255 65 157 224 79 168 295 30 78 305 146 11 263 286 73 317 183 51 281 300 180 14 118 42 269 15 13 236 28 306 282 312 301 165 174 150 240 148 243 197 226 60 229 250 81 265 212 111 106 221 142 39 256 45 64 253 181 109 308 280 239 58 262 195 191 214 232 210 52 86 156 127 27 96 279 145 69 20 56 318 129 284 207 126 108 125 171 241 70 185 17 287 211 297 190 186 123 299 298 310 121 107 87 89 72 184 95 133 199 53 50 43 234 251 37 203 275 189 277 242 291 261 159 278 267 10 289 26 113 55 4 31 283 307 235 222 218 217 90 153 166 98 54 131 75 25 252 294 102 57 103 23 91 100 163 34 233 134 200 220 247 225 198 97 93 68 19 18 2 : 5078.27
2 3 
1 318 271 284 270 261 110 263 268 248 192 174 259 313 293 201 200 165 166 66 61 38 218 235 240 314 257 254 285 274 272 273 279 299 181 65 70 80 98 71 64 40 83 316 67 175 229 194 74 137 253 283 280 191 245 141 179 193 281 295 146 18 27 103 107 204 9 222 185 243 252 276 198 195 129 87 59 277 291 251 260 258 26 25 224 241 163 34 75 76 31 28 24 196 167 282 286 305 236 230 304 216 140 123 138 101 199 130 37 69 90 100 84 77 23 55 92 164 297 249 212 49 96 85 46 60 171 22 207 292 188 29 208 157 296 126 133 127 111 12 182 91 256 262 147 88 42 187 221 227 4 315 266 223 148 62 269 48 63 150 54 73 89 232 114 3 2 6 10 11 105 119 132 135 113 210 33 30 102 93 72 255 172 278 239 144 149 160 47 44 121 97 162 302 13 14 197 82 177 35 17 128 294 56 184 250 161 301 308 142 151 32 94 178 68 153 124 211 15 58 206 176 203 52 217 109 298 265 139 264 310 205 186 45 7 78 19 202 95 209 244 215 156 39 247 108 225 287 233 306 57 189 155 20 120 220 180 300 41 53 81 169 158 5 50 115 288 228 226 106 116 125 152 43 8 104 112 170 309 79 86 311 134 303 290 289 275 242 237 238 131 173 231 234 190 136 36 51 183 16 145 317 219 246 267 214 21 117 213 122 154 159 143 312 168 118 307 99 : 4226.38
3 0 
1 44 64 80 91 165 296 309 306 303 315 242 225 212 146 108 269 170 204 205 270 86 199 55 118 38 39 68 236 5 260 147 299 311 244 184 237 126 166 53 116 109 132 169 180 66 187 32 50 130 88 241 175 16 110 298 48 65 249 37 301 41 77 35 198 188 185 273 276 232 202 230 248 274 302 105 317 29 20 250 47 297 214 157 145 52 253 3 168 210 217 235 140 30 131 167 213 4 281 304 144 243 148 158 218 211 239 177 155 111 117 138 72 60 234 129 95 79 83 12 287 22 209 173 128 31 97 71 285 43 221 255 247 263 229 233 78 51 162 208 257 122 266 127 119 133 84 275 258 58 254 115 19 26 183 120 256 245 318 271 290 195 186 197 267 149 113 252 171 152 163 203 82 102 159 194 69 42 25 23 15 24 300 310 268 264 251 143 282 272 18 137 151 136 154 14 13 135 284 313 238 124 220 283 142 150 216 231 112 215 308 76 85 56 74 54 206 101 33 103 11 7 27 153 288 99 59 295 226 293 289 207 87 63 259 104 201 223 265 219 36 192 314 156 70 6 21 57 172 182 181 190 75 189 100 92 200 98 196 49 246 161 96 62 305 121 174 286 139 312 141 8 125 224 89 164 93 261 178 9 94 278 292 222 227 40 291 279 45 277 307 2 262 106 34 46 67 191 90 107 316 73 280 240 61 176 114 28 160 17 10 228 193 123 294 179 81 134 : 4835.33
3 1 
1 84 307 175 180 305 212 296 174 253 264 132 138 163 39 310 234 239 161 248 130 245 171 278 229 206 178 122 34 128 74 94 188 111 187 64 27 12 17 230 225 170 172 173 190 102 96 91 291 282 265 167 165 110 240 134 60 82 31 261 267 85 37 32 75 301 53 4 318 136 141 101 210 280 50 70 83 90 133 181 61 273 146 11 7 103 89 195 155 263 127 279 193 302 281 288 87 207 242 251 109 152 88 148 54 277 216 250 63 42 209 119 120 9 56 260 314 312 205 123 183 24 149 228 214 5 114 304 100 269 219 217 45 78 283 317 26 43 22 299 300 270 176 118 121 276 20 157 249 313 117 243 2 158 201 108 13 6 52 160 290 115 46 104 186 231 285 286 131 8 241 221 36 124 107 113 57 126 25 62 80 294 139 16 226 72 255 162 93 38 58 59 137 168 224 140 197 97 106 95 41 18 44 48 308 298 47 156 159 145 169 297 235 258 21 142 259 223 233 164 247 15 311 295 274 112 238 236 256 68 49 14 266 10 67 272 182 202 23 71 316 268 69 40 33 220 309 306 218 254 154 292 189 166 287 19 185 105 29 86 65 92 30 222 215 293 198 237 125 73 81 66 196 55 194 232 262 208 76 116 99 315 184 191 275 257 244 77 252 135 51 28 199 303 179 203 79 192 143 3 289 153 284 204 200 35 211 129 151 150 246 177 147 227 98 213 271 144 : 5065.96
3 2 
1 146 125 19 220 107 158 105 8 115 297 293 51 265 78 116 2 30 274 111 316 54 161 71 198 12 11 296 187 73 75 247 305 304 278 189 132 66 91 61 171 279 312 240 200 259 199 276 246 253 267 136 22 104 221 133 177 173 180 142 289 72 58 235 99 260 140 143 13 10 21 165 157 5 254 248 252 80 183 84 226 155 135 92 33 29 74 114 219 225 153 127 122 82 149 194 25 145 26 39 227 291 69 48 292 290 215 94 299 85 201 98 236 239 56 37 53 282 281 97 238 118 272 124 229 95 172 182 96 27 185 193 24 113 32 20 55 156 313 167 163 9 3 45 120 23 40 196 38 257 288 121 144 208 154 184 44 270 190 70 230 129 206 303 300 170 123 310 4 138 266 103 209 6 137 47 231 52 207 205 14 112 17 62 228 294 7 46 159 102 286 301 139 262 59 317 42 298 35 232 130 109 152 245 314 242 77 87 192 255 101 178 191 28 81 68 88 41 188 186 307 271 217 179 311 106 204 181 34 224 222 237 256 195 223 269 277 57 100 108 315 49 36 309 160 131 168 50 67 15 63 249 60 83 202 93 64 134 233 241 16 43 261 166 65 275 244 110 213 258 251 76 273 306 263 79 162 280 203 308 295 264 150 283 141 216 268 318 164 31 176 211 234 117 214 212 128 169 243 175 148 89 174 284 197 86 90 210 250 287 126 218 285 302 151 119 18 147 : 5093.05
3 3 
1 20 193 203 166 200 176 73 101 167 74 213 247 244 249 261 258 281 292 67 42 35 69 75 65 191 83 71 78 93 271 188 141 136 130 208 26 9 159 274 33 163 226 131 125 124 158 192 64 51 46 265 259 122 262 307 302 179 301 207 87 196 57 204 129 286 297 269 148 285 224 217 134 202 190 143 243 218 175 60 41 160 251 165 284 314 132 219 112 115 118 257 296 161 233 288 225 241 279 62 47 49 55 56 120 135 137 154 156 88 76 61 145 140 242 180 276 287 298 183 248 178 66 79 293 295 50 316 104 91 172 45 37 32 185 238 105 182 231 282 127 117 237 230 169 34 310 133 245 85 22 6 2 3 13 111 113 209 164 153 267 220 216 211 305 174 214 280 40 48 24 29 90 250 89 168 177 23 30 27 173 96 36 54 25 228 5 266 121 240 162 234 14 246 128 170 84 187 146 38 39 31 103 7 10 11 21 102 44 206 147 114 17 311 255 4 108 116 119 222 229 308 201 215 272 289 252 205 275 318 181 155 254 236 151 99 317 70 53 152 278 277 256 223 315 43 186 144 8 150 52 15 28 18 59 299 72 80 235 232 109 290 199 294 81 92 86 77 212 149 312 195 291 253 68 313 273 283 303 306 194 100 197 94 82 58 12 16 198 157 126 106 123 142 227 268 184 107 221 264 189 97 98 19 210 63 95 300 239 270 304 260 309 171 138 110 139 263 : 4105.36
4 0 
1 23 28 31 33 127 4 107 112 115 165 290 292 300 280 304 268 257 224 223 215 245 230 218 138 142 314 272 255 205 301 200 204 186 175 178 35 34 159 147 146 93 80 74 70 176 61 190 188 181 94 95 197 195 199 277 299 305 283 284 166 265 249 248 194 203 167 183 189 79 72 89 88 100 60 187 174 288 281 307 312 286 264 260 132 121 129 148 220 216 236 214 217 114 130 122 313 221 251 109 110 113 123 119 213 238 235 271 270 297 256 244 219 234 240 261 273 246 243 232 156 153 154 161 163 150 155 210 158 157 149 209 136 116 26 16 86 104 42 46 47 55 45 102 101 91 97 78 69 71 98 84 67 83 85 196 66 291 309 310 298 318 263 269 266 252 274 262 258 144 152 162 294 296 285 259 139 140 143 253 247 226 222 231 237 118 133 117 128 141 208 126 13 14 52 317 57 63 76 99 207 206 202 173 172 191 182 168 282 315 228 241 233 108 134 137 124 125 135 164 39 106 111 5 9 8 17 24 103 21 22 30 18 120 131 225 211 212 229 239 227 250 242 276 279 267 254 275 287 308 289 278 192 171 179 184 160 87 170 302 180 185 77 81 54 51 50 44 36 37 25 38 145 151 198 169 75 64 62 43 53 105 59 68 96 92 201 73 90 311 303 306 293 295 193 177 65 58 56 48 49 82 316 40 32 29 12 41 27 19 20 15 11 10 2 3 7 6 : 1758.07
4 1 
1 21 103 30 32 29 104 40 45 50 47 44 46 51 54 67 105 64 76 74 184 191 179 205 299 285 193 286 278 281 284 171 293 302 269 298 273 255 258 318 223 224 237 230 222 213 216 226 238 246 264 280 300 310 275 247 279 272 282 168 165 256 252 244 219 262 233 211 218 220 228 221 109 236 251 267 257 301 204 189 65 196 94 172 182 187 198 178 90 206 100 207 190 63 85 70 48 162 227 217 113 117 5 112 4 107 111 232 155 208 133 148 39 145 209 147 241 229 215 235 239 144 139 16 17 164 308 174 192 203 197 87 177 93 91 68 59 56 57 73 75 69 58 77 97 79 62 71 99 98 102 72 55 84 49 78 83 82 96 80 81 66 210 151 157 7 6 10 11 22 31 41 126 14 86 92 101 316 176 185 15 25 3 8 12 18 124 132 34 116 134 127 135 129 121 130 122 138 149 161 35 141 242 225 313 234 231 268 266 152 38 154 160 60 181 180 287 309 303 283 290 296 295 199 306 312 311 307 297 304 261 143 214 270 276 305 274 240 159 166 289 277 288 292 245 314 118 142 131 123 136 120 114 108 115 125 158 265 140 194 167 260 259 294 291 315 188 186 201 89 43 52 53 24 26 20 28 42 317 23 33 36 37 146 163 13 9 137 128 106 110 119 212 243 271 250 254 253 248 249 263 170 200 95 183 202 175 195 169 150 156 153 61 173 88 27 19 2 : 1925.05
4 2 
1 6 7 10 11 30 31 104 49 50 97 81 89 101 92 67 55 79 59 56 48 317 316 53 78 83 95 90 102 207 197 65 52 41 44 42 54 51 57 63 105 70 82 62 76 64 69 206 198 203 183 60 210 161 158 150 152 145 209 146 151 155 157 165 288 287 279 315 308 88 98 96 93 91 85 87 61 187 292 175 66 160 156 259 231 164 163 148 149 94 202 204 266 170 293 200 275 258 159 162 130 239 225 139 144 109 220 241 267 243 250 255 235 214 223 236 222 232 246 254 272 318 245 248 249 257 296 182 195 192 289 280 300 310 273 274 286 294 166 194 191 173 172 189 176 169 307 265 256 168 174 283 311 186 181 185 178 184 177 190 188 68 73 58 46 43 47 75 99 36 15 28 12 24 16 38 35 34 137 119 228 234 314 269 147 142 141 154 122 216 218 233 212 242 240 229 213 110 118 237 215 224 247 252 261 268 262 271 284 277 285 304 303 193 208 125 115 9 5 116 107 112 120 133 127 153 108 4 106 111 121 167 179 205 100 201 196 295 260 302 312 180 171 306 199 301 290 298 305 291 278 281 282 299 251 226 227 313 211 217 221 238 264 263 253 270 276 297 244 219 230 309 143 140 124 113 128 126 138 131 123 129 114 135 39 19 17 25 71 84 77 72 86 80 74 29 22 21 103 3 8 14 13 117 132 136 134 27 18 26 45 37 40 33 23 20 32 2 : 1720.62
4 3 
1 7 6 12 19 145 122 281 278 295 274 262 315 185 169 146 123 130 230 110 217 234 227 232 241 246 165 38 37 36 30 45 77 70 80 72 23 28 20 33 104 55 53 47 78 59 63 68 67 83 76 69 101 75 197 174 170 288 247 151 149 150 94 100 164 190 161 168 210 184 180 266 302 311 308 273 271 267 250 309 304 249 225 314 244 248 270 214 219 218 213 139 239 129 138 135 125 124 121 242 211 109 111 113 209 118 313 252 237 223 228 222 212 216 108 117 114 136 13 116 35 133 112 131 264 263 156 163 148 141 128 208 120 107 106 34 153 160 152 147 284 292 193 285 261 257 231 220 221 238 233 215 224 254 272 158 42 317 44 26 27 10 11 4 5 9 8 3 103 25 21 22 29 105 62 88 196 206 96 91 97 79 73 86 89 178 183 207 95 87 90 198 307 171 200 312 305 277 279 290 166 259 255 245 258 251 235 236 256 269 194 179 199 173 155 167 189 181 186 299 289 119 243 226 229 280 275 298 297 283 294 175 172 60 61 65 265 286 301 205 195 191 202 201 306 287 268 291 144 143 142 132 39 41 43 46 49 15 50 48 56 64 57 51 54 52 162 159 157 154 140 253 260 240 318 276 310 192 293 303 300 296 282 204 203 187 177 182 176 188 66 102 85 71 84 99 93 82 92 98 81 74 58 316 16 17 14 115 126 127 134 137 32 31 40 24 18 2 : 1827.37
5 0 
1 21 214 318 188 93 136 228 160 169 168 287 304 236 220 295 233 309 195 242 141 227 124 203 181 211 231 34 110 113 125 256 207 5 216 102 108 229 187 2 312 299 289 174 249 254 88 145 223 59 95 226 116 283 26 115 190 298 286 143 212 24 180 213 246 201 105 97 290 147 257 90 77 37 112 121 244 210 38 300 25 250 199 308 194 311 266 63 69 22 8 12 20 51 86 163 255 269 132 186 49 197 191 237 296 144 182 48 307 219 285 277 149 162 103 50 198 167 36 71 175 170 4 245 313 140 74 92 133 274 292 259 238 158 189 142 134 243 173 123 230 218 209 279 280 161 118 44 15 159 6 208 224 114 14 275 314 58 122 107 178 85 156 278 184 89 111 23 31 270 60 264 126 30 101 91 119 130 240 273 281 138 45 41 32 146 81 306 137 284 291 192 10 225 79 27 9 235 221 261 193 151 39 315 127 215 200 73 99 148 232 98 53 263 66 72 11 28 68 104 55 248 171 150 302 87 204 272 94 100 206 82 260 271 139 120 16 40 33 67 47 7 165 65 303 317 52 157 239 222 152 155 288 258 252 305 247 135 13 176 153 282 301 154 62 117 253 234 172 183 177 56 29 185 276 166 18 262 217 76 80 19 35 61 297 70 310 241 294 268 267 78 64 96 46 316 106 128 129 179 164 43 251 196 205 54 109 75 42 131 265 293 202 17 57 84 83 3 : 4988.91
5 1 
1 41 56 84 66 279 144 281 256 245 205 93 200 90 288 274 244 253 299 216 127 146 168 55 278 259 254 239 198 28 26 63 225 121 197 128 13 37 69 199 92 74 213 258 16 193 62 230 96 49 103 64 78 31 149 163 217 212 125 129 85 71 186 99 45 317 23 20 182 219 234 48 79 183 263 276 44 214 162 179 204 171 266 222 112 9 134 285 300 290 211 18 4 136 173 42 54 314 282 138 110 139 210 215 43 303 311 104 12 7 36 147 283 184 83 289 286 264 252 25 232 170 277 169 143 220 137 40 224 2 119 248 260 89 80 167 309 246 10 247 151 191 181 73 297 108 189 236 209 293 243 57 6 11 307 101 148 60 132 24 27 95 265 106 313 242 70 308 100 237 140 269 157 187 91 75 172 59 249 221 226 251 261 238 3 98 201 206 107 298 306 156 120 117 196 86 160 229 29 33 240 77 76 32 50 15 14 97 8 315 305 87 175 231 94 47 105 318 208 5 34 46 116 65 176 227 17 295 72 202 192 267 255 310 195 154 280 207 241 130 68 67 270 302 218 223 61 52 291 271 82 228 142 235 126 152 122 294 113 272 115 161 158 53 30 164 51 21 301 81 19 194 131 174 180 58 35 292 114 150 296 109 233 153 178 155 316 262 39 38 118 275 268 159 185 123 124 145 111 135 257 273 312 165 287 88 177 203 141 22 190 102 250 166 284 304 188 133 : 5007.8
5 2 
1 199 43 14 287 79 89 234 75 184 65 45 189 195 263 102 207 215 238 156 194 214 277 290 216 85 142 159 206 275 116 82 71 51 2 213 286 32 154 313 212 152 262 60 303 92 72 58 300 57 318 280 278 301 221 137 18 253 31 281 191 96 91 80 74 309 232 40 29 293 110 16 21 151 229 122 8 55 101 161 252 289 86 121 217 63 28 211 258 265 138 299 103 183 98 179 243 27 166 264 169 185 186 158 310 251 105 107 257 304 259 170 162 3 249 314 165 139 141 44 26 132 97 54 148 167 42 78 22 164 118 292 285 296 315 144 308 62 124 10 114 260 48 297 272 59 4 129 237 291 66 119 70 39 108 106 135 256 222 81 145 269 271 128 20 173 61 250 73 41 172 77 30 125 254 193 255 233 225 123 190 180 188 19 90 200 178 198 15 23 46 244 223 83 316 204 175 208 52 302 104 136 205 305 268 47 130 99 94 196 155 294 218 220 24 12 176 76 187 226 240 242 131 37 50 192 87 34 153 248 284 282 53 56 146 246 177 88 202 133 109 112 64 13 5 140 235 270 210 203 68 67 317 69 150 283 279 273 181 239 100 298 174 163 236 11 115 113 231 227 228 306 6 171 126 17 117 261 267 160 241 307 149 120 230 245 266 276 127 49 36 35 209 95 168 311 9 224 219 312 274 295 197 84 7 201 25 134 111 38 33 93 288 182 147 247 143 157 : 5036.83
5 3 
1 47 77 201 291 211 221 220 248 274 278 170 185 187 290 259 154 88 74 194 184 67 76 75 296 263 180 315 132 123 134 219 14 136 234 27 26 17 186 301 118 284 264 245 108 24 70 281 160 137 4 216 129 254 225 235 298 252 204 195 206 96 57 53 8 22 42 202 283 232 288 307 44 19 28 308 282 95 285 280 262 165 13 16 98 113 149 258 275 272 213 266 242 268 125 5 141 33 189 63 60 146 277 210 151 147 295 200 166 238 100 244 116 208 256 111 107 175 193 171 167 87 66 309 271 144 122 306 279 267 120 9 50 51 105 82 52 56 209 150 61 90 302 222 119 139 131 138 127 126 231 230 148 145 292 162 81 89 197 173 311 228 257 130 237 304 38 39 110 226 196 97 59 205 214 224 305 178 99 79 91 78 71 92 31 15 64 65 289 227 250 236 34 286 218 135 152 48 103 23 85 159 217 260 179 188 297 241 128 300 142 121 112 115 124 3 7 6 10 11 29 316 155 35 140 240 176 233 229 143 93 32 317 45 73 69 172 182 181 117 163 40 104 54 68 46 72 174 223 212 215 109 114 37 318 239 243 253 265 270 106 58 190 273 269 168 20 18 133 55 246 314 191 203 198 177 312 84 43 276 293 2 313 101 62 21 30 41 207 102 294 199 261 287 183 255 247 161 251 164 192 310 303 299 80 86 94 36 12 25 49 153 156 157 169 249 158 83 : 3931.3
