0 0 
1 42 307 252 57 72 287 164 150 236 223 67 73 216 265 241 318 217 192 222 268 221 219 123 186 157 92 132 290 127 118 54 200 148 187 56 116 27 296 100 278 257 238 240 256 185 46 19 113 11 64 142 246 7 53 47 310 263 253 158 159 227 248 272 295 180 52 202 247 34 117 279 147 55 107 203 250 124 218 298 284 3 8 29 153 258 126 112 208 156 259 61 115 75 167 149 201 41 84 189 101 43 308 282 51 103 89 125 162 110 38 135 14 120 276 306 175 87 94 191 74 5 155 9 136 145 58 190 143 264 171 254 255 108 133 280 294 169 160 78 63 83 213 286 109 81 293 271 249 141 24 194 44 12 267 242 152 260 311 66 49 174 292 195 317 69 173 122 170 172 99 37 210 15 274 244 128 22 289 154 275 262 98 39 281 163 277 90 129 224 106 234 6 188 266 243 198 184 77 18 119 40 4 33 291 68 91 297 309 300 25 21 105 199 196 181 102 134 71 206 251 303 235 215 232 204 10 45 304 166 88 214 131 2 79 80 114 179 178 60 197 59 209 176 137 313 239 111 30 20 165 231 230 146 283 305 285 302 301 205 269 273 161 225 211 104 50 95 144 17 23 138 226 26 220 62 288 93 28 193 183 140 13 35 16 139 177 299 316 31 97 96 151 237 82 48 76 36 86 65 182 168 228 314 212 312 245 130 32 261 233 270 315 207 70 229 121 85 : 5010.18
0 1 
1 210 52 276 241 161 236 231 6 153 318 48 112 46 286 265 298 184 121 118 263 243 233 234 300 209 35 171 224 120 126 137 250 287 140 291 131 144 80 314 92 219 7 55 146 168 283 36 273 251 238 303 312 49 178 37 180 187 38 141 162 281 267 207 200 249 299 183 190 311 262 197 189 165 176 51 13 21 33 71 297 64 76 205 152 159 154 254 145 304 206 99 194 196 77 42 103 191 29 5 54 98 97 102 27 119 66 296 246 109 20 22 167 198 294 192 19 11 221 247 275 156 208 129 12 2 228 122 45 111 216 179 59 150 70 105 317 242 142 123 158 166 83 9 16 225 220 53 211 125 232 217 127 96 74 313 138 307 305 213 56 274 18 257 230 181 212 295 124 113 252 277 237 100 41 135 218 115 308 261 280 279 95 316 75 148 139 245 293 23 28 62 30 188 133 81 302 248 215 90 57 101 284 214 253 40 73 93 47 164 143 223 177 94 32 78 136 14 182 226 240 270 25 130 132 160 50 163 65 227 107 110 89 88 289 244 67 68 315 17 301 86 175 278 272 157 117 63 266 306 255 108 79 149 91 169 87 186 24 4 264 259 288 229 104 39 61 82 309 174 235 202 222 116 43 256 106 31 134 310 292 193 199 268 290 172 260 3 58 44 84 85 114 128 269 34 151 170 72 8 195 185 282 258 201 285 155 204 173 271 15 203 69 60 239 147 26 10 : 5116.36
0 2 
1 95 94 237 33 70 90 54 61 175 316 108 311 190 255 193 214 245 120 208 64 317 8 299 99 63 210 152 102 312 135 58 219 253 277 297 234 220 119 134 83 218 222 314 290 168 233 2 127 3 303 302 169 79 279 264 116 36 124 68 217 143 315 225 226 241 28 137 72 232 178 88 101 229 170 244 198 140 104 20 66 38 261 16 183 307 155 110 7 80 179 44 191 130 263 272 15 173 121 29 122 246 231 185 301 49 24 73 294 308 153 51 32 74 260 248 9 126 10 42 62 132 76 189 81 123 171 292 280 270 82 177 167 26 5 115 188 249 75 148 139 202 293 150 145 111 57 41 93 77 276 186 174 50 184 138 197 149 86 165 228 221 318 11 267 203 204 71 114 200 257 275 274 235 291 262 227 278 310 281 298 284 180 251 254 181 154 209 199 105 162 243 306 146 56 158 59 194 268 256 129 100 52 37 288 271 69 21 117 113 4 164 207 91 92 236 273 223 45 98 112 23 215 240 182 286 161 96 136 239 247 250 269 125 163 212 230 107 213 205 67 97 12 147 14 238 216 166 78 305 304 128 84 35 296 47 30 133 172 53 40 103 176 282 224 13 39 156 25 196 283 266 295 289 187 18 17 144 65 309 285 22 34 300 287 252 211 313 259 160 106 19 6 43 109 142 60 31 85 201 89 159 195 55 265 258 192 242 118 48 151 206 87 131 157 46 141 27 : 5023.77
0 3 
1 141 163 248 253 158 295 127 115 246 247 8 194 286 177 106 44 130 191 232 243 183 58 149 18 114 185 74 77 299 288 281 214 50 216 205 201 87 64 154 296 41 46 301 261 305 187 132 61 271 98 298 309 192 280 94 82 265 25 284 26 147 119 283 279 307 2 231 287 162 83 66 91 84 164 51 179 28 128 311 79 111 108 24 7 57 40 180 168 171 215 263 65 223 229 213 316 138 11 302 145 135 139 153 204 270 166 146 36 225 118 134 235 227 105 112 285 282 250 300 276 30 22 161 186 95 203 277 189 272 195 32 212 170 52 159 19 310 116 303 184 249 140 209 308 274 306 20 278 198 144 174 78 100 101 90 155 176 72 38 273 222 234 123 35 13 267 275 29 73 92 104 258 317 251 291 244 262 190 233 125 289 75 23 238 314 226 88 197 34 188 110 236 237 93 33 165 256 224 297 62 107 43 42 60 48 14 167 157 9 136 45 76 200 196 69 47 96 264 143 71 255 208 53 293 315 109 207 97 68 210 56 178 254 121 217 6 260 120 129 290 133 228 268 150 5 202 292 193 269 245 318 219 39 172 252 239 142 85 63 148 220 230 206 160 12 102 304 211 241 266 218 122 151 15 49 175 16 3 173 124 259 199 312 152 86 81 67 21 126 313 240 17 242 4 113 55 103 80 257 294 89 99 181 27 70 117 131 54 31 59 182 169 156 10 37 137 221 : 5084.11
1 0 
1 245 235 186 144 15 280 254 224 180 136 221 249 106 105 66 138 295 194 38 124 54 57 185 181 257 159 120 16 117 82 183 281 171 270 109 111 317 261 229 230 241 252 222 27 76 67 46 80 318 300 10 285 33 305 132 150 244 20 146 133 92 239 64 207 228 271 269 61 170 215 3 286 255 11 125 182 45 79 62 68 225 72 110 47 187 128 17 107 50 53 250 114 142 223 190 100 89 84 137 283 294 97 301 160 276 216 121 248 209 91 24 104 22 6 310 312 141 243 188 74 227 296 151 18 279 12 189 158 75 103 49 36 96 39 199 140 176 309 298 155 44 219 234 307 93 143 206 247 113 262 70 260 220 112 5 77 192 290 272 173 139 287 195 147 169 101 201 233 200 94 131 41 90 88 65 34 299 273 289 256 264 302 311 43 78 7 85 240 315 313 231 306 308 288 277 218 175 98 197 202 149 31 30 129 122 303 63 60 13 253 119 14 71 73 95 203 2 69 56 211 236 178 282 237 153 166 291 263 212 242 19 208 246 25 28 157 251 205 154 29 55 87 81 297 204 213 179 265 278 217 259 314 177 127 51 316 42 156 161 174 108 293 115 40 59 48 35 184 145 238 4 134 148 268 193 274 266 26 164 86 167 99 102 163 126 165 284 9 118 21 226 258 232 23 8 58 135 196 304 116 214 275 210 172 292 130 267 123 162 152 83 198 168 52 191 37 32 : 5106.74
1 1 
1 31 152 128 125 165 257 246 247 256 301 304 90 19 254 291 83 220 114 122 202 206 189 276 181 44 120 270 36 164 58 15 306 289 14 290 251 229 127 259 309 68 161 77 21 35 133 302 239 144 16 33 260 243 93 297 241 167 56 198 269 273 106 6 39 41 163 80 173 187 55 248 300 89 11 186 42 175 190 131 210 61 130 108 141 2 287 280 166 292 194 242 162 293 192 268 156 305 255 148 154 97 63 313 178 203 62 265 238 107 78 208 204 82 139 224 278 96 295 200 48 222 267 310 225 314 218 49 237 261 195 172 211 129 184 38 91 230 32 197 57 126 37 138 146 180 27 46 25 79 105 17 176 143 109 188 140 104 47 185 240 171 212 213 231 81 168 76 75 285 252 151 209 153 87 159 60 244 234 215 71 3 84 303 169 145 24 22 217 216 266 232 149 160 193 12 135 183 18 275 311 201 245 281 100 115 318 74 308 226 282 158 170 118 124 315 262 157 94 196 99 155 70 317 117 132 73 50 26 316 59 116 219 34 85 28 10 294 284 179 54 86 40 271 263 111 274 112 214 249 279 221 233 67 13 137 51 8 253 299 277 110 296 134 5 29 150 147 7 174 92 142 113 45 69 121 283 43 20 182 191 95 4 52 119 9 53 207 199 98 102 136 205 307 101 235 103 123 227 236 264 223 258 228 298 72 88 65 30 23 250 272 312 288 177 286 64 66 : 5091.82
1 2 
1 142 269 56 50 216 189 233 95 176 200 204 297 67 112 171 161 192 113 33 127 196 239 318 236 244 248 211 219 223 27 13 131 272 71 134 9 25 66 99 247 227 69 65 124 148 101 46 41 12 107 276 93 47 51 5 119 229 156 141 264 252 78 79 49 88 14 10 45 154 64 250 85 39 178 150 169 83 288 311 92 261 259 240 280 205 100 35 23 271 61 163 73 29 108 117 315 298 81 7 143 159 109 52 116 255 249 260 238 185 111 120 287 221 152 232 173 212 246 294 4 24 105 268 20 286 310 58 145 194 235 168 208 126 278 146 295 106 114 98 72 167 174 74 42 201 191 305 48 22 151 256 37 28 291 279 306 222 220 80 290 158 198 293 157 137 75 36 55 263 266 165 245 213 262 188 144 226 8 312 202 210 299 18 77 89 300 257 190 303 258 183 15 181 34 31 225 128 207 86 314 218 242 94 228 283 215 254 44 40 292 125 118 284 308 307 214 38 17 316 175 166 132 129 11 270 193 96 180 304 160 121 84 87 289 53 184 309 140 217 241 123 313 122 296 243 147 231 237 68 253 187 155 32 91 102 63 104 153 60 57 265 209 6 317 186 97 26 21 274 2 267 90 302 301 162 281 139 197 16 19 3 177 164 82 285 224 234 195 136 115 59 138 149 206 230 277 103 43 62 179 282 76 70 275 273 30 135 110 199 170 54 130 203 182 172 251 133 : 5216.53
1 3 
1 57 138 146 62 160 39 65 150 268 303 311 284 265 132 275 294 48 3 123 232 72 43 74 182 78 83 50 161 165 172 191 215 247 274 244 173 193 175 170 224 233 230 66 60 304 184 308 54 120 80 112 218 187 97 183 36 124 13 212 115 32 96 177 133 154 127 26 222 40 51 105 47 33 157 107 256 214 228 253 102 122 52 282 231 85 23 10 119 153 59 35 223 285 88 287 318 280 116 9 221 143 227 92 162 70 61 196 293 34 79 290 176 55 219 307 99 235 314 38 167 8 242 90 259 37 245 126 254 58 111 276 186 155 267 178 249 147 16 30 15 229 241 98 310 300 262 306 281 152 12 295 286 89 20 28 44 148 220 180 22 128 139 158 272 207 174 73 91 25 63 238 113 93 135 205 255 234 117 108 298 264 14 209 263 270 257 142 131 216 201 192 164 190 237 198 296 194 208 104 118 273 19 24 226 68 239 217 151 166 279 250 64 315 140 213 17 75 136 291 309 56 188 144 305 199 69 71 82 316 87 260 225 168 266 159 129 156 169 313 171 76 163 100 94 299 197 278 4 5 240 248 252 110 149 53 67 109 243 11 6 137 202 41 45 200 269 283 236 181 84 289 130 179 185 317 145 46 246 125 21 206 95 312 261 189 251 106 302 277 141 29 81 134 86 271 258 31 49 288 27 42 292 297 301 121 203 204 210 77 195 103 2 114 211 101 18 7 : 5099.49
2 0 
1 53 154 122 176 116 210 263 298 249 195 174 283 190 113 214 235 185 138 313 28 36 115 222 47 49 153 278 5 208 54 279 87 89 73 120 209 156 241 237 94 318 258 171 143 130 170 293 175 291 137 18 117 72 304 31 24 187 91 59 79 97 264 280 142 181 17 180 2 23 61 204 96 178 265 252 65 131 35 60 104 199 21 173 46 67 198 224 231 77 230 253 126 42 147 119 215 219 216 226 272 168 50 70 161 303 82 68 12 314 9 306 196 194 13 239 144 267 203 290 88 129 27 228 132 26 57 112 51 155 240 166 11 134 103 16 159 271 257 262 248 177 251 316 15 40 136 234 193 179 64 269 233 151 163 288 282 275 81 205 285 310 172 212 232 34 114 148 95 140 242 30 75 111 225 169 260 256 244 259 167 270 227 141 296 19 48 162 14 200 80 37 52 281 207 58 41 20 188 78 99 206 10 213 135 106 145 218 246 284 139 121 107 202 300 286 268 69 294 102 39 105 277 29 22 7 236 243 217 266 307 63 118 101 221 25 33 32 261 3 302 4 223 273 152 85 90 43 56 317 84 191 108 98 295 297 62 255 312 192 245 315 250 308 247 309 165 274 74 38 92 160 189 110 124 123 157 197 311 301 76 83 289 287 55 125 211 71 66 128 100 299 164 146 109 93 44 276 305 220 292 150 158 133 254 229 6 201 184 186 183 8 127 238 182 86 45 149 : 4991.57
2 1 
1 76 91 207 66 198 265 124 154 64 282 294 149 56 240 281 306 54 161 215 80 30 53 12 38 167 170 121 157 230 42 114 159 136 314 93 82 310 23 46 110 138 191 255 156 137 254 147 292 258 26 79 99 163 250 236 270 14 52 58 297 300 277 86 88 289 108 145 102 303 174 203 204 274 280 119 122 278 287 256 273 239 128 132 252 266 225 7 169 133 283 296 315 284 146 221 175 62 83 142 219 59 305 205 185 112 264 309 134 275 307 72 22 31 92 272 35 25 235 213 290 263 28 209 32 18 189 139 257 186 202 171 179 152 37 164 43 97 249 71 295 120 5 293 2 180 206 111 232 233 27 210 276 243 33 135 301 96 158 10 222 69 190 129 90 103 89 51 143 188 224 144 63 231 181 109 184 177 316 13 47 246 217 166 16 298 245 253 216 288 172 140 313 261 268 248 247 214 9 286 95 251 19 75 74 187 4 78 197 271 285 194 84 199 241 40 70 269 183 178 77 212 123 131 98 21 24 15 45 234 48 104 125 238 176 195 61 160 50 227 242 155 267 200 312 173 192 39 55 318 36 57 262 73 115 162 67 49 34 41 68 85 223 94 127 165 20 29 107 196 151 168 118 60 100 311 304 291 106 244 150 302 299 17 8 317 105 81 101 259 226 211 65 6 308 126 208 182 130 229 220 117 260 87 201 279 3 11 116 228 44 153 141 237 113 148 193 218 : 5251.61
2 2 
1 15 202 223 30 303 273 253 279 252 3 47 79 97 84 175 304 132 262 2 21 23 229 180 185 167 150 28 24 25 18 158 288 139 155 151 159 32 12 272 125 225 179 203 37 176 98 291 91 206 165 201 142 60 208 207 300 48 209 116 99 258 218 256 41 204 135 308 205 311 72 294 307 309 199 276 232 219 81 112 226 292 285 100 148 166 7 33 31 190 313 22 154 68 56 269 299 192 130 140 8 105 66 5 266 147 317 255 110 134 57 53 274 227 214 284 119 63 128 235 301 297 220 234 87 14 89 188 187 126 238 217 55 137 247 121 181 73 93 71 162 259 182 197 293 318 184 263 39 283 17 117 260 213 177 168 102 44 163 75 161 264 34 174 267 251 36 61 198 77 136 82 224 271 257 290 76 277 314 123 316 95 194 237 74 160 270 310 153 210 216 35 222 246 296 231 27 50 52 118 233 289 131 306 42 111 54 149 282 113 107 133 195 138 242 13 70 171 38 169 196 191 156 83 186 230 241 120 164 85 16 46 11 295 193 261 172 243 122 101 65 280 20 10 45 88 92 254 43 6 212 152 157 109 106 19 200 145 268 215 228 298 189 183 265 108 103 127 141 115 114 286 240 29 315 287 80 94 146 239 211 144 143 249 248 275 104 9 281 26 250 129 4 245 67 312 78 90 173 178 244 221 302 278 51 124 305 40 59 96 170 69 62 49 236 86 58 64 : 5121.09
2 3 
1 289 44 11 160 113 56 126 235 254 68 81 212 252 261 283 124 35 10 177 267 305 277 290 239 192 269 293 251 284 9 46 179 135 191 139 201 100 232 230 220 219 163 211 260 304 272 281 313 205 296 180 93 108 21 22 48 142 109 167 72 78 316 204 26 115 28 33 3 315 263 312 276 85 123 250 137 32 208 41 243 197 92 67 103 150 143 241 287 15 307 199 297 294 292 165 99 266 317 278 240 82 86 45 23 66 90 183 255 89 70 134 130 238 13 7 95 190 200 244 187 274 314 43 309 280 299 158 170 58 83 105 169 112 133 161 156 60 128 19 224 140 279 36 5 209 37 233 34 42 286 247 185 216 288 64 94 198 131 164 234 49 74 110 97 194 303 193 215 117 121 196 237 147 222 38 149 29 264 311 257 262 6 270 295 228 50 291 116 166 306 203 221 218 76 101 91 271 73 8 106 225 125 151 275 47 53 202 144 229 226 154 182 188 138 181 54 298 51 55 308 80 227 231 285 253 178 273 87 96 129 159 217 88 141 39 52 207 111 214 146 31 242 75 61 176 40 57 189 17 302 186 213 258 20 25 127 249 265 18 155 184 65 69 136 122 223 119 120 152 62 2 175 236 118 206 248 310 259 14 132 245 195 104 84 71 157 114 63 98 172 4 27 301 210 153 318 268 148 79 107 162 300 145 171 16 30 246 174 256 24 12 173 168 59 102 282 77 : 5202.66
3 0 
1 13 273 85 78 225 224 318 242 122 254 151 149 46 77 236 196 294 34 147 124 312 261 301 144 287 47 54 113 208 210 239 277 160 226 235 104 150 28 219 4 41 133 142 251 120 125 57 168 292 180 100 87 131 126 76 66 304 302 166 257 27 111 99 185 29 290 204 203 91 264 298 234 146 190 161 213 157 148 60 199 152 265 266 291 306 250 174 169 283 170 293 191 21 43 37 209 45 72 253 262 206 42 70 314 222 269 247 135 154 228 179 136 109 97 227 231 221 258 165 69 194 39 116 15 272 118 79 198 53 243 119 30 106 173 84 80 249 128 217 3 296 200 123 114 98 280 288 252 145 22 52 51 20 58 38 182 167 75 223 241 86 271 193 96 115 108 313 268 256 83 16 137 105 297 303 307 65 112 31 132 316 40 171 107 211 181 300 260 102 24 95 44 50 127 255 2 245 275 183 155 220 195 71 92 159 237 197 33 59 5 233 299 207 281 172 238 35 93 176 285 263 259 163 286 175 153 63 315 309 186 317 90 188 232 23 82 56 134 215 214 49 81 138 218 310 248 12 64 103 14 192 305 212 274 270 139 68 229 282 284 110 17 121 156 278 308 289 18 94 178 311 205 140 9 11 143 240 158 202 184 26 67 55 129 74 201 89 187 141 279 25 8 130 246 61 36 6 267 117 244 162 48 32 73 88 216 230 276 19 164 189 101 295 62 7 177 10 : 5072.54
3 1 
1 127 188 49 154 274 33 297 265 142 269 293 23 114 131 48 28 61 164 213 268 168 264 182 194 150 10 82 52 67 185 46 155 73 15 196 280 241 169 296 257 313 226 304 214 217 132 289 231 79 137 86 176 161 122 51 17 234 37 96 41 74 152 299 263 318 115 204 287 75 68 93 81 134 277 249 221 147 123 128 308 193 66 216 158 186 16 129 124 165 95 35 236 174 135 203 200 136 50 91 121 36 160 149 273 60 77 166 94 38 240 292 87 89 99 300 102 7 197 220 3 53 301 298 153 312 246 43 64 88 285 235 253 42 175 278 180 55 251 271 248 275 179 314 191 133 245 112 227 72 26 187 34 219 291 171 290 199 97 242 315 84 58 181 143 92 167 71 109 281 244 215 237 57 229 256 126 78 90 105 205 209 113 80 125 192 118 59 317 25 183 145 45 267 101 70 284 21 311 139 47 8 76 184 178 262 32 14 239 243 230 116 2 195 294 20 54 309 282 31 207 218 266 69 206 306 310 252 30 162 170 151 107 110 63 117 228 130 56 100 144 307 120 5 261 106 295 303 305 6 111 210 12 146 250 140 62 11 316 222 211 238 233 108 103 22 208 173 177 286 270 254 98 44 189 279 247 276 83 159 156 9 13 172 258 212 272 65 225 224 302 119 288 202 85 40 29 19 201 283 163 260 255 198 18 157 223 259 39 232 190 138 24 27 4 148 104 141 : 5265.26
3 2 
1 13 125 181 256 22 107 173 260 211 61 161 35 49 176 298 246 36 5 90 205 222 282 151 51 193 275 297 243 225 102 184 190 159 93 251 62 100 130 92 68 117 219 287 114 187 197 183 293 167 257 233 227 146 12 47 19 104 2 39 71 312 207 26 252 235 32 84 132 139 304 281 180 214 274 135 45 153 40 314 237 255 7 284 120 223 106 10 33 91 240 299 254 208 70 79 31 48 218 273 15 144 115 213 113 23 160 210 75 229 148 286 215 313 204 221 96 216 54 80 8 308 307 315 172 232 234 285 311 228 131 262 44 63 18 9 258 239 24 280 42 55 38 98 300 310 306 58 206 152 109 122 128 28 231 248 250 175 150 272 318 289 177 77 72 64 268 155 201 291 25 166 266 202 73 220 21 124 76 95 303 296 174 244 279 129 65 86 224 271 179 288 149 309 138 283 178 170 236 186 164 158 17 97 3 134 127 133 145 185 199 270 6 182 99 203 103 4 94 66 105 74 212 156 305 85 78 267 290 43 264 119 241 157 259 294 191 261 263 189 108 53 46 81 41 118 249 89 171 226 192 196 88 165 101 50 188 217 269 59 83 14 137 209 60 116 57 302 87 52 141 142 198 140 265 20 111 278 247 238 34 110 295 194 37 126 56 112 276 301 169 27 292 168 200 136 123 154 67 69 163 245 195 29 30 147 242 162 277 316 121 230 82 317 11 143 253 16 : 5237.84
3 3 
1 295 214 126 245 233 176 200 38 109 315 243 175 95 199 28 302 303 223 130 129 240 162 177 75 60 66 150 35 311 113 316 36 197 193 169 297 203 100 157 122 246 304 293 247 216 85 167 16 119 285 249 215 63 23 57 227 301 22 146 248 59 13 80 260 281 235 208 2 110 318 258 70 206 276 6 27 284 287 140 263 264 114 10 86 217 37 180 145 154 314 112 123 229 124 148 305 26 53 172 195 19 44 272 174 132 138 40 220 84 251 170 299 292 184 189 101 205 271 254 52 105 147 236 204 97 266 24 159 41 137 74 179 192 33 155 171 17 106 21 81 165 289 186 221 178 274 283 244 309 201 125 115 9 98 279 182 202 5 48 18 29 69 190 90 308 11 104 237 262 228 111 232 139 282 291 128 166 212 55 88 269 253 239 270 250 280 317 43 30 20 103 196 120 4 45 136 99 107 72 25 73 298 142 12 209 149 65 290 273 255 62 238 188 207 226 118 42 50 79 183 127 14 277 219 259 47 54 78 313 234 94 39 224 161 164 198 151 173 156 257 89 187 87 278 288 213 131 133 49 194 92 135 168 306 117 3 210 108 8 160 68 93 307 241 294 56 15 143 181 61 51 67 222 34 7 31 83 71 46 153 158 191 77 144 218 96 91 261 268 252 185 286 32 267 242 225 121 116 312 152 163 275 310 64 82 102 256 296 300 58 141 211 265 230 134 76 231 : 5129.27
4 0 
1 67 93 262 180 142 217 314 89 306 169 65 190 279 266 285 129 264 71 28 152 122 221 277 292 234 88 13 124 74 182 72 155 157 81 192 39 26 2 103 295 170 194 202 210 40 111 166 282 78 219 191 27 203 215 223 68 312 246 214 286 49 161 104 85 149 45 23 290 253 297 29 7 52 120 56 96 275 208 130 41 51 106 77 255 309 35 15 83 59 115 207 132 12 24 10 257 174 252 175 186 310 318 238 138 109 42 254 239 158 179 123 6 164 232 62 57 64 54 212 143 32 305 110 47 299 224 168 283 197 273 198 173 308 242 140 240 218 261 294 307 263 177 267 302 298 193 99 112 55 60 133 249 304 233 199 287 185 315 94 66 108 118 135 225 265 125 148 141 248 270 131 196 153 145 296 34 21 92 102 37 48 84 159 176 206 19 256 245 30 14 5 188 75 33 46 105 247 204 316 8 44 178 20 3 213 17 293 209 291 63 222 300 303 311 244 258 228 25 200 58 38 11 171 100 278 97 226 211 205 281 167 236 216 160 313 237 183 114 137 243 317 154 280 150 276 260 70 128 113 107 227 268 69 87 172 121 259 230 119 195 43 136 241 151 301 271 272 269 187 82 289 18 165 53 79 101 98 73 229 231 274 251 156 181 189 31 146 4 90 134 9 127 86 76 162 139 126 284 201 250 235 91 95 16 22 163 50 80 36 147 220 144 288 116 61 184 117 : 5098.9
4 1 
1 51 69 116 21 37 132 85 108 283 94 95 43 210 271 241 225 218 109 265 305 39 153 306 267 228 281 303 140 87 204 79 92 287 56 52 113 60 141 227 178 61 147 136 311 66 142 4 177 165 172 309 185 173 248 231 158 221 152 213 171 310 41 48 54 284 215 297 277 133 203 245 224 300 53 259 222 264 209 188 294 272 288 280 166 230 124 34 47 183 123 29 64 145 285 211 289 261 156 190 8 191 155 157 134 82 235 290 6 2 154 193 208 160 78 144 196 119 103 308 237 114 107 30 111 18 5 112 50 313 25 9 27 238 239 175 97 44 105 117 244 269 14 24 19 38 55 68 205 31 45 22 104 93 151 20 86 58 296 131 128 110 23 316 49 207 174 127 75 96 135 274 295 301 89 246 212 291 74 26 11 219 223 279 198 233 67 33 189 36 46 3 98 15 7 168 62 90 286 206 263 80 88 314 167 201 120 76 42 202 65 307 276 270 252 268 220 240 169 182 72 250 262 28 32 12 234 243 16 317 102 81 187 298 129 176 251 164 139 143 217 99 254 118 216 35 125 159 63 122 200 312 256 162 194 299 275 229 236 257 247 70 186 249 197 150 77 180 232 13 10 315 91 115 17 71 100 255 106 181 266 258 282 302 195 304 121 199 260 148 184 242 318 149 253 163 130 83 126 40 57 101 59 137 161 84 146 138 73 170 273 192 226 214 293 278 292 179 : 4885.64
4 2 
1 34 155 39 120 117 65 227 213 301 32 191 175 86 195 236 87 83 207 61 192 298 296 170 141 254 218 110 162 92 209 153 131 123 181 204 174 150 208 48 101 165 96 102 26 124 16 64 58 67 199 278 303 250 77 106 225 216 190 275 220 164 260 246 233 140 21 138 221 78 75 156 51 79 41 116 265 297 299 80 226 72 311 304 73 76 238 42 158 188 151 82 68 59 310 280 290 103 71 262 266 189 88 182 107 50 90 97 143 313 234 244 105 287 119 194 149 167 281 257 219 160 261 93 56 13 147 179 248 113 10 115 291 197 128 94 2 60 104 111 132 211 210 169 38 276 224 176 122 314 91 89 300 33 15 54 272 43 35 30 269 159 222 318 180 84 85 235 31 25 99 47 305 245 251 247 217 163 171 274 9 293 4 230 242 232 136 259 161 306 267 288 200 228 201 49 249 214 315 168 144 62 292 178 205 308 309 206 27 294 240 317 52 146 109 268 231 252 203 229 55 127 63 28 177 316 29 6 18 130 186 243 289 20 241 45 134 137 154 302 173 286 148 129 172 152 40 19 5 198 53 22 81 95 279 184 239 196 125 255 14 253 284 307 66 118 44 74 282 8 145 183 23 70 193 202 142 166 295 157 285 121 187 37 139 57 135 270 223 237 133 17 212 258 263 271 215 185 12 256 36 126 312 112 100 98 277 114 283 108 69 7 264 273 46 3 24 11 : 5137.6
4 3 
1 21 131 150 279 310 78 151 91 4 6 167 252 276 35 260 5 40 82 30 15 283 105 79 77 80 263 41 159 287 280 271 180 232 109 23 157 218 179 74 248 54 81 73 33 69 221 111 143 122 64 60 89 158 261 284 309 52 56 186 191 278 189 172 51 121 282 270 110 295 193 201 14 246 115 315 34 302 161 76 147 114 250 87 257 130 215 235 65 175 86 206 196 85 95 176 234 144 275 308 88 57 47 224 253 123 162 198 94 108 233 36 127 254 273 190 169 211 26 70 32 168 305 132 165 205 129 72 71 103 202 286 145 63 163 262 303 24 269 247 243 265 277 268 171 195 184 25 10 44 183 46 207 267 290 236 212 272 98 293 97 66 160 152 256 213 210 102 204 200 238 264 119 227 128 22 139 120 27 245 216 177 173 301 285 239 220 214 237 29 100 258 134 42 156 45 31 312 288 55 197 28 136 107 311 155 9 153 255 118 241 137 226 112 113 164 92 126 133 166 208 104 19 141 146 199 53 266 209 222 249 304 313 217 117 289 259 314 231 2 3 154 240 62 170 13 43 11 67 229 116 192 299 148 230 124 125 149 59 58 49 90 68 219 297 300 188 244 16 106 140 294 12 20 292 251 38 185 306 178 39 291 84 7 48 138 83 93 37 317 50 228 182 99 75 187 61 17 242 181 307 281 174 274 203 8 296 96 318 135 316 225 18 101 223 298 194 142 : 5044.21
5 0 
1 104 133 94 154 122 229 92 232 204 75 217 98 83 218 143 169 312 89 132 265 221 140 101 107 134 150 210 213 246 261 268 66 317 242 276 215 235 120 163 186 64 23 90 127 188 175 226 255 296 307 264 228 304 149 190 282 243 65 95 271 288 297 13 183 74 88 172 240 225 310 300 245 171 234 176 192 35 102 68 173 160 46 131 123 197 302 148 250 286 61 53 19 200 203 318 32 7 3 180 272 117 258 2 177 77 185 4 34 16 291 47 8 290 76 54 166 15 11 237 184 62 194 279 257 295 96 44 135 263 270 249 29 42 81 191 292 315 287 152 48 202 151 195 161 103 91 299 100 124 118 21 113 294 136 40 209 93 87 63 147 293 281 230 50 56 59 244 37 108 45 285 158 38 198 308 201 187 168 301 277 267 84 141 128 231 31 51 121 280 251 17 18 125 146 157 41 112 233 114 199 212 119 10 12 115 311 253 314 6 20 145 72 142 298 129 182 227 256 259 139 155 5 109 164 206 170 57 36 33 138 284 238 43 260 278 208 313 49 67 55 216 162 137 153 25 24 26 167 224 86 207 126 316 105 79 97 60 99 289 52 80 174 165 274 58 82 22 220 306 283 181 196 71 156 159 205 9 130 252 219 248 179 69 78 189 106 309 70 178 28 275 273 144 111 85 39 73 116 214 110 211 27 247 223 236 239 222 193 303 30 269 241 262 266 305 254 14 : 5031.25
5 1 
1 21 128 150 51 129 187 200 290 10 163 155 4 8 5 227 275 268 294 234 213 151 57 206 104 108 46 37 24 15 225 191 307 68 99 289 280 232 255 264 95 254 309 195 90 93 75 212 273 251 299 165 288 253 127 315 107 279 247 83 189 162 48 171 36 3 33 101 204 199 166 287 138 60 242 65 82 119 11 14 194 193 238 34 179 145 115 244 281 236 71 118 170 137 49 292 174 256 134 2 291 158 305 221 81 147 105 243 284 218 120 277 208 241 286 168 96 22 32 20 40 192 111 209 235 178 125 54 42 91 19 67 188 298 47 202 296 248 175 88 180 228 35 156 63 73 269 266 274 146 261 177 258 282 31 16 126 149 215 130 122 77 311 237 79 28 249 222 142 69 62 136 224 159 233 100 316 97 139 314 217 133 240 114 230 211 301 205 50 160 231 59 70 259 220 106 30 110 132 113 172 198 131 12 94 245 144 109 270 302 267 6 27 41 64 297 102 197 112 214 58 140 207 86 219 45 61 293 262 141 304 184 44 92 260 265 295 313 306 181 80 74 29 25 72 117 176 185 318 55 103 39 257 116 87 17 173 169 98 13 250 271 161 76 84 196 183 7 226 78 43 152 89 52 203 239 310 278 148 9 56 123 276 285 167 252 186 201 216 38 53 164 190 66 23 317 312 153 124 182 300 229 303 210 26 272 283 246 135 121 143 85 223 18 263 157 308 154 : 5305.39
5 2 
1 195 247 283 253 257 227 141 108 149 152 297 298 310 86 139 94 262 214 160 213 110 66 18 32 246 289 302 287 304 2 197 273 254 80 233 153 74 232 58 201 19 192 183 26 198 285 296 256 12 118 27 55 41 274 194 69 166 177 34 291 52 79 144 165 16 63 67 83 77 93 188 187 211 20 176 62 132 4 303 56 251 91 171 14 89 199 268 147 168 30 281 28 38 280 277 217 154 39 269 216 261 243 13 3 185 100 101 88 179 44 318 46 47 29 229 235 59 95 15 42 31 267 255 140 114 307 159 250 36 133 299 309 175 300 9 234 146 314 151 148 92 53 60 112 22 210 266 240 228 173 35 25 109 181 37 172 111 107 119 219 230 305 161 263 290 200 33 7 294 306 129 64 125 150 259 252 128 54 134 182 205 135 123 241 272 169 71 242 231 209 170 158 316 17 226 121 51 45 106 270 293 174 275 239 21 72 10 75 207 308 264 203 103 81 155 237 157 73 70 5 117 124 113 236 96 85 127 249 137 115 224 87 286 180 23 142 220 204 97 186 245 184 279 57 131 193 189 212 222 208 98 288 78 190 202 178 162 145 278 84 163 156 301 196 317 206 90 122 65 313 295 136 167 102 248 244 143 50 6 105 82 8 130 43 11 138 218 282 315 49 265 312 164 260 258 238 104 120 68 311 191 61 276 24 76 40 284 126 225 221 223 215 116 99 292 271 48 : 5274.45
5 3 
1 215 148 240 7 48 59 97 191 186 294 200 267 94 98 45 211 318 303 284 99 207 135 82 262 236 296 136 213 77 64 228 110 282 114 290 251 166 173 120 195 220 208 143 263 274 280 235 55 50 90 293 14 261 297 205 198 95 113 165 316 107 139 264 313 272 85 56 71 42 314 243 216 163 35 125 233 268 23 124 10 292 164 266 224 217 27 105 30 131 257 252 249 278 231 12 130 134 92 259 206 101 209 58 22 312 310 171 73 223 218 306 214 91 70 100 258 162 177 190 8 33 183 9 309 75 182 108 234 237 119 103 160 150 250 232 132 279 84 277 170 176 188 184 86 36 317 210 221 118 37 203 178 17 196 187 244 204 253 254 273 15 72 38 61 41 4 63 307 109 181 39 60 147 142 212 123 67 197 169 305 299 151 239 111 153 115 117 43 285 275 201 146 155 226 281 256 156 295 286 93 300 192 265 180 189 246 238 68 242 298 6 145 122 47 34 308 104 230 241 227 175 154 128 28 21 20 53 76 138 2 126 270 69 57 16 133 140 219 283 248 52 255 87 88 62 66 291 288 81 315 65 29 18 79 167 302 172 229 222 225 13 5 179 168 51 247 144 185 74 31 102 89 159 25 116 157 287 271 304 311 161 174 112 46 158 32 54 141 121 245 194 269 127 11 19 202 301 260 129 80 96 49 193 199 276 149 106 24 83 44 289 78 40 137 152 26 3 : 4882.01
