0 0 
1 10 26 24 19 12 29 28 23 32 104 317 316 50 48 40 45 47 51 62 70 86 91 97 79 68 105 59 71 67 74 80 85 72 83 84 78 96 93 98 95 202 206 88 190 198 203 195 194 204 192 308 305 304 310 281 272 274 267 315 273 280 291 290 286 279 277 278 282 293 284 296 294 295 292 301 167 157 148 149 209 142 130 131 208 113 212 219 221 220 118 234 226 218 223 214 215 224 228 227 235 236 240 243 222 213 211 109 217 313 239 232 230 225 231 237 242 241 140 119 110 216 107 5 8 33 22 31 30 103 21 15 20 27 16 17 127 135 133 124 108 117 116 115 111 120 128 129 121 114 122 123 141 136 134 125 4 106 112 132 138 126 35 39 38 154 34 145 160 152 150 155 159 162 163 158 210 161 164 63 61 87 69 75 81 73 76 89 90 99 92 101 102 82 77 64 57 53 58 42 52 44 37 18 25 13 14 137 146 156 65 66 189 169 177 173 183 176 178 181 172 187 182 185 186 174 188 184 196 197 207 100 201 94 191 179 180 175 300 285 275 253 264 263 250 254 257 260 265 166 165 269 266 143 251 252 261 255 314 144 139 229 233 238 246 248 247 245 244 249 268 259 258 262 256 318 270 271 297 298 276 299 309 303 283 288 287 306 193 307 312 311 205 199 200 302 289 170 171 168 147 151 153 60 46 54 49 55 56 41 43 36 9 3 6 2 11 7 : 989.026
0 1 
1 11 29 103 15 22 28 12 20 23 17 26 18 24 8 10 7 3 16 19 27 25 37 43 42 46 58 62 69 87 206 201 202 197 95 100 94 196 88 90 102 101 93 96 97 92 91 85 84 77 86 99 98 89 80 74 70 75 76 73 79 83 67 68 64 71 78 82 72 81 65 188 187 189 176 183 173 172 169 167 168 175 180 178 182 177 185 181 174 179 186 194 195 203 204 191 190 207 198 184 66 164 161 210 160 162 154 145 60 61 63 57 51 54 105 56 59 55 317 316 45 40 30 21 31 32 33 36 104 48 49 50 41 44 47 53 52 39 38 34 35 127 135 128 125 116 4 115 111 112 14 13 107 106 108 117 124 129 133 141 156 159 157 148 147 151 163 146 142 241 243 226 222 239 232 230 237 242 139 140 252 253 256 263 268 267 269 315 265 266 264 251 262 254 248 249 318 244 245 219 218 213 225 217 109 220 221 216 212 211 110 113 114 122 137 120 208 134 136 149 209 150 153 155 152 158 144 143 250 314 247 246 235 214 224 223 215 227 228 236 229 234 238 240 260 273 272 276 270 271 275 297 298 310 305 304 291 290 279 285 284 286 280 299 300 309 308 303 192 301 199 306 312 311 205 307 302 200 193 295 293 278 277 281 274 287 288 292 282 294 296 283 289 170 171 166 165 259 258 255 261 257 233 231 313 119 118 121 123 131 130 132 138 126 5 9 6 2 : 761.697
0 2 
1 15 103 29 27 28 31 33 24 20 30 32 23 22 21 12 16 26 25 18 19 17 8 9 5 127 34 35 37 43 41 51 42 52 47 40 104 44 54 61 210 162 159 158 168 175 174 190 196 197 206 201 94 202 207 100 95 98 89 76 67 83 92 97 101 102 96 91 85 68 71 56 50 49 316 317 64 73 77 62 58 53 45 48 55 46 57 59 105 69 63 81 80 74 70 75 79 72 82 78 84 86 90 93 99 87 88 66 65 60 164 36 39 38 150 160 155 154 145 209 152 153 161 169 181 189 176 187 183 173 172 184 188 182 177 191 194 180 186 185 179 178 167 165 171 170 195 204 198 203 312 307 199 301 302 200 205 311 306 193 192 303 296 274 277 295 293 287 282 294 278 290 286 283 289 292 288 281 166 269 258 265 266 315 273 280 279 285 284 291 300 299 308 309 310 305 304 298 297 275 276 270 271 318 249 248 244 245 224 223 214 215 218 219 235 236 246 238 242 139 140 119 118 232 239 234 247 314 243 229 241 231 217 211 110 109 212 216 220 221 225 313 213 222 240 233 230 226 228 227 237 262 256 263 268 272 257 253 254 251 252 261 264 267 260 259 255 250 144 143 142 146 149 138 129 132 130 123 147 148 163 151 157 156 141 122 114 113 131 121 128 125 208 13 120 135 133 136 137 126 134 124 117 108 107 106 111 112 116 115 14 4 3 11 10 6 7 2 : 742.854
0 3 
1 3 40 104 37 39 154 210 163 167 169 184 182 178 181 185 174 180 194 195 204 203 207 206 186 171 193 192 295 296 291 284 279 315 289 282 281 170 274 273 276 297 298 304 310 305 293 288 292 294 278 277 283 287 272 257 252 246 229 213 225 242 243 239 232 233 240 241 139 140 231 118 119 220 217 109 110 216 238 230 313 221 212 211 222 237 234 236 224 223 214 215 228 235 226 218 219 227 245 244 249 248 271 270 318 275 280 299 303 290 286 285 300 309 308 311 301 306 302 205 312 199 307 200 198 201 202 197 100 95 94 187 183 190 196 191 177 173 172 189 188 176 60 65 66 61 88 87 63 70 73 62 105 52 42 41 44 49 316 317 67 79 84 98 99 102 101 92 91 97 96 77 71 68 93 85 76 69 81 75 90 89 80 72 86 83 82 78 74 64 59 56 48 43 53 46 47 51 54 58 57 55 50 45 36 35 34 38 136 145 153 156 157 162 147 158 165 269 267 253 256 268 261 263 262 264 247 251 254 144 143 250 258 255 314 265 260 259 266 166 168 175 179 164 160 161 152 159 149 150 155 209 141 138 148 146 151 131 122 142 126 134 127 137 128 125 117 114 121 132 130 124 129 123 113 108 106 5 112 116 115 120 135 208 133 14 111 107 4 13 17 18 16 33 30 20 103 32 31 27 22 21 12 6 2 7 11 10 15 29 23 28 24 19 25 26 9 8 : 815.733
1 0 
1 2 21 15 31 20 11 103 28 30 33 8 9 106 113 114 118 217 216 110 221 119 139 232 313 231 242 239 225 243 238 241 230 233 234 226 246 144 143 250 314 247 252 253 262 268 261 251 256 267 264 260 266 269 259 265 315 258 255 257 254 263 274 296 300 283 290 286 291 285 284 287 289 277 293 294 282 278 281 165 166 171 170 295 288 292 192 193 301 199 302 204 195 306 307 200 205 312 311 303 299 308 309 310 304 305 298 297 275 276 270 271 273 279 272 280 318 249 248 244 245 227 228 219 215 224 223 214 218 213 222 220 211 212 109 237 235 236 229 240 140 121 108 107 5 4 111 112 115 116 14 13 117 125 129 132 142 153 156 151 209 161 164 210 162 155 160 163 158 149 147 148 146 157 159 152 141 131 123 120 127 126 208 128 136 134 135 133 124 122 130 138 137 34 145 150 154 38 39 35 37 36 41 61 60 63 62 75 90 201 94 202 207 100 206 198 203 194 178 179 167 168 169 186 175 180 174 181 185 191 182 184 189 188 187 66 65 177 88 176 172 173 183 190 87 197 196 95 99 98 81 74 70 89 101 102 91 96 97 92 93 86 85 84 79 69 80 76 77 72 73 105 59 64 68 71 67 83 82 78 49 54 57 58 53 52 46 43 42 51 44 104 48 47 45 40 316 317 55 56 50 32 29 22 23 24 27 25 26 18 16 17 19 12 3 10 6 7 : 735.467
1 1 
1 2 3 8 9 112 111 115 107 106 5 4 13 116 208 127 134 35 137 136 14 135 133 138 124 132 129 126 125 128 117 108 130 121 120 34 145 38 39 209 131 141 142 144 143 140 113 114 122 123 147 157 151 148 162 159 179 174 178 195 194 191 189 196 198 202 206 207 98 97 102 101 85 84 83 68 71 67 73 78 82 72 76 81 74 70 90 93 99 89 92 96 91 86 77 79 80 64 59 105 69 75 62 63 61 161 155 160 149 146 152 150 210 164 154 153 156 163 158 167 168 175 180 186 182 181 185 200 307 301 312 205 311 308 309 299 290 291 284 279 280 300 276 275 298 310 305 304 297 303 302 306 295 293 288 281 277 294 278 289 286 273 318 270 271 248 249 256 262 255 260 269 267 261 257 254 263 252 247 246 237 230 233 231 238 139 242 243 218 219 232 240 241 239 225 221 220 119 313 226 224 227 244 245 223 215 214 216 212 118 109 110 211 213 217 222 228 235 236 229 234 251 268 253 265 266 264 250 314 258 259 274 315 272 285 296 283 282 287 292 170 165 166 171 193 192 199 204 203 100 94 197 201 95 88 87 183 188 187 190 173 184 176 169 177 172 66 65 60 52 53 43 54 51 57 58 46 42 36 56 317 316 49 55 48 40 45 50 47 44 41 104 33 18 16 19 17 26 37 25 24 28 30 32 27 20 23 103 21 15 10 11 29 31 22 12 7 6 : 787.353
1 2 
1 27 22 20 30 32 31 104 55 50 56 59 62 63 58 51 54 46 53 52 42 36 37 17 18 24 26 16 14 134 127 126 133 129 208 124 120 128 135 125 113 114 108 116 115 117 106 112 111 107 5 4 13 34 35 38 39 136 137 132 123 121 130 122 118 217 221 220 222 313 109 110 212 211 216 119 213 215 214 223 224 218 219 226 229 237 236 227 228 235 245 244 248 249 252 263 273 272 268 261 254 256 264 260 265 267 257 262 253 251 314 258 255 259 165 143 144 250 246 247 243 239 238 233 234 230 241 242 232 240 231 225 140 139 131 141 142 138 209 149 152 157 163 158 151 146 147 148 150 154 161 160 145 155 153 162 156 159 210 172 173 168 167 169 65 66 164 60 61 176 90 98 206 201 202 207 100 203 195 194 180 192 288 289 286 290 284 304 310 305 291 280 283 285 300 298 297 275 276 270 318 271 279 296 299 308 309 303 311 312 307 193 277 274 269 266 315 287 295 294 293 301 205 306 302 199 186 181 177 182 188 190 197 198 175 179 174 171 170 166 282 278 281 292 200 204 185 178 191 189 187 184 183 196 94 95 87 88 70 69 73 76 80 75 74 86 91 83 85 71 67 68 78 84 96 92 93 99 81 89 97 101 102 79 72 77 82 64 105 47 45 48 49 317 316 40 44 57 41 43 28 103 15 11 10 21 23 33 25 19 8 9 3 12 29 6 7 2 : 779.839
1 3 
1 15 22 29 30 31 28 103 21 316 317 49 48 59 68 67 71 77 72 79 89 90 74 75 93 86 73 78 83 82 85 92 91 97 96 101 102 98 99 201 94 95 197 196 190 191 184 178 185 186 174 210 167 169 164 159 156 151 148 158 163 131 122 139 140 143 144 168 157 147 269 171 165 166 258 265 267 254 314 231 232 237 226 246 253 252 257 259 255 250 273 272 268 261 264 260 274 278 291 284 285 299 304 305 309 308 303 311 312 306 302 301 205 307 200 203 204 194 189 182 177 187 173 65 66 172 176 188 183 61 60 54 104 33 36 37 42 53 51 105 56 41 46 43 57 63 62 58 52 44 47 55 50 25 16 19 18 40 45 64 84 80 76 81 69 70 87 88 100 207 206 202 198 199 288 292 295 293 283 286 290 289 281 277 282 287 193 192 294 296 279 300 280 271 298 310 297 276 275 270 318 248 249 263 256 262 251 315 266 170 175 195 180 181 179 162 161 150 145 155 154 39 38 35 34 127 135 126 133 134 208 120 117 129 124 113 109 216 211 110 217 221 313 243 247 238 239 220 118 119 233 230 222 234 225 219 214 227 223 215 224 245 244 236 228 235 242 240 241 229 218 213 212 123 149 152 146 138 137 128 125 132 116 14 13 136 209 153 160 141 142 130 121 114 111 5 112 108 115 4 107 106 9 12 7 10 11 23 32 20 24 26 27 17 8 3 2 6 : 853.284
2 0 
1 28 54 108 235 311 271 203 10 107 158 314 131 223 227 310 231 153 190 11 45 48 93 76 101 18 106 138 59 197 232 62 169 4 129 111 8 31 87 20 307 273 248 191 173 58 279 275 194 306 309 312 199 240 185 278 85 104 177 170 124 218 290 280 70 254 263 165 161 196 318 293 103 221 286 7 96 3 149 143 200 189 152 56 77 47 184 300 130 243 219 114 226 150 229 148 291 162 134 14 86 136 304 251 305 298 205 234 151 84 216 82 182 172 127 64 301 91 239 117 49 202 132 316 242 133 288 277 174 137 5 113 23 260 252 42 53 198 244 236 253 13 44 97 157 118 195 88 140 230 222 299 176 272 292 282 187 178 283 264 98 168 163 166 74 281 102 238 122 35 297 220 65 258 181 186 315 294 139 255 237 225 156 126 100 34 116 259 285 52 51 57 30 29 287 167 63 233 201 146 33 241 212 72 78 249 115 289 204 284 155 69 308 128 61 246 207 250 109 269 67 41 262 213 125 119 112 257 247 154 55 90 50 159 276 208 94 81 89 36 46 110 83 209 180 40 317 267 215 142 228 179 274 188 75 313 296 266 256 245 303 60 214 270 141 265 37 217 121 27 19 120 9 105 92 38 39 206 32 79 145 43 24 268 192 175 295 302 15 147 25 123 99 164 193 16 6 160 2 12 21 80 68 22 135 144 71 171 26 210 261 211 224 66 183 73 17 95 : 5058.39
2 1 
1 127 135 109 211 167 249 237 286 299 198 272 221 24 316 156 110 183 142 210 143 253 245 37 117 225 310 74 56 120 217 214 173 238 301 287 224 131 159 20 164 114 95 39 55 46 11 26 265 36 65 84 102 268 139 35 129 232 112 27 44 8 177 107 126 42 252 122 270 38 187 203 290 288 61 233 227 267 192 54 58 144 308 68 30 155 216 15 3 149 303 10 72 298 148 147 260 280 118 230 78 209 154 207 191 262 318 269 296 152 82 96 184 14 259 168 150 103 71 317 77 101 201 66 166 170 246 208 48 12 124 123 64 83 60 43 175 79 5 67 133 275 98 248 169 294 17 119 257 146 9 89 314 231 315 229 163 273 302 199 306 179 28 161 243 88 130 307 283 190 300 241 94 32 145 158 256 57 271 31 49 171 228 121 219 204 234 292 279 247 266 50 309 263 182 51 282 4 172 29 186 297 304 277 305 242 311 274 236 105 206 62 132 222 178 73 100 285 258 85 40 137 116 104 276 254 235 205 16 34 23 111 197 213 223 312 193 284 93 87 108 2 21 141 59 91 47 240 13 295 128 115 138 176 69 7 75 278 52 174 220 264 196 162 239 212 215 106 313 140 70 153 200 90 125 218 293 136 281 86 99 33 157 181 180 195 189 81 63 22 6 289 76 194 25 45 80 41 291 255 151 19 134 113 188 165 226 244 250 18 261 97 251 160 53 185 202 92 : 5081.17
2 2 
1 141 89 67 176 208 241 147 285 221 156 152 293 229 98 21 160 13 144 258 70 6 59 56 41 317 99 95 93 172 267 105 134 242 248 215 304 168 183 259 110 155 274 186 262 271 305 131 10 115 287 222 38 47 313 55 66 270 148 243 39 150 137 197 94 83 18 120 87 100 60 193 117 9 25 20 22 114 34 133 174 268 284 290 252 161 167 307 170 157 162 84 123 247 142 255 280 68 179 218 219 50 253 46 200 192 184 16 86 180 261 118 71 92 35 82 278 291 249 276 302 171 312 79 145 254 211 149 58 64 116 121 264 44 130 213 236 132 85 33 74 104 198 126 282 185 151 78 275 314 15 30 165 203 214 283 7 164 17 113 231 223 240 122 196 72 27 107 48 112 310 194 177 111 8 90 281 3 135 97 269 217 226 246 299 187 45 205 263 300 195 230 202 250 191 244 136 127 4 23 106 53 199 303 88 77 102 260 294 190 49 158 316 279 297 224 232 182 5 188 153 146 103 220 234 257 129 128 272 138 61 69 109 181 140 233 292 228 65 62 227 125 277 43 289 96 296 81 101 76 42 154 57 212 163 29 235 12 54 19 166 139 24 2 237 210 273 288 159 245 225 11 124 315 91 306 301 311 209 173 63 28 40 207 286 238 75 73 80 52 37 36 51 239 309 308 204 318 295 31 206 251 298 108 14 266 169 189 119 143 256 216 178 32 26 175 265 201 : 5041.41
2 3 
1 105 149 134 141 129 130 131 234 228 248 286 144 255 32 25 95 201 300 38 230 272 264 265 270 211 243 112 23 97 277 267 258 250 107 232 109 213 142 283 162 71 73 69 19 36 24 154 28 26 33 27 111 125 7 81 78 101 99 199 193 92 56 49 48 31 159 116 176 173 191 186 257 222 157 59 103 30 120 66 93 100 47 40 161 174 148 135 171 287 282 273 245 214 291 285 305 290 168 155 124 113 127 238 164 178 206 236 118 304 274 50 166 183 203 172 200 177 60 79 53 82 165 128 58 74 61 187 87 181 14 115 5 12 16 46 55 37 6 2 316 226 229 247 235 313 253 278 271 227 292 299 297 260 215 106 15 67 196 210 207 104 41 231 204 295 275 276 306 156 34 119 284 318 309 98 83 217 254 262 197 68 42 190 147 208 218 237 54 317 75 96 85 281 288 170 182 21 70 94 57 91 84 259 88 180 8 72 136 269 143 205 185 184 194 35 279 308 303 52 4 153 145 202 64 89 160 13 123 146 9 17 133 108 195 151 240 216 315 302 179 189 63 224 261 280 10 11 62 158 233 163 140 152 209 150 188 167 45 76 80 102 220 114 239 212 251 310 192 266 246 219 132 20 65 77 86 90 43 137 122 241 110 221 121 126 22 44 268 314 252 223 198 244 256 169 175 225 138 3 18 117 242 249 139 39 51 298 263 293 301 311 294 296 312 289 307 29 : 3651.04
3 0 
1 253 94 270 233 267 273 185 178 183 168 311 80 72 276 262 288 244 154 284 170 36 4 171 263 131 162 104 308 293 96 127 116 44 17 60 64 33 222 281 40 231 93 67 19 256 285 153 27 151 92 51 201 146 290 124 108 223 113 129 125 228 139 13 83 268 225 34 76 159 3 89 303 286 251 252 249 260 296 272 208 216 195 71 20 56 227 215 112 149 280 66 250 12 243 205 147 300 292 109 68 175 305 289 59 239 148 318 177 194 145 282 217 234 204 91 271 245 180 174 199 8 10 190 49 200 169 118 241 209 117 179 103 115 181 210 221 37 126 38 203 306 255 173 18 46 254 295 84 172 144 248 304 156 297 291 298 43 65 163 167 164 73 78 240 265 184 42 121 50 77 269 218 206 141 87 5 111 41 237 189 97 48 74 202 100 307 191 62 14 158 198 98 90 85 35 283 287 232 11 242 247 229 143 155 88 102 187 309 312 63 110 196 157 24 70 120 316 55 135 26 81 39 161 182 132 7 31 107 212 47 186 152 224 16 75 211 192 299 301 214 166 160 130 119 138 257 133 150 15 21 314 259 220 313 278 261 275 32 128 53 106 142 238 258 2 317 25 277 54 266 226 136 86 165 6 134 264 315 79 30 294 230 140 274 58 22 69 95 137 236 123 193 45 197 61 122 82 57 9 29 246 219 213 188 52 101 207 279 302 310 23 28 176 235 114 105 99 : 5091.54
3 1 
1 5 8 140 184 299 183 166 89 28 45 93 43 71 7 120 190 98 197 102 297 86 149 152 201 135 199 38 277 13 20 18 41 309 211 305 130 158 247 204 181 66 62 115 24 51 281 105 67 64 114 219 284 95 72 49 119 225 286 216 222 42 235 293 14 208 224 16 121 215 262 248 151 245 228 221 289 271 32 57 124 258 220 88 74 31 79 268 237 63 15 47 6 207 194 218 157 193 200 274 150 90 206 195 311 55 176 132 210 203 318 291 108 161 174 109 267 226 37 234 131 209 60 251 263 53 78 308 101 172 301 191 214 227 244 137 83 76 21 104 44 2 279 302 272 165 73 296 310 243 314 146 106 257 61 122 230 163 198 249 54 65 265 252 141 233 300 96 11 129 250 139 160 275 100 223 153 283 142 103 148 91 46 240 39 185 147 33 134 294 260 107 56 80 187 168 113 34 59 85 27 36 48 182 276 280 282 186 136 259 288 171 4 192 156 316 162 70 159 143 254 175 232 229 270 188 178 264 273 313 242 144 212 231 180 315 35 266 10 290 253 170 94 295 75 84 69 25 304 287 179 189 145 92 97 22 68 133 205 256 87 118 82 125 23 30 303 3 111 58 292 213 164 128 112 17 169 155 127 52 238 19 50 202 236 126 29 116 123 298 173 9 177 317 312 154 255 167 12 307 278 261 81 269 246 241 138 217 239 306 285 110 99 196 77 40 117 26 : 5066.24
3 2 
1 293 165 36 10 185 163 125 204 210 43 156 66 32 168 270 96 291 248 174 173 306 193 170 200 97 75 238 239 218 230 164 17 251 279 309 64 317 123 211 128 158 318 315 300 188 191 246 261 225 73 167 221 83 8 286 71 53 207 199 49 5 13 3 282 121 280 104 95 202 253 237 220 130 297 244 212 138 109 4 233 294 47 113 298 308 289 194 68 34 11 303 50 40 243 240 48 67 62 9 190 86 82 27 42 63 26 277 224 105 23 2 80 124 203 250 241 52 126 268 169 299 275 131 39 19 222 269 273 94 257 276 231 84 312 192 161 281 120 290 56 198 302 247 147 252 116 266 201 46 256 255 271 245 213 85 179 119 89 219 108 57 134 208 41 90 172 72 98 144 132 60 100 304 285 234 296 58 262 55 118 178 154 54 145 45 111 183 99 15 78 30 259 14 107 18 35 69 278 287 92 16 87 153 21 59 177 159 79 70 175 186 155 129 22 29 37 181 148 187 176 242 272 140 311 184 196 135 274 292 223 236 260 214 227 205 284 7 65 115 267 133 149 139 258 106 215 28 232 146 24 114 162 310 171 157 141 283 33 305 195 51 264 228 216 122 20 217 235 209 182 127 151 142 12 101 316 25 38 265 143 117 102 110 76 206 91 93 197 88 295 150 77 44 103 6 74 314 254 307 180 166 313 31 61 249 229 137 288 112 226 152 136 263 301 160 189 81 : 5076.6
3 3 
1 28 29 134 297 261 275 271 270 294 200 282 280 199 296 295 302 177 168 169 312 308 148 128 86 89 99 90 198 170 274 124 120 131 305 110 184 187 83 316 45 23 21 3 15 154 236 109 116 151 166 218 222 235 239 230 125 77 46 32 16 209 114 129 133 162 227 113 115 14 26 91 190 164 292 34 251 42 30 31 17 111 165 286 194 163 266 144 157 159 278 309 247 40 43 255 283 304 179 175 121 117 12 59 141 139 254 318 242 263 267 310 122 232 300 287 281 38 145 126 112 138 37 135 123 108 107 212 219 221 228 213 214 241 313 290 276 171 192 188 69 68 81 223 298 301 303 101 158 272 231 265 268 233 224 147 149 136 104 5 4 19 7 25 10 66 256 258 314 299 289 88 204 95 20 150 119 140 243 262 226 248 216 78 8 237 211 217 285 291 284 174 210 60 153 33 56 96 98 191 176 189 75 48 50 201 277 173 65 13 132 47 167 74 85 225 259 137 35 92 71 73 18 55 51 180 9 106 27 253 229 257 202 172 183 100 39 288 197 70 11 203 193 208 2 155 62 49 64 53 185 127 130 240 269 160 63 44 58 97 102 205 54 57 143 186 196 87 72 317 6 36 105 249 93 206 118 215 182 279 246 306 195 181 311 142 234 250 238 244 260 273 146 52 41 76 82 156 220 264 178 293 307 161 245 252 315 24 103 22 152 61 94 207 80 84 79 67 : 3536.06
4 0 
1 2 6 10 3 8 13 111 107 106 112 116 108 113 4 129 121 208 126 120 136 132 131 114 110 220 233 234 229 238 218 226 228 227 222 240 313 213 219 237 235 249 245 224 223 214 215 244 248 236 247 243 230 225 232 231 221 118 109 212 211 217 216 119 152 146 161 160 154 210 159 153 162 155 164 60 62 73 76 63 105 59 41 50 54 40 45 104 51 48 55 316 49 56 57 53 46 43 18 26 12 29 31 22 103 21 27 23 20 28 15 33 19 37 47 52 42 25 16 24 17 14 34 44 58 36 38 145 156 209 138 125 128 127 137 135 39 35 5 115 117 123 122 124 133 134 141 142 130 140 139 241 143 144 250 252 255 254 263 271 279 300 290 284 275 270 318 253 251 261 257 314 259 258 242 239 246 262 268 272 269 266 267 264 256 315 260 265 273 292 295 294 286 291 276 297 298 305 310 304 309 308 296 299 293 277 282 281 170 165 157 148 158 151 163 147 149 150 166 171 174 180 194 192 289 274 283 280 285 287 278 288 303 306 205 311 312 302 200 199 307 301 193 175 168 167 189 169 65 177 173 190 187 202 201 196 182 191 66 207 206 94 86 80 68 82 78 85 79 77 84 83 64 81 74 70 75 61 172 195 204 203 198 100 95 197 87 88 185 179 178 186 184 176 181 188 183 90 99 92 97 101 98 91 96 102 93 67 72 89 69 71 317 32 30 9 7 11 : 981.684
4 1 
1 2 24 19 23 20 12 16 21 29 31 104 44 50 56 58 46 51 57 55 59 64 73 74 80 76 79 72 83 78 68 82 85 77 89 81 75 90 99 98 96 93 91 92 101 102 97 86 84 71 67 105 62 63 69 70 66 87 197 95 88 196 201 100 202 206 207 94 190 182 185 178 175 174 181 172 173 177 183 184 191 204 195 194 188 187 189 198 203 311 312 307 301 302 306 200 199 205 308 310 304 305 297 298 276 318 270 275 271 314 258 265 315 272 279 284 283 281 277 294 282 289 286 290 287 171 180 186 179 164 61 176 167 292 293 278 170 166 165 257 264 268 256 261 273 280 285 291 300 299 309 303 193 192 288 295 296 274 267 269 259 260 266 255 250 230 313 231 243 110 109 212 222 218 234 237 235 228 227 245 244 248 249 224 223 214 215 219 226 246 247 252 251 254 263 262 253 240 239 220 213 236 229 232 238 233 242 241 143 123 132 121 130 122 129 125 128 4 111 116 208 126 117 115 13 14 5 8 18 25 26 36 37 17 9 106 107 112 120 133 136 124 138 134 127 35 135 137 34 39 150 155 160 154 209 146 141 142 131 114 108 113 211 216 217 221 119 118 225 139 140 144 147 148 156 153 161 210 60 65 169 168 152 159 162 151 157 163 158 149 145 38 42 43 41 52 53 54 40 316 317 45 47 48 49 33 32 30 103 15 11 10 7 6 22 28 27 3 : 796.232
4 2 
1 11 10 103 12 15 28 22 30 29 21 31 32 19 25 16 36 137 136 209 150 155 153 154 35 34 38 39 43 57 54 50 45 48 317 316 105 56 51 44 104 47 55 40 46 58 62 63 80 81 76 89 90 95 197 206 207 100 202 88 187 172 176 189 173 65 66 52 41 42 37 26 17 20 23 24 33 27 49 59 53 13 14 133 138 135 134 127 208 128 121 129 141 149 157 158 146 147 148 151 168 210 164 60 61 69 70 74 72 67 84 82 83 64 77 75 79 86 73 71 68 91 96 101 97 102 93 92 78 85 98 99 94 201 196 198 204 203 195 194 183 188 190 87 184 186 180 178 169 182 177 191 185 192 193 181 179 175 174 167 163 162 152 159 156 160 161 145 126 120 115 112 111 107 106 4 5 117 125 124 123 142 122 130 131 139 143 144 267 273 280 275 318 270 271 247 246 259 251 242 241 240 260 265 264 266 258 255 257 268 279 284 291 285 200 306 301 302 199 205 312 311 307 303 281 278 282 274 277 286 288 171 295 296 290 297 276 298 304 310 305 308 309 300 299 283 289 287 294 293 292 269 170 165 166 315 272 262 256 261 252 263 254 253 249 248 235 228 226 219 215 214 223 245 244 224 227 236 237 233 230 313 217 220 221 211 216 212 218 213 222 232 238 229 234 243 314 250 140 225 239 119 231 118 110 109 114 113 108 132 116 18 8 9 3 2 7 6 : 826.172
4 3 
1 6 10 7 19 27 24 26 25 17 14 13 5 111 112 114 119 118 225 313 232 239 241 242 139 222 213 221 217 216 212 211 109 231 230 238 233 218 219 226 227 215 214 244 223 224 245 248 249 256 262 251 253 263 268 273 272 288 281 277 280 284 299 286 283 274 279 271 275 276 297 304 310 305 298 300 309 308 303 307 306 301 302 193 192 199 200 205 311 312 296 291 285 290 295 293 294 289 292 171 170 278 282 287 270 318 261 314 234 236 246 247 252 254 260 266 166 159 156 149 151 157 146 148 165 315 269 265 259 258 264 267 257 255 250 143 144 140 240 243 237 228 235 229 220 110 131 132 123 129 130 121 122 113 108 107 106 4 115 116 127 209 152 163 158 147 141 128 133 136 126 120 117 137 138 134 208 125 142 124 39 38 135 145 160 167 168 169 173 184 194 172 183 196 198 203 204 195 185 186 175 179 174 180 177 178 181 182 191 202 100 206 207 201 99 98 95 94 197 176 190 65 66 150 154 155 153 34 35 37 33 104 31 32 30 28 23 20 103 29 21 22 15 3 9 8 16 18 36 42 43 48 50 57 40 53 52 58 54 47 44 49 105 62 63 70 69 73 74 75 81 88 87 187 188 189 210 162 161 164 61 60 41 46 51 45 55 56 59 67 78 68 71 84 83 82 85 97 96 93 89 90 101 102 91 92 86 76 72 80 79 77 64 317 316 11 12 2 : 776.137
5 0 
1 120 37 14 10 221 47 202 204 78 155 294 33 92 150 21 314 153 131 70 93 168 8 57 45 239 219 215 162 181 146 260 253 227 40 250 20 66 111 230 36 107 43 13 55 74 232 295 305 289 318 151 7 84 273 216 112 292 48 124 56 297 91 315 189 77 312 25 176 198 165 249 82 117 268 63 300 192 139 247 4 259 299 159 135 149 291 177 166 174 31 46 61 22 5 183 134 19 38 218 104 152 163 88 95 190 79 164 220 128 316 98 188 6 71 263 145 15 30 257 142 80 53 136 246 271 298 293 109 210 140 118 254 17 28 81 86 100 54 171 161 115 265 87 203 94 310 240 154 119 147 274 206 199 278 113 16 121 9 156 244 130 160 194 27 264 103 50 317 39 123 62 209 144 301 217 197 143 141 137 251 116 114 284 237 238 213 129 51 212 304 309 222 258 235 148 283 58 44 23 64 307 288 125 302 243 211 35 173 106 2 99 105 261 303 229 157 11 26 18 76 68 41 205 32 255 267 262 208 12 29 34 83 101 89 277 224 214 185 308 132 49 59 110 225 69 196 3 182 231 290 285 252 281 207 269 175 287 193 242 236 172 169 241 122 97 167 24 234 184 282 126 127 279 75 179 280 201 133 60 180 286 90 52 65 195 67 108 72 73 138 266 223 200 186 228 256 270 170 313 276 226 178 42 191 272 245 311 296 233 306 187 158 248 96 85 102 275 : 5137.9
5 1 
1 153 101 59 10 70 283 61 87 132 55 141 263 162 234 120 42 18 187 218 282 22 45 294 126 36 108 314 131 167 274 281 231 292 72 205 273 280 267 233 220 270 272 84 172 68 196 146 256 156 215 254 313 38 252 229 232 17 107 136 165 204 177 240 14 286 275 299 303 11 291 73 3 237 47 60 157 103 34 199 285 255 130 191 122 90 79 46 48 184 296 250 159 144 28 224 149 33 52 54 110 77 19 127 175 39 51 170 276 311 295 43 88 197 300 124 304 192 266 195 318 315 288 58 30 188 309 212 160 67 49 213 216 264 293 75 40 105 310 246 302 114 111 158 176 94 100 171 203 214 117 29 211 261 290 198 308 71 201 268 223 236 259 66 102 26 284 219 248 258 289 109 32 27 242 140 139 21 78 15 210 106 123 125 145 155 98 180 57 301 174 37 249 202 62 65 116 269 173 76 93 128 64 150 118 41 56 297 99 265 161 151 251 142 226 241 228 221 129 4 312 147 243 239 89 207 305 209 189 178 115 208 112 50 222 20 235 278 193 5 13 227 206 190 181 85 217 260 16 230 257 245 74 306 271 119 80 179 92 166 69 163 23 91 82 83 262 253 148 279 277 200 95 97 298 152 24 238 143 186 307 81 316 317 2 86 194 185 244 182 168 137 247 287 7 138 183 9 225 6 96 135 154 121 12 31 164 133 53 44 8 63 169 104 113 35 134 25 : 5033.48
5 2 
1 32 14 151 254 133 26 11 17 52 7 299 196 293 97 60 288 153 181 219 296 76 200 158 220 252 113 80 64 247 109 39 30 93 125 191 180 225 313 163 146 149 211 152 19 15 36 96 77 172 298 306 217 242 155 302 214 265 292 66 70 57 72 188 86 255 283 249 257 244 226 278 206 168 231 106 127 58 282 314 276 301 268 304 144 228 261 85 41 91 209 173 233 67 68 159 121 184 4 107 35 3 148 126 186 37 114 40 28 94 212 27 230 182 53 256 143 280 21 274 89 286 190 62 105 207 55 250 75 150 145 87 84 98 99 61 308 170 130 259 201 305 281 9 12 92 79 116 54 73 198 316 194 166 309 167 142 49 204 185 78 295 243 245 195 218 129 46 71 179 277 315 192 102 120 294 175 229 262 6 59 197 174 22 165 318 141 44 164 189 258 199 248 272 82 205 310 81 251 271 2 160 240 90 178 157 156 303 20 115 8 112 111 234 31 246 23 128 42 122 83 208 104 34 100 187 48 135 267 95 43 63 119 221 260 88 101 50 285 227 65 224 297 24 138 123 241 216 210 124 33 232 103 74 193 311 132 171 154 108 131 117 270 239 264 284 266 202 237 279 136 223 222 269 134 203 118 169 176 253 291 139 147 235 238 38 56 13 16 10 47 317 290 289 162 29 273 5 18 307 177 183 215 137 312 263 275 213 110 69 45 236 140 161 51 287 300 25 : 5102.29
5 3 
1 3 107 9 8 29 22 85 13 4 217 104 167 143 227 248 236 266 257 205 75 158 260 31 59 28 96 68 18 32 126 148 152 17 106 230 231 228 61 80 76 70 66 87 27 10 316 56 175 123 110 216 208 238 116 153 33 172 313 282 290 273 251 161 202 88 41 168 113 233 255 264 203 298 276 128 235 225 195 177 45 77 63 187 283 165 287 304 249 229 155 42 11 204 157 150 129 262 131 120 21 296 312 286 145 240 302 310 179 178 169 154 52 67 188 16 36 12 34 135 151 181 196 89 90 99 62 51 83 232 140 244 226 256 114 84 183 102 71 97 105 159 60 44 48 50 57 37 24 182 300 234 162 47 79 35 147 209 288 261 294 308 91 74 86 295 174 180 98 201 73 19 125 163 267 185 186 156 258 124 269 307 278 272 192 293 176 210 95 78 82 72 25 30 108 93 317 173 291 281 274 306 305 289 270 221 252 237 318 279 241 130 315 219 275 311 100 184 189 53 141 136 127 14 39 81 46 111 65 142 133 212 314 190 197 101 94 55 137 207 166 265 246 242 224 119 191 69 134 164 160 117 54 170 299 285 239 220 292 268 247 218 121 199 259 198 171 38 263 115 49 146 118 149 222 138 211 109 5 7 15 23 20 2 132 206 43 64 92 40 58 254 277 200 250 297 271 303 280 284 194 301 215 223 144 253 245 214 122 139 243 309 193 213 6 26 112 103 : 3651.34
