0 0 
1 2 6 7 10 11 15 103 20 23 28 21 22 29 30 31 32 33 27 24 19 16 17 18 25 26 36 37 39 38 128 125 129 138 132 124 121 114 113 119 234 313 240 118 221 220 213 212 215 245 224 223 227 235 236 226 228 244 256 249 253 257 314 140 122 123 130 131 141 142 233 243 241 237 232 239 231 225 238 218 214 219 216 217 211 109 110 139 242 144 147 146 148 151 157 149 162 159 156 152 158 163 143 209 145 154 150 153 155 160 161 210 164 63 82 78 71 68 67 64 59 56 55 50 48 45 49 317 316 40 104 44 47 51 41 42 69 74 75 81 80 76 73 72 77 79 86 89 90 99 98 93 102 101 97 96 92 91 85 83 84 62 105 57 54 58 53 52 46 43 70 61 60 66 65 176 183 187 188 190 87 88 94 95 100 207 206 202 201 197 196 198 203 204 195 194 191 189 184 182 177 173 172 169 178 181 185 186 180 179 174 175 167 168 166 165 171 170 296 294 289 286 290 287 282 274 283 279 284 285 291 280 272 273 248 315 264 266 258 260 265 259 250 255 246 251 254 261 263 268 262 252 271 270 276 275 297 304 305 310 298 299 300 309 308 303 301 302 306 307 311 312 205 200 199 193 192 295 293 292 288 281 278 277 269 267 318 247 229 230 222 108 117 112 111 106 107 4 5 34 35 133 135 137 136 134 127 126 208 120 116 115 13 14 9 8 3 12 : 683.541
0 1 
1 2 6 7 10 11 15 21 22 29 30 31 32 316 317 49 45 40 104 44 47 51 54 57 48 50 55 56 59 105 64 67 68 71 78 82 83 84 85 91 92 96 97 101 102 93 98 99 90 89 86 79 77 72 73 76 80 81 75 74 69 70 63 62 58 53 52 46 43 41 42 39 38 145 154 153 155 160 161 210 167 168 169 177 182 184 189 190 188 187 183 176 173 172 164 60 61 65 66 87 88 94 95 100 207 206 202 201 197 196 198 203 204 195 194 191 185 181 178 186 180 179 174 175 193 200 205 312 311 307 306 199 302 301 303 308 309 310 305 304 297 298 300 299 296 294 295 192 293 292 288 281 278 277 170 171 166 165 269 266 265 260 250 240 233 216 117 129 124 121 122 123 110 212 118 140 139 238 221 239 230 313 222 219 226 214 215 224 245 223 236 242 119 231 232 241 258 143 259 255 253 261 267 263 268 272 273 271 270 318 275 276 280 279 284 285 291 290 286 283 289 287 282 274 315 252 247 314 244 248 249 246 264 262 251 257 254 256 227 234 228 218 243 235 229 213 217 225 220 211 109 130 131 132 133 141 142 147 146 163 158 157 151 148 162 159 156 152 149 150 209 128 125 135 136 137 138 144 237 114 113 108 106 107 14 13 115 116 112 120 208 126 127 134 34 35 37 33 28 23 20 103 27 24 19 25 18 16 17 26 36 8 9 5 4 111 3 12 : 649.883
0 2 
1 3 8 9 12 103 20 23 28 27 24 19 16 17 18 25 26 36 37 42 39 38 145 209 138 133 128 125 117 120 208 126 127 134 135 136 137 34 35 14 13 116 115 5 4 112 111 107 106 108 113 114 122 121 124 129 132 123 130 131 141 142 147 148 151 157 158 163 162 159 156 152 146 149 150 154 153 155 160 161 164 210 167 168 175 174 179 180 186 185 181 178 169 172 173 177 182 184 191 194 195 193 192 295 293 292 288 294 289 287 282 274 166 165 266 269 255 256 264 144 140 118 241 139 143 232 239 224 214 223 245 248 249 252 314 226 235 220 110 109 222 213 238 225 313 237 236 240 229 215 244 234 243 218 211 216 212 217 221 228 219 253 267 273 276 261 272 268 263 251 265 315 254 257 246 277 278 281 171 170 259 260 258 250 230 242 233 119 231 227 262 247 270 297 271 318 279 305 298 300 299 296 283 291 290 286 280 284 285 275 304 310 309 308 303 301 302 306 307 311 312 205 199 200 204 203 198 196 197 94 201 202 206 207 100 95 88 87 190 189 188 187 183 176 65 89 99 90 81 75 74 70 69 61 60 66 86 79 77 72 67 68 71 78 82 83 84 85 91 92 96 97 101 102 93 98 80 76 73 64 62 63 58 53 52 46 43 41 44 47 51 54 57 105 59 317 316 56 55 50 48 45 49 40 104 33 32 31 30 29 22 21 15 11 10 7 6 2 : 712.099
0 3 
1 2 6 7 11 10 12 129 132 140 139 232 231 240 222 230 239 234 236 235 313 225 242 241 238 243 233 237 229 226 228 227 257 270 276 298 305 245 271 256 252 314 165 166 131 123 122 121 124 117 15 21 22 29 32 31 30 103 20 23 28 33 27 24 19 16 17 18 25 26 37 36 104 40 316 317 49 45 48 50 55 56 59 105 57 54 51 47 44 41 42 43 46 52 53 58 63 62 64 67 68 71 72 77 79 84 78 82 83 85 86 93 91 92 96 97 101 102 98 99 90 89 80 76 73 81 75 74 69 70 88 87 94 95 100 207 206 202 201 197 196 198 203 204 195 194 186 180 179 174 185 181 178 169 172 173 177 182 184 191 189 190 188 187 183 176 65 66 61 60 164 210 161 160 155 153 150 154 145 38 39 35 34 14 13 115 116 120 126 127 134 208 125 128 133 135 136 137 138 209 141 142 147 148 146 130 149 152 156 159 162 151 157 158 163 167 168 175 171 170 278 277 281 288 292 293 282 290 287 294 296 283 289 295 192 193 301 302 306 312 311 205 199 200 307 308 300 285 299 309 310 303 291 284 275 279 273 304 297 248 244 254 267 264 260 258 250 246 318 251 266 144 143 259 255 261 268 263 262 247 253 265 315 280 274 286 272 269 249 223 224 214 215 219 218 213 211 212 109 110 216 217 220 221 118 119 114 113 108 106 107 111 112 4 5 9 8 3 : 702.279
1 0 
1 2 6 7 10 11 21 22 29 30 31 32 104 40 316 317 49 45 48 50 55 56 59 105 57 54 51 47 44 41 42 43 46 52 53 58 63 62 64 67 68 71 78 82 83 85 91 92 96 97 101 102 93 86 84 79 77 72 80 76 73 69 70 74 75 81 89 90 98 99 95 100 207 206 202 201 94 197 196 88 87 190 189 188 187 183 176 173 172 65 66 61 60 164 161 160 155 153 150 154 145 38 39 35 34 137 136 134 127 126 208 125 128 133 135 138 209 146 149 152 156 159 162 210 167 168 175 174 179 180 186 185 181 178 169 177 182 184 191 198 194 195 203 204 200 199 205 312 311 307 306 302 301 303 296 294 288 292 293 295 192 193 171 170 281 278 277 289 287 282 274 267 256 253 314 233 243 232 225 139 231 260 315 264 261 266 269 165 166 158 163 157 151 148 147 144 143 140 118 220 313 239 234 226 241 240 237 229 235 223 224 214 254 257 252 262 263 268 242 227 249 248 271 270 275 272 273 250 259 258 265 251 238 230 218 222 247 318 310 305 304 297 300 308 309 299 298 284 291 285 280 283 286 290 279 276 245 246 236 215 119 255 244 228 219 213 110 221 217 114 122 130 131 142 141 132 129 124 123 216 113 212 121 211 109 117 108 106 111 112 13 14 120 116 115 107 5 4 9 8 3 12 19 24 27 16 18 17 25 26 37 36 33 28 23 20 103 15 : 712.245
1 1 
1 2 6 7 10 11 15 21 22 29 103 20 23 28 30 31 32 33 104 44 47 51 54 57 56 55 50 48 45 40 49 316 317 59 105 64 73 76 80 86 84 79 77 72 67 68 71 78 82 83 85 91 92 96 97 101 102 93 98 99 90 89 81 75 74 69 70 63 62 58 53 52 46 43 41 42 37 36 26 25 18 17 35 34 134 127 126 208 125 128 133 135 136 137 138 141 142 147 146 148 151 157 158 163 162 159 156 152 149 209 145 38 39 154 150 153 155 160 161 164 60 61 66 65 210 167 168 169 172 173 176 183 187 188 191 189 184 182 177 190 87 88 94 95 100 207 206 202 201 197 196 198 203 204 195 194 312 311 307 306 302 301 303 308 309 300 299 285 286 283 287 277 281 292 288 272 284 290 296 295 293 294 278 170 171 192 199 205 200 193 179 180 186 185 178 181 174 175 166 165 269 274 280 279 291 282 289 310 304 305 297 298 276 273 275 261 271 270 248 246 237 234 244 249 318 252 251 314 259 258 265 266 315 263 268 264 267 260 254 257 262 253 245 223 215 224 226 233 238 239 231 242 140 139 241 240 243 227 214 230 313 232 247 220 218 211 217 144 143 250 255 256 236 222 228 216 110 109 212 213 219 235 229 225 118 221 119 122 121 123 130 131 113 124 129 132 114 117 5 4 107 108 112 115 106 111 116 120 13 14 3 9 8 12 27 19 16 24 : 670.717
1 2 
1 2 6 7 10 11 15 21 22 29 103 20 23 28 30 31 32 33 27 24 19 16 17 18 25 26 37 36 104 40 316 317 49 45 48 50 55 56 59 105 57 54 51 47 44 41 42 43 46 52 53 58 63 62 64 73 76 80 86 84 79 77 72 67 68 71 78 82 83 85 91 92 96 97 101 102 93 98 99 90 89 81 75 74 69 70 66 65 61 60 164 169 178 181 185 191 189 184 182 177 172 173 176 183 187 188 190 87 88 94 95 100 207 206 202 201 197 196 198 203 204 195 194 186 180 179 174 175 168 167 163 158 157 151 148 141 142 114 124 129 123 122 108 117 113 130 109 217 211 213 218 224 221 220 219 215 223 214 244 226 241 233 139 140 216 118 119 110 212 222 234 229 235 237 225 227 230 239 242 236 240 238 243 228 231 232 313 247 251 252 256 267 263 262 166 165 269 266 315 274 296 299 290 286 279 284 300 291 283 280 285 287 289 294 293 295 292 288 281 277 278 170 171 282 193 192 301 302 199 200 205 312 311 307 306 303 308 309 310 305 304 298 297 276 275 271 270 318 248 273 272 268 253 264 245 249 246 257 255 258 260 265 259 261 254 314 250 143 144 147 146 149 152 156 159 162 210 161 160 150 153 155 154 145 38 39 209 137 138 136 134 133 132 120 126 125 128 121 131 116 115 112 4 111 106 107 5 13 14 35 127 208 135 34 8 3 9 12 : 640.74
1 3 
1 2 6 7 10 11 15 103 21 22 29 32 31 30 20 23 28 33 104 40 316 317 49 45 48 50 55 56 54 51 47 44 41 42 43 46 52 53 58 57 62 63 70 69 74 75 81 80 76 73 64 105 59 67 68 71 78 82 83 85 91 92 96 97 101 102 93 86 84 72 77 79 89 90 98 99 88 87 190 188 187 183 176 173 172 177 178 181 185 182 184 189 191 196 197 94 95 201 202 100 207 206 198 203 204 195 194 186 180 179 174 175 193 192 301 302 306 312 199 200 205 311 307 303 308 299 295 292 293 294 289 287 282 288 274 283 284 290 286 285 280 279 291 300 298 297 310 305 304 309 296 277 278 281 170 171 166 165 269 266 265 260 258 255 259 250 314 243 246 247 252 251 253 256 262 263 268 254 257 261 264 267 315 272 273 276 275 271 270 318 249 248 245 244 224 223 214 215 219 218 227 226 228 235 236 237 234 229 238 233 230 222 213 211 212 217 109 110 119 118 216 108 125 128 133 135 117 124 129 132 138 136 137 34 35 38 39 60 61 66 65 210 164 161 160 154 145 156 152 148 151 157 158 163 162 168 167 169 159 155 150 153 149 146 209 147 144 143 140 139 242 241 240 239 232 231 313 225 221 220 142 141 131 130 123 121 122 114 113 208 134 127 126 120 116 115 112 111 107 106 4 5 13 14 9 8 26 36 37 25 18 17 16 27 24 19 12 3 : 521.771
2 0 
1 2 6 7 10 11 15 21 22 29 30 31 32 33 161 256 270 216 212 98 257 223 314 152 210 179 166 203 101 182 309 288 233 287 167 247 147 190 191 283 193 42 282 84 62 79 255 286 265 126 279 8 9 14 115 281 178 240 107 35 131 241 245 258 146 156 192 253 114 228 137 211 111 226 132 136 117 236 4 215 219 120 171 244 284 124 121 163 170 200 197 280 254 249 234 209 165 92 76 78 296 222 106 303 168 65 297 225 315 186 272 308 110 227 289 204 180 169 278 46 48 317 55 45 72 40 68 291 235 196 277 108 185 184 104 87 275 172 162 86 189 125 158 144 64 49 85 248 221 173 306 88 89 93 97 77 71 102 67 187 123 129 128 140 122 160 229 138 266 261 80 285 207 201 155 95 135 113 194 298 112 295 302 242 208 154 269 311 267 116 220 174 145 237 202 252 206 82 90 66 293 96 58 44 81 51 151 36 41 274 37 290 181 139 214 118 294 217 218 127 313 271 142 153 262 305 300 231 177 251 75 100 70 316 83 176 195 310 143 159 188 130 141 69 34 304 205 232 224 312 56 47 73 264 268 50 99 199 149 25 13 5 16 24 19 109 213 91 259 198 133 238 61 250 148 43 243 230 183 74 59 54 57 52 53 63 60 299 318 246 276 263 260 175 39 273 119 239 94 105 307 292 164 38 301 157 150 26 134 18 27 17 12 20 103 23 28 3 : 4214.43
2 1 
1 2 207 199 180 252 217 122 124 249 113 271 68 58 32 26 239 246 253 200 181 95 296 145 19 31 96 317 219 280 302 63 114 166 146 261 42 14 277 209 133 255 264 266 315 128 184 80 273 236 5 97 105 37 9 134 272 17 20 292 151 282 244 29 155 131 188 210 256 111 226 208 92 177 27 154 285 309 291 71 83 24 228 93 40 82 89 278 185 157 179 81 274 34 243 251 87 61 189 66 62 15 43 59 127 4 18 135 67 205 165 110 60 90 52 72 213 297 115 287 147 158 229 138 116 279 290 174 148 84 161 230 203 196 311 283 293 75 167 86 123 227 241 318 195 242 222 176 314 102 85 16 50 46 300 99 36 170 77 3 108 159 79 186 125 129 211 286 247 187 54 276 47 173 119 214 112 254 259 45 33 48 49 288 263 172 69 136 268 175 191 91 65 178 25 245 149 41 51 44 197 275 218 12 206 98 303 168 248 139 295 270 216 299 132 192 262 64 57 101 88 118 313 35 117 141 55 107 190 194 143 258 106 38 198 220 164 130 257 21 162 126 13 78 316 73 267 212 142 70 171 182 301 104 265 103 76 160 193 305 94 294 269 250 233 237 260 215 221 234 312 284 225 289 152 224 202 169 156 8 120 298 201 140 163 56 30 22 11 10 53 150 39 307 304 238 235 223 308 232 183 310 6 7 281 137 74 23 144 100 28 121 109 204 153 231 240 306 : 5022.16
2 2 
1 156 293 306 235 228 216 109 199 86 74 71 88 148 302 113 67 265 208 157 115 26 41 57 98 95 94 294 251 238 242 163 136 4 257 289 274 277 125 58 105 204 312 170 269 149 93 25 288 200 55 297 318 110 9 195 245 264 212 172 126 87 100 178 246 177 270 90 176 23 70 117 133 61 97 103 317 309 129 185 12 231 252 8 80 92 304 310 255 193 134 36 203 144 60 122 285 82 49 40 152 120 18 138 173 311 174 258 5 261 83 147 160 281 124 85 220 239 280 272 171 131 68 182 175 72 262 154 65 47 151 226 130 139 11 15 22 104 73 101 307 99 303 168 180 241 118 84 30 298 259 244 76 202 207 150 162 164 266 153 179 248 77 284 181 256 45 209 243 213 275 260 301 283 267 290 62 59 10 7 2 63 14 39 116 158 278 16 114 300 286 190 53 247 253 315 234 141 56 299 64 34 287 211 186 240 121 263 229 128 296 81 183 123 236 227 291 20 42 165 222 75 31 24 106 250 89 91 43 143 142 137 27 210 35 127 37 32 161 198 78 50 51 233 316 48 159 19 271 166 184 96 54 21 230 214 295 155 17 28 218 6 29 46 224 225 69 169 305 197 79 249 221 191 119 206 189 112 3 107 215 192 268 135 167 314 276 13 52 132 194 313 188 308 217 187 66 282 140 201 146 279 44 205 102 33 196 292 254 237 111 223 273 219 108 145 232 38 : 5028.02
2 3 
1 2 6 7 10 11 15 21 22 29 30 31 32 33 27 24 106 107 120 214 139 241 238 239 250 282 255 300 204 193 283 180 161 146 152 150 160 227 310 199 172 169 268 256 143 205 280 281 288 274 259 159 210 155 151 276 165 141 279 269 109 226 311 301 175 234 236 153 38 35 145 293 275 305 100 206 102 92 89 202 96 84 82 78 86 101 76 90 176 191 207 66 188 201 195 312 270 258 318 278 179 168 263 289 297 229 140 264 244 298 290 296 302 295 285 254 228 216 114 142 248 132 128 208 223 232 313 225 221 110 144 237 122 117 119 218 251 129 133 267 192 273 287 167 157 261 163 147 240 231 262 249 253 224 247 213 246 308 277 171 184 177 173 309 303 178 181 198 94 183 187 65 37 36 104 45 40 316 317 49 48 50 55 56 59 105 57 54 51 47 44 41 42 43 46 52 53 58 63 62 70 77 72 64 91 97 85 71 68 67 79 93 83 98 81 73 80 69 74 99 203 190 88 87 186 286 292 266 156 137 136 138 123 220 233 230 245 284 272 257 252 265 121 131 243 217 212 113 314 170 291 307 306 166 148 149 315 271 294 260 209 39 189 200 61 185 75 196 95 194 182 197 60 154 162 304 174 299 242 124 125 127 126 134 116 13 14 112 130 164 118 211 215 34 158 135 219 222 115 9 8 111 3 5 235 108 4 17 18 25 26 16 12 19 23 28 20 103 : 2183.52
3 0 
1 2 6 7 10 11 15 103 21 22 29 32 31 30 28 23 20 12 19 24 27 95 66 164 271 157 131 313 262 265 179 268 310 195 63 52 308 177 306 64 246 153 114 263 289 259 237 215 202 288 279 318 161 117 208 111 133 254 205 203 196 67 50 79 82 45 244 59 300 155 186 199 296 264 228 110 168 36 37 44 105 76 74 72 48 62 78 101 159 38 146 170 121 122 148 249 280 113 298 125 39 166 302 293 181 86 198 127 258 34 137 242 227 272 287 118 200 188 240 270 252 266 194 201 94 40 104 84 92 207 299 55 213 241 267 147 51 221 193 274 140 212 225 77 189 5 134 239 173 256 248 216 165 260 191 172 307 132 315 214 305 261 229 149 218 269 96 47 58 43 283 156 206 295 309 217 154 230 247 275 162 90 75 171 278 135 226 210 223 115 112 13 14 17 26 4 9 8 273 251 116 141 109 123 233 65 99 312 236 119 209 35 57 182 169 294 91 83 316 204 139 126 107 175 143 85 54 231 197 69 97 93 49 176 136 142 106 108 276 253 243 124 224 245 56 286 285 73 102 88 98 151 60 184 297 220 163 250 167 301 284 277 128 160 192 145 303 291 81 152 25 18 16 178 292 290 41 42 130 311 187 120 180 138 255 238 53 46 89 61 144 232 281 71 257 174 183 190 282 304 314 222 234 33 150 211 100 68 219 158 87 80 70 317 185 129 235 3 : 4095.43
3 1 
1 28 43 51 71 93 45 89 35 183 299 184 140 5 8 120 248 151 245 228 221 289 271 32 57 124 258 220 88 264 31 79 268 237 63 216 15 47 64 74 207 152 194 218 157 193 200 274 150 90 206 195 311 55 176 119 132 189 210 203 42 318 291 108 161 174 109 219 80 197 100 188 201 59 281 313 242 288 295 75 204 84 69 13 25 304 287 179 102 175 24 254 284 186 231 270 223 148 70 178 16 149 294 316 280 266 86 286 147 180 215 232 27 156 62 240 283 208 159 162 290 94 155 259 282 19 52 58 169 238 235 224 127 112 128 213 292 164 17 50 202 236 154 113 107 229 315 134 276 85 10 7 6 111 3 303 30 23 125 82 118 87 256 205 133 95 68 22 97 92 145 49 187 185 171 56 182 33 34 91 39 307 168 275 192 18 160 48 135 222 143 211 136 260 212 41 273 139 250 129 11 98 96 199 300 233 141 252 265 65 54 249 198 163 230 122 61 257 72 106 146 66 314 243 310 305 67 105 296 73 165 272 302 279 2 44 20 104 21 76 83 262 130 137 190 244 227 121 277 214 191 301 172 101 308 78 53 309 181 263 297 251 60 209 131 234 37 226 267 158 170 144 142 4 253 153 46 103 14 293 115 38 36 126 29 116 123 298 173 9 177 225 317 247 312 255 167 12 166 278 261 81 269 114 246 241 138 217 239 306 285 110 99 196 77 40 117 26 : 5088.19
3 2 
1 135 280 205 163 226 279 216 168 60 283 246 237 233 259 212 154 301 235 263 289 81 75 206 180 67 52 44 33 76 128 255 191 88 249 144 114 291 83 49 136 164 185 294 58 72 314 91 275 116 30 309 300 115 313 85 316 40 287 59 18 196 77 73 100 149 254 272 236 270 307 198 133 118 177 94 188 292 239 139 39 92 89 103 29 31 296 51 124 16 104 215 274 159 310 137 53 65 117 204 201 217 78 303 317 82 203 247 210 108 142 199 170 132 61 260 288 195 166 299 182 169 184 174 147 99 238 122 213 214 253 261 241 47 41 13 297 208 87 264 38 181 25 278 268 22 228 234 220 295 152 119 131 17 240 69 8 112 312 153 262 242 290 304 158 162 227 273 267 106 277 151 224 64 161 68 189 194 276 127 302 245 43 179 3 66 54 34 230 134 10 2 209 146 102 175 148 107 129 243 221 130 21 79 9 19 141 46 113 252 12 4 173 150 121 156 145 138 219 318 5 55 84 32 70 306 123 71 232 74 42 171 192 285 225 160 24 257 250 256 248 200 50 23 28 110 229 265 37 125 178 271 244 109 266 293 298 26 211 36 45 223 97 193 80 120 93 165 35 231 48 14 251 187 126 111 90 167 63 284 143 186 101 202 140 95 190 305 286 197 57 86 222 96 56 15 27 105 6 183 311 269 315 218 155 207 308 258 281 282 176 11 62 157 172 98 20 7 : 5090.44
3 3 
1 2 6 7 10 11 15 21 22 29 32 31 30 103 20 23 28 33 36 37 104 44 41 42 43 46 52 53 58 57 54 51 47 55 50 48 45 40 49 316 317 59 56 105 62 63 64 67 68 71 78 82 83 85 84 79 77 72 80 76 73 69 70 74 75 81 86 91 92 96 97 101 102 93 89 90 190 189 203 200 165 255 157 148 154 35 34 265 119 133 237 246 287 264 248 282 109 278 274 225 106 113 124 138 130 142 144 315 226 118 141 234 268 229 213 217 220 313 257 276 272 290 185 195 183 176 188 295 178 279 187 169 173 186 175 273 271 297 166 205 194 181 307 243 199 233 129 212 259 150 155 60 61 65 66 172 299 241 253 308 303 260 251 223 314 168 301 163 39 38 149 146 252 292 293 285 275 263 227 228 230 239 258 250 221 123 262 139 132 134 137 116 120 110 245 158 151 156 162 160 254 311 202 94 206 306 286 191 269 235 201 196 87 198 88 95 288 214 218 267 296 312 242 281 204 98 99 100 310 177 167 136 135 216 261 244 224 318 143 231 127 208 126 114 215 238 131 270 153 280 300 309 298 219 232 305 284 240 192 247 180 302 291 184 182 277 170 174 210 152 147 283 207 193 179 164 294 197 171 266 209 145 161 159 289 121 256 222 304 249 140 236 211 128 117 122 108 107 5 4 111 13 112 115 125 14 17 25 26 18 16 19 24 27 3 8 9 12 : 2215.03
4 0 
1 2 6 7 10 11 15 103 21 22 29 30 31 32 33 104 45 40 316 317 49 48 50 55 56 59 105 57 54 51 47 44 41 42 43 46 52 53 58 62 63 70 74 69 64 67 68 71 78 82 83 85 91 92 96 97 101 102 93 86 84 79 77 72 73 76 80 75 81 89 90 98 99 95 94 100 207 206 202 201 197 196 88 87 190 189 188 187 183 176 65 66 61 60 164 169 172 173 177 182 184 191 198 203 204 195 194 186 180 179 185 181 178 174 175 168 167 210 161 160 155 153 150 154 145 209 149 152 156 159 162 163 158 157 151 148 146 147 141 142 144 143 140 139 242 241 240 239 232 231 313 230 233 238 243 246 314 254 257 261 264 267 266 265 260 258 255 250 259 166 165 269 315 272 274 277 170 171 281 278 282 287 289 294 288 292 293 295 192 193 199 200 205 312 311 307 306 302 301 300 304 305 310 296 303 308 309 299 276 298 291 283 284 285 280 279 286 290 275 273 253 256 263 262 268 249 318 297 270 271 248 252 251 247 245 215 234 237 219 229 228 227 236 226 235 223 214 244 224 218 222 109 211 220 216 212 213 110 221 118 119 225 217 122 121 130 131 123 124 129 132 125 128 133 136 137 138 135 114 113 108 117 106 111 112 115 107 4 39 38 35 34 134 127 120 208 126 37 36 116 5 13 14 8 9 17 18 16 25 26 19 24 27 28 12 23 20 3 : 609.076
4 1 
1 2 6 7 10 11 15 21 22 29 32 31 30 103 20 23 28 27 24 19 16 17 18 25 26 37 36 33 104 40 316 317 49 45 48 50 55 56 59 105 57 54 51 47 44 41 42 43 46 52 53 58 63 62 64 67 68 71 78 82 83 85 91 92 96 97 101 102 93 98 99 90 89 86 84 79 77 72 73 76 80 81 75 74 69 70 88 87 94 95 100 207 206 202 201 197 196 198 203 204 195 194 191 185 181 178 186 180 179 175 174 169 177 182 184 189 190 188 187 183 176 173 172 65 66 61 60 164 210 167 168 166 165 171 170 277 278 281 288 295 302 293 307 298 305 299 279 272 273 280 300 308 297 309 290 284 285 286 283 289 287 282 274 291 310 303 311 312 205 199 306 200 301 192 193 292 294 296 304 275 271 276 318 270 246 218 231 137 136 117 108 106 112 111 107 4 5 115 116 114 234 235 247 224 248 249 244 252 241 240 239 232 238 226 228 233 237 214 215 223 245 227 229 313 221 211 217 213 212 109 110 216 152 150 153 155 160 161 154 145 38 39 35 34 134 127 126 208 125 128 133 135 138 209 149 156 159 162 163 158 157 151 148 146 147 141 142 124 121 123 131 130 122 132 129 219 236 256 253 251 314 254 257 261 267 268 263 262 264 266 269 315 265 260 258 255 259 250 143 144 225 230 118 119 139 140 242 243 222 220 113 120 13 14 9 8 3 12 : 695.986
4 2 
1 2 6 7 10 11 15 21 22 29 103 20 23 28 30 31 32 33 27 24 19 16 17 18 25 26 37 36 104 40 316 317 49 45 48 50 55 56 59 105 57 54 51 47 44 41 42 43 46 52 53 58 63 62 64 72 77 79 84 67 68 71 78 82 83 85 91 92 96 97 101 102 93 86 80 76 73 69 70 74 75 81 89 90 98 99 95 100 207 206 202 201 198 196 197 94 88 87 190 189 188 187 183 66 65 176 173 172 177 182 184 191 194 195 203 204 200 205 312 311 307 306 199 302 301 303 308 309 310 305 304 298 297 276 275 271 270 318 249 248 245 244 224 223 214 215 237 222 211 110 39 38 154 153 158 163 145 247 228 226 229 313 239 240 227 132 129 124 114 119 225 216 221 118 230 234 125 108 111 142 147 148 146 152 150 209 149 162 161 160 155 151 159 156 157 250 251 253 252 257 254 314 236 233 262 256 268 263 267 264 260 258 143 265 266 315 269 165 166 192 193 292 288 295 293 294 296 299 300 283 287 289 290 284 280 291 286 285 274 272 279 273 282 277 278 281 170 171 175 174 179 180 186 185 181 178 169 255 140 135 136 137 61 60 164 210 167 168 259 261 243 235 109 139 144 232 127 134 113 117 128 208 126 120 115 112 107 106 212 213 218 219 220 238 242 246 231 241 217 122 123 121 130 131 141 138 35 13 14 34 133 116 4 5 9 8 3 12 : 765.03
4 3 
1 2 6 7 10 11 15 103 21 22 29 32 31 30 28 23 20 12 19 24 27 33 36 37 42 41 43 46 52 53 58 57 54 51 47 44 104 40 316 317 49 45 48 50 55 56 59 105 62 63 70 69 74 75 81 80 76 73 79 77 72 64 67 68 71 78 82 83 85 84 86 91 92 96 97 101 102 93 98 99 89 90 95 100 207 206 202 201 197 196 94 88 87 66 65 61 60 164 161 160 155 153 150 154 145 38 39 35 34 137 136 134 135 138 209 149 152 156 159 162 163 158 157 151 148 146 147 144 143 140 139 242 241 240 239 232 231 230 233 238 243 246 314 254 257 262 263 251 253 256 261 268 267 266 274 279 285 298 297 291 310 276 296 302 301 303 299 167 210 169 177 182 184 191 198 194 204 200 199 195 203 189 190 188 187 183 176 173 172 185 181 178 174 180 186 179 175 168 171 170 281 288 293 295 292 294 192 193 205 312 311 307 306 309 308 300 275 304 286 290 283 273 315 166 165 265 260 264 250 255 258 259 269 270 284 289 280 282 287 278 277 272 271 305 318 248 223 245 252 247 235 224 244 218 227 234 237 228 236 219 213 214 249 215 226 229 222 313 225 118 119 110 212 221 217 216 211 109 122 130 131 142 141 123 121 124 129 132 133 128 125 114 108 117 113 5 220 4 107 106 112 111 115 116 208 126 127 120 13 14 18 25 26 16 17 9 8 3 : 718.557
5 0 
1 2 6 7 10 11 108 267 309 153 119 9 143 59 151 315 276 212 239 154 155 51 317 56 58 80 289 221 169 145 39 284 86 278 198 207 81 41 126 196 252 57 136 306 205 230 268 4 115 211 225 314 273 213 255 176 167 248 218 260 97 91 299 243 235 305 288 228 175 204 311 286 254 219 232 17 18 25 40 48 54 303 233 172 162 280 34 296 92 203 88 95 43 195 257 134 130 133 251 313 159 118 129 157 191 250 298 279 102 96 292 304 282 189 124 112 106 208 156 206 182 256 121 245 216 285 222 23 28 68 247 283 310 149 67 188 141 168 42 161 22 21 29 190 186 281 300 139 214 242 13 87 293 70 104 76 180 166 94 177 238 98 79 227 181 217 65 264 93 197 209 27 49 90 183 179 271 185 14 135 12 16 55 84 290 77 82 261 120 38 146 231 301 165 109 244 259 263 199 61 99 33 26 73 316 74 71 105 72 150 148 200 295 89 123 164 294 174 127 116 8 291 113 240 269 266 262 241 224 125 111 163 158 46 237 184 173 297 144 201 287 312 229 37 83 101 75 69 171 66 274 128 215 47 31 63 302 110 131 142 249 226 223 246 277 275 107 52 64 117 265 220 140 138 5 160 210 20 78 193 53 19 24 272 236 258 253 132 318 308 45 50 44 270 194 100 202 60 147 170 192 32 30 103 15 307 152 234 35 122 85 178 187 36 114 137 62 3 : 4411.67
5 1 
1 2 316 52 173 66 199 145 261 187 133 262 209 143 108 218 279 305 110 206 178 272 189 81 44 86 96 150 215 144 43 194 259 152 297 306 140 265 263 112 201 312 172 207 198 236 188 251 12 213 103 30 97 70 260 248 230 313 241 264 225 249 270 149 155 107 258 61 38 27 39 40 72 33 29 31 231 37 55 51 69 204 286 168 105 202 84 102 68 271 9 288 298 195 79 117 217 242 280 165 295 285 245 119 54 125 78 45 210 190 53 137 250 46 91 25 158 219 287 228 237 121 191 62 63 57 71 74 76 186 180 278 282 47 317 10 7 6 212 95 247 151 200 318 243 142 223 192 308 269 11 232 274 304 182 292 163 49 3 23 22 214 159 85 162 148 167 283 28 177 8 227 267 203 114 136 303 169 181 211 220 205 34 307 244 73 88 48 20 109 153 183 160 94 80 301 122 252 4 132 141 77 235 5 93 36 87 174 120 226 166 89 67 58 224 175 92 221 300 17 15 254 289 193 311 309 154 106 41 233 16 35 135 293 291 296 131 156 138 184 101 19 32 294 208 315 157 60 196 246 124 24 197 14 176 164 229 253 239 240 276 21 82 98 129 90 275 59 116 170 42 266 255 113 128 50 26 238 234 126 134 314 115 185 75 64 146 216 268 127 179 310 161 290 284 130 13 100 123 257 171 139 281 18 104 302 299 111 256 56 147 99 83 65 222 118 277 273 : 4952.35
5 2 
1 2 6 7 10 11 15 103 40 173 51 81 57 5 114 256 116 17 18 212 243 241 266 83 285 231 91 33 125 227 54 183 71 276 259 131 26 225 258 9 123 136 307 246 151 232 41 298 62 174 31 21 22 29 67 52 265 275 280 177 244 250 119 221 198 148 157 313 134 59 95 155 309 156 97 101 98 206 152 149 200 264 106 272 223 74 207 182 316 254 274 23 16 166 294 209 270 220 245 194 278 179 305 167 273 45 257 129 267 203 202 146 163 292 170 65 132 147 110 237 291 300 53 311 242 127 133 66 252 230 255 154 169 190 80 93 44 42 109 217 224 283 303 193 260 92 210 192 24 48 181 27 75 226 82 86 289 185 317 162 28 176 208 36 236 213 188 96 235 46 120 219 222 4 111 35 20 196 218 253 229 90 240 318 60 279 76 191 39 13 115 314 108 122 175 184 290 301 158 204 69 85 180 269 282 197 295 187 34 25 141 140 299 263 121 216 251 201 94 186 172 315 139 144 145 49 43 19 63 73 99 293 124 288 159 211 247 205 79 78 234 14 8 3 215 249 161 239 306 113 262 84 55 77 135 56 195 165 38 312 281 286 12 164 297 304 153 88 128 171 89 277 105 107 284 199 30 137 268 37 118 32 189 70 160 238 61 228 233 102 72 168 142 271 143 302 261 248 64 112 117 58 178 150 126 308 296 214 138 47 68 310 287 130 50 100 104 87 : 4891.65
5 3 
1 2 6 7 10 11 15 21 22 29 32 31 30 23 28 33 27 24 19 25 26 37 36 104 45 40 316 317 49 48 50 55 51 47 44 41 42 43 46 52 53 58 57 54 56 59 105 62 63 134 127 126 108 208 113 117 125 131 132 121 129 130 216 140 318 280 291 273 283 309 301 295 287 314 284 278 306 193 195 176 173 180 94 95 100 207 201 196 87 187 189 188 178 179 181 191 200 282 311 315 251 246 297 266 110 118 142 148 235 279 249 252 109 227 237 257 286 172 294 204 175 265 292 240 143 158 162 161 39 38 150 157 151 250 258 147 155 285 293 170 264 267 277 312 300 203 183 65 66 88 305 166 205 194 190 169 177 197 202 206 198 303 268 262 270 254 221 220 231 230 212 242 226 255 211 123 146 160 274 184 171 182 185 174 186 302 296 168 210 165 141 222 218 214 225 217 299 256 215 244 135 144 272 223 304 281 308 167 163 139 253 213 122 124 137 34 35 313 14 13 116 111 5 4 107 115 112 114 275 310 289 152 159 271 259 232 145 153 154 164 60 61 70 69 74 75 81 90 89 92 91 67 68 71 78 82 83 84 96 97 101 102 93 98 99 86 80 76 79 77 85 72 64 73 298 199 290 192 307 261 228 245 288 156 149 209 233 269 260 276 263 248 224 243 247 236 234 241 239 238 229 219 119 128 133 138 136 120 106 17 18 16 9 8 3 12 20 103 : 1774.15
