0 0 
1 2 6 7 10 11 15 103 21 22 29 30 31 32 33 28 23 20 12 19 24 27 25 26 37 36 104 40 316 317 49 45 48 50 55 56 59 105 57 54 51 47 44 41 42 43 46 52 53 58 62 63 70 69 74 75 81 80 76 73 64 67 68 71 78 82 83 85 84 72 77 79 86 91 92 96 97 101 102 93 98 99 89 90 88 87 94 95 100 207 206 202 201 197 196 198 203 204 195 194 191 184 182 177 189 190 188 187 183 176 173 172 65 66 61 60 164 161 160 155 153 150 154 145 38 39 35 34 137 136 135 134 127 126 125 128 133 138 132 129 124 121 122 123 130 131 142 141 209 146 147 148 151 157 158 163 149 152 156 159 162 210 167 168 169 178 181 185 186 180 179 174 175 193 192 301 302 199 200 205 312 311 307 306 303 308 309 310 305 304 298 297 276 275 271 270 318 249 248 245 244 224 223 214 215 219 218 213 222 313 230 233 238 243 237 234 229 226 227 228 235 236 247 246 314 254 257 251 252 253 256 262 261 264 267 263 268 272 273 280 279 284 285 291 283 286 290 300 299 296 289 287 282 274 277 278 294 295 293 292 288 281 170 171 166 165 269 315 266 265 260 258 255 259 250 143 144 140 139 242 241 240 239 232 231 225 119 118 221 220 217 216 212 211 109 110 114 113 108 117 208 120 116 115 112 111 107 106 4 5 13 14 17 18 16 9 8 3 : 435.024
0 1 
1 2 6 7 10 11 15 103 21 22 29 30 31 32 33 28 23 20 12 19 24 27 16 17 18 25 26 37 36 104 40 316 317 49 45 48 50 55 56 59 105 57 54 51 47 44 41 42 43 46 52 53 58 63 62 64 67 68 71 78 82 83 85 84 72 77 79 86 80 76 73 69 70 74 75 81 90 89 91 92 96 97 101 102 93 98 99 100 207 206 202 201 197 196 94 95 88 87 66 65 61 60 164 210 161 160 155 153 150 154 145 38 39 35 34 137 136 135 134 127 126 208 125 128 133 132 129 124 121 122 123 130 131 142 141 138 209 149 152 156 159 162 146 147 148 151 157 158 163 168 167 169 172 173 176 183 187 188 190 189 184 182 177 178 181 185 191 198 203 204 195 194 186 180 179 174 175 171 170 166 165 269 315 266 265 260 258 255 259 250 143 144 140 139 242 241 240 230 233 238 243 237 234 229 226 227 228 235 236 247 246 314 254 257 261 264 267 251 252 253 256 262 263 268 273 272 274 283 286 290 279 280 284 285 291 300 299 296 294 289 287 282 277 278 281 288 292 293 295 192 193 199 200 205 312 311 307 306 302 301 303 308 309 310 305 304 298 297 276 275 271 270 318 249 248 245 244 224 223 214 215 219 218 213 222 225 313 231 232 239 119 118 221 220 217 216 212 211 109 110 114 113 108 117 120 116 115 112 111 107 106 4 5 13 14 9 8 3 : 433.082
0 2 
1 2 6 7 10 11 15 103 21 22 29 30 31 32 33 28 23 20 27 24 19 16 17 18 25 26 37 36 104 44 47 51 41 42 43 46 52 53 58 57 54 56 55 50 48 45 40 49 316 317 59 105 62 63 70 69 74 75 81 80 76 73 64 67 68 71 78 82 83 84 72 77 79 86 85 91 92 96 97 101 102 93 89 90 98 99 95 94 100 207 206 202 201 197 196 198 203 204 195 194 191 189 184 182 177 172 173 176 183 187 188 190 87 88 66 65 61 60 164 210 162 159 156 152 149 146 147 148 151 157 158 163 168 167 169 178 181 185 186 180 179 174 175 171 170 166 165 269 266 265 260 258 255 259 250 314 246 247 252 251 253 256 262 263 268 254 257 261 264 267 315 272 273 280 279 284 285 291 283 286 290 300 299 296 294 289 287 282 274 277 278 281 288 292 293 295 192 193 301 302 199 200 205 312 311 307 306 303 308 309 310 305 304 298 297 276 275 271 270 318 249 248 245 244 224 223 214 215 219 218 213 222 226 227 228 235 236 237 234 229 230 233 238 243 242 241 240 239 232 231 313 225 221 220 217 216 212 211 109 110 118 119 139 140 143 144 142 141 209 150 153 155 160 161 154 145 38 39 35 34 137 136 135 134 127 126 120 208 125 128 133 138 132 129 124 131 130 123 121 122 114 113 117 108 106 107 4 111 112 115 116 13 14 5 9 8 12 3 : 432.702
0 3 
1 2 6 7 10 11 15 103 21 22 29 30 31 32 33 28 23 20 27 24 19 16 17 18 25 26 36 37 42 41 43 46 52 53 58 57 54 51 47 44 104 40 316 317 49 45 48 50 55 56 59 105 62 63 70 69 74 75 81 73 76 80 86 79 77 72 64 67 68 71 78 82 83 84 85 91 92 96 97 101 102 93 89 90 98 99 95 94 100 207 206 202 201 197 196 88 87 190 188 187 183 176 173 172 65 66 61 60 164 154 150 153 155 160 161 210 167 168 175 174 179 180 186 185 181 178 169 177 182 184 189 191 198 203 204 194 195 193 192 301 302 199 200 205 312 311 307 306 303 299 300 308 309 310 305 304 298 297 276 275 271 270 318 249 248 245 244 224 223 214 215 219 218 213 211 212 216 217 109 110 119 118 220 221 225 231 232 239 313 222 229 226 227 228 235 236 237 234 230 233 238 240 241 242 243 246 247 252 251 253 256 262 263 268 272 273 280 279 284 285 291 283 286 290 296 289 287 282 274 277 278 294 295 293 292 288 281 170 171 166 165 269 315 266 265 259 250 255 258 260 267 264 261 257 254 314 139 140 143 144 147 146 148 151 157 158 163 162 159 156 152 149 209 145 38 39 35 34 137 136 135 134 127 126 120 208 125 128 133 138 141 142 131 130 123 122 121 132 129 124 117 114 113 108 106 107 111 112 115 116 13 14 4 5 9 8 12 3 : 433.76
1 0 
1 2 6 7 10 11 15 103 21 22 29 30 31 32 33 28 23 20 12 19 24 27 16 17 18 25 26 37 36 104 40 316 317 49 45 48 50 55 56 59 105 57 54 51 47 44 41 42 43 46 52 53 58 63 62 64 73 76 80 86 79 77 72 67 68 71 78 82 83 84 85 91 92 96 97 101 102 93 98 99 90 89 81 75 74 69 70 66 65 61 60 39 38 35 34 137 136 135 134 127 126 125 128 133 138 132 129 124 121 122 123 130 131 142 141 209 145 154 150 153 155 160 161 164 210 162 159 156 152 149 146 147 148 151 157 158 163 168 167 169 172 173 176 183 187 188 190 87 88 94 95 100 207 206 202 201 197 196 198 203 204 195 194 191 189 184 182 177 178 181 185 186 180 179 174 175 171 170 166 165 269 266 265 259 255 258 260 261 257 254 251 252 253 256 262 263 268 264 267 315 274 277 278 281 288 292 293 294 295 192 193 199 200 205 312 311 307 306 302 301 303 308 309 300 299 296 289 287 282 290 286 283 272 273 280 279 284 285 291 305 310 304 298 297 276 275 271 270 318 249 248 245 244 224 223 214 215 219 218 213 222 230 233 238 243 237 234 229 226 227 228 235 236 247 246 314 250 143 144 140 139 242 241 240 239 232 231 313 225 221 220 217 216 212 211 109 110 118 119 114 113 108 117 208 120 14 13 116 115 112 111 107 106 4 5 9 8 3 : 432.54
1 1 
1 2 6 7 10 11 15 21 22 29 103 20 23 28 30 31 32 33 36 37 42 41 43 46 52 53 58 57 54 51 47 44 104 40 316 317 49 45 48 50 55 56 59 105 64 67 68 71 78 82 83 84 85 91 92 96 97 101 102 93 98 99 90 89 86 79 77 72 73 76 80 81 75 74 69 70 62 63 61 60 66 65 176 173 172 169 177 182 184 189 183 187 188 190 87 88 94 95 100 207 206 202 201 197 196 198 203 204 195 194 191 185 181 178 186 180 179 174 175 168 167 210 164 161 160 155 153 150 154 145 38 39 35 34 137 136 135 134 127 126 120 208 125 128 133 138 209 149 152 156 159 162 163 158 157 151 148 146 147 141 142 144 143 140 139 119 118 220 221 225 231 232 239 242 241 240 313 238 233 230 222 229 234 237 226 227 228 235 236 247 246 243 314 250 259 255 258 260 265 266 269 315 267 264 261 257 254 251 252 253 256 262 263 268 272 273 280 284 285 291 300 299 296 290 286 283 279 274 282 287 289 278 277 165 166 171 170 281 288 292 293 294 295 192 193 301 302 199 200 205 312 311 307 306 303 308 309 310 305 304 298 297 276 275 271 270 318 249 248 245 244 224 223 214 215 219 218 213 211 212 216 217 109 110 114 113 122 121 123 130 131 132 129 124 117 108 106 107 4 5 111 112 115 116 13 14 17 16 18 25 26 27 24 19 12 9 8 3 : 432.753
1 2 
1 2 6 7 10 11 15 21 22 29 32 31 30 103 20 23 28 33 27 24 19 16 17 18 25 26 37 36 104 40 316 317 49 45 48 50 55 56 59 105 57 54 51 47 44 41 42 43 46 52 53 58 62 63 70 69 74 75 81 80 76 73 79 77 72 64 67 68 71 78 82 83 85 84 86 91 92 96 97 101 102 93 89 90 98 99 88 87 196 197 94 95 100 207 206 202 201 198 203 204 195 194 191 184 182 177 189 190 188 187 183 176 173 172 65 66 61 60 164 154 150 153 155 160 161 162 159 156 152 149 146 147 148 151 157 158 163 168 167 210 169 178 181 185 186 180 179 174 175 171 170 166 165 269 315 272 273 280 279 284 285 291 300 299 296 290 286 283 289 287 282 274 277 278 281 288 292 293 294 295 192 193 199 200 205 312 311 307 306 302 301 303 308 309 310 305 304 298 297 276 275 271 270 318 249 248 245 244 224 223 214 215 219 218 213 211 212 109 110 216 217 220 221 118 119 225 313 233 230 222 229 234 237 226 227 228 235 236 246 247 252 251 253 256 262 263 268 267 264 261 257 254 255 258 260 265 266 259 250 314 243 238 240 241 242 239 232 231 139 140 143 144 142 141 209 145 38 39 35 34 137 136 135 134 127 126 120 208 125 128 133 138 132 129 124 131 130 123 121 122 114 113 117 108 106 107 111 112 115 116 13 14 4 5 9 8 12 3 : 434.069
1 3 
1 2 6 7 10 11 15 103 21 22 29 32 31 30 20 23 28 33 36 37 41 44 47 51 54 57 55 50 48 45 104 40 49 316 317 59 56 105 64 72 77 79 67 68 71 78 82 83 84 85 91 92 96 97 101 102 93 98 99 90 89 86 80 76 73 81 75 74 69 70 63 62 58 53 52 46 43 42 39 38 35 34 137 136 135 125 128 133 138 132 129 124 121 122 123 130 131 142 141 209 145 154 150 153 155 160 161 164 60 61 66 65 172 173 176 183 187 188 190 87 88 94 95 100 207 206 202 201 197 196 198 203 204 195 194 186 180 179 175 174 178 181 185 191 189 184 182 177 169 210 162 159 156 152 149 146 147 148 151 157 158 163 167 168 171 170 166 165 269 315 272 273 280 279 284 285 291 300 299 296 289 287 282 290 286 283 274 277 278 281 288 292 293 294 295 192 193 199 200 205 312 311 307 306 302 301 303 308 309 310 305 304 298 297 276 275 271 270 318 249 248 245 244 224 223 214 215 219 218 222 230 233 238 243 237 234 229 226 227 228 235 236 246 247 252 251 253 256 262 263 268 267 264 261 257 254 314 255 258 260 265 266 259 250 143 144 140 139 242 241 240 239 232 231 313 225 221 220 217 216 213 211 212 109 110 118 119 114 113 108 117 120 208 126 127 134 14 13 116 115 112 111 107 106 4 5 9 8 17 16 18 25 26 27 24 19 12 3 : 431.511
2 0 
1 2 6 7 10 11 15 103 21 22 29 30 31 32 33 28 23 20 27 24 19 16 17 18 25 26 36 37 42 41 43 46 52 53 58 54 51 47 44 104 40 316 317 49 45 48 50 55 56 59 105 57 62 63 70 69 74 75 81 73 76 80 86 84 79 77 72 64 67 68 71 78 82 83 85 91 92 96 97 101 102 93 98 99 89 90 95 94 100 207 206 202 201 197 196 88 87 190 189 188 187 183 176 173 172 65 66 61 60 164 210 161 160 155 153 150 209 145 154 38 39 35 34 137 136 135 134 127 126 208 125 128 133 138 141 142 147 148 146 149 152 156 159 162 151 157 158 163 168 167 169 177 182 184 191 198 203 204 195 194 185 181 178 186 180 179 174 175 171 170 166 165 269 315 267 264 261 257 254 251 252 253 256 262 263 268 273 272 274 277 278 281 288 292 293 294 289 287 282 290 286 283 279 280 284 285 291 300 299 296 295 192 193 301 302 199 200 205 312 311 307 306 303 308 309 310 305 304 298 297 276 275 271 270 318 249 248 245 244 224 223 214 215 219 218 213 222 230 233 238 243 237 234 229 226 227 228 235 236 247 246 314 255 258 260 265 266 259 250 143 144 140 139 242 241 240 239 232 231 313 225 221 220 217 216 212 211 109 110 118 119 122 121 123 130 131 132 129 124 117 114 113 108 106 107 4 5 111 112 115 116 120 13 14 9 8 12 3 : 431.788
2 1 
1 2 6 7 10 11 15 21 22 29 30 31 32 33 28 23 20 103 12 19 24 27 16 17 18 25 26 37 36 104 40 316 317 49 45 48 50 55 56 59 105 57 54 51 47 44 41 42 43 46 52 53 58 63 62 64 67 68 71 78 82 83 85 91 92 96 97 101 102 93 98 99 90 89 86 84 79 77 72 73 76 80 81 75 74 69 70 88 87 94 95 100 207 206 202 201 197 196 198 203 204 195 194 191 185 181 186 180 179 174 175 168 167 178 169 172 173 177 182 184 189 190 188 187 183 176 65 66 61 60 164 210 161 160 155 153 150 154 145 38 39 35 34 137 136 135 134 127 126 208 117 125 128 133 138 132 129 124 121 122 123 130 131 142 141 209 149 152 156 159 162 163 158 157 151 148 146 147 144 143 140 139 242 241 240 239 232 231 313 230 233 238 243 237 234 229 226 227 228 235 236 247 246 314 250 259 255 258 260 265 266 269 315 267 264 261 257 254 251 252 253 256 262 263 268 272 273 280 279 284 285 291 283 286 290 296 289 287 282 278 277 274 165 166 171 170 281 288 292 293 294 295 192 193 199 200 205 312 311 307 306 302 301 303 299 300 308 309 310 305 304 298 297 276 275 271 270 318 249 248 245 244 224 223 214 215 219 218 213 211 212 216 217 109 110 220 221 222 225 118 119 114 113 108 106 107 111 112 115 116 120 13 14 4 5 9 8 3 : 433.264
2 2 
1 2 6 7 10 11 15 21 22 29 103 20 23 28 30 31 32 33 36 37 42 41 43 46 52 53 58 54 51 47 44 104 40 316 317 49 45 48 50 55 56 59 105 57 63 62 64 67 68 71 78 82 83 85 91 92 96 97 101 102 93 98 99 90 89 86 84 79 77 72 73 76 80 81 75 74 69 70 66 65 61 60 164 161 160 155 153 154 150 209 145 38 39 35 34 137 136 135 134 127 126 14 13 115 116 120 208 117 125 128 133 138 132 129 124 121 122 123 130 131 141 142 147 146 148 151 157 158 163 149 152 156 159 162 210 167 168 175 174 179 180 186 185 181 178 169 172 173 177 182 184 189 176 183 187 188 190 87 88 196 197 94 95 100 207 206 202 201 198 191 194 195 203 204 200 199 205 312 311 307 306 302 301 193 192 171 170 166 165 269 315 272 273 280 279 284 285 291 290 286 283 274 277 278 281 288 292 293 295 294 282 287 289 296 303 308 309 299 300 305 310 304 298 297 276 275 271 270 318 249 248 245 244 224 223 214 215 219 218 213 222 230 233 238 243 237 234 229 226 227 228 235 236 246 247 252 251 253 256 262 263 268 267 264 261 257 254 314 255 258 260 265 266 259 250 143 144 140 139 242 241 240 239 232 231 313 225 119 118 221 220 217 216 212 211 109 110 114 113 108 106 107 111 112 4 5 17 16 18 25 26 27 24 19 12 9 8 3 : 434.155
2 3 
1 2 6 7 10 11 15 21 22 29 103 20 23 28 30 31 32 33 27 24 19 16 17 18 25 26 37 36 104 40 316 317 49 45 48 50 55 56 59 105 57 54 51 47 44 41 42 43 46 52 53 58 63 62 64 67 68 71 78 82 83 85 91 92 96 97 101 102 98 99 93 86 84 79 77 72 80 76 73 69 70 74 75 81 89 90 88 87 196 197 94 95 100 207 206 202 201 198 203 204 195 194 186 180 179 175 174 178 181 185 191 184 182 177 189 190 188 187 183 176 173 172 169 65 66 61 60 164 161 160 155 153 150 154 145 38 39 35 34 137 136 135 134 127 126 120 208 125 128 133 138 132 129 124 121 122 123 130 131 142 141 209 146 149 152 156 159 162 210 167 168 163 158 157 151 148 147 144 143 140 139 242 241 240 239 232 231 225 313 230 233 238 243 246 247 252 251 253 256 262 263 268 272 273 280 279 284 285 291 290 286 283 282 287 289 296 294 295 293 292 288 281 278 277 274 315 267 264 261 257 254 314 250 259 255 258 260 265 266 269 165 166 170 171 192 193 301 302 199 200 205 312 311 307 306 303 299 300 308 309 310 305 304 298 297 276 275 271 270 318 249 248 245 244 224 223 214 215 219 227 226 228 235 236 237 234 229 222 218 213 211 212 216 217 220 221 118 119 109 110 114 113 117 108 106 107 4 5 111 112 115 116 13 14 9 8 12 3 : 433.739
3 0 
1 2 6 7 10 11 15 21 22 29 103 20 23 28 30 31 32 33 27 24 19 16 17 18 25 26 36 37 42 41 43 46 52 53 58 57 54 51 47 44 104 40 316 317 49 45 48 50 55 56 59 105 64 67 68 71 78 82 83 84 85 91 92 96 97 101 102 93 98 99 90 89 86 79 77 72 73 76 80 81 75 74 69 70 62 63 61 60 164 161 160 155 153 150 154 145 38 39 35 34 137 136 135 134 127 126 208 125 128 133 124 129 132 138 209 141 142 147 146 149 152 156 148 151 157 158 163 159 162 210 167 168 175 174 179 180 186 178 181 185 191 184 182 177 169 172 173 176 65 66 183 187 188 189 190 87 88 94 95 100 207 206 202 201 197 196 198 203 204 194 195 193 192 301 302 199 200 205 312 311 307 306 303 308 309 310 305 304 298 297 276 275 271 270 318 249 248 245 244 224 223 214 215 219 218 213 222 230 233 238 243 237 234 229 226 227 228 235 236 246 247 252 251 253 256 262 263 268 267 264 261 257 254 314 255 258 260 265 266 315 272 273 280 279 284 285 291 283 286 290 300 299 296 289 287 282 294 295 293 292 288 281 278 277 274 170 171 166 165 269 259 250 143 144 140 139 242 241 240 239 232 231 313 225 221 220 217 216 212 211 109 110 118 119 131 130 123 121 122 114 113 117 120 116 115 108 106 107 111 112 4 5 13 14 9 8 12 3 : 436.014
3 1 
1 2 6 7 10 11 15 21 22 29 30 31 32 33 28 23 20 103 12 19 24 27 16 17 18 25 26 37 36 104 40 316 317 49 45 48 50 55 56 59 105 57 54 51 47 44 41 42 43 46 52 53 58 62 64 67 68 71 78 82 83 84 85 91 92 96 97 101 102 93 98 99 90 89 86 79 77 72 73 76 80 81 75 74 69 70 63 61 60 164 210 167 168 175 174 179 180 186 178 181 185 191 184 182 177 169 172 173 176 65 66 183 187 188 189 190 87 88 94 95 100 207 206 202 201 197 196 198 203 204 194 195 193 192 199 200 205 312 311 307 306 302 301 303 299 300 308 309 310 305 304 298 297 276 275 271 270 318 249 248 245 244 224 223 214 215 219 218 213 222 230 233 238 243 237 234 229 226 227 228 235 236 246 247 252 251 253 256 262 263 268 273 272 274 283 279 280 284 285 291 286 290 296 295 293 292 288 294 289 287 282 277 278 281 170 171 166 165 259 255 258 260 265 266 269 315 267 264 261 257 254 314 250 143 144 140 139 242 241 240 239 232 231 313 225 119 118 221 220 217 216 212 211 109 110 114 113 108 117 121 122 123 130 131 124 129 132 142 141 209 146 147 148 151 157 158 163 162 159 156 152 149 150 153 155 160 161 154 145 38 39 35 34 137 136 135 138 133 128 125 208 134 127 126 120 14 13 116 115 112 111 107 106 4 5 9 8 3 : 432.975
3 2 
1 2 6 7 10 11 15 21 22 29 30 31 32 33 28 23 20 103 12 19 24 27 16 17 18 25 26 37 36 104 40 316 317 49 45 48 50 55 56 59 105 57 54 51 47 44 41 42 43 46 52 53 58 63 62 64 67 68 71 78 82 83 85 91 92 96 97 101 102 93 86 84 79 77 72 80 76 73 69 70 74 75 81 89 90 98 99 95 94 100 207 206 202 201 197 196 88 87 190 189 188 187 183 176 65 66 61 60 164 210 167 168 175 174 179 180 186 185 181 178 169 172 173 177 182 184 191 198 203 204 194 195 193 192 199 200 205 312 311 307 306 302 301 303 308 309 310 305 304 298 297 276 275 271 270 318 249 248 245 244 224 223 214 215 219 218 213 222 230 233 238 243 237 234 229 226 227 228 235 236 247 246 314 251 252 253 256 262 263 268 254 257 261 264 267 315 272 273 274 283 286 290 279 280 284 285 291 300 299 296 289 287 282 294 295 293 292 288 281 278 277 170 171 166 165 269 266 265 260 258 255 259 250 143 144 140 139 242 241 240 239 232 231 313 225 119 118 221 220 217 216 212 211 109 110 114 113 122 121 123 130 131 124 129 132 138 141 142 147 148 151 157 158 163 162 159 156 152 149 146 209 150 153 155 160 161 154 145 38 39 35 34 14 13 115 116 120 126 127 134 137 136 135 133 128 125 208 117 108 106 107 111 112 4 5 9 8 3 : 432.659
3 3 
1 2 6 7 10 11 15 103 21 22 29 32 31 30 20 23 28 33 36 37 42 41 43 46 52 53 58 57 54 51 47 44 104 40 316 317 49 45 48 50 55 56 59 105 62 63 70 69 74 75 81 80 76 73 64 72 77 79 84 67 68 71 78 82 83 85 86 91 92 96 97 101 102 93 98 99 89 90 88 87 94 95 100 207 206 202 201 197 196 198 203 204 195 194 186 180 179 175 174 178 181 185 191 184 182 177 169 172 173 189 190 188 187 183 176 65 66 61 60 164 161 160 155 153 150 154 145 38 39 35 34 134 127 126 125 128 133 135 136 137 138 132 129 124 121 122 123 130 131 142 141 209 149 152 156 159 162 210 167 168 163 158 157 151 148 146 147 144 143 140 139 242 241 240 243 237 234 229 226 227 228 235 236 246 247 252 253 256 262 263 268 267 264 261 257 254 251 314 250 259 255 258 260 265 266 315 269 165 166 170 171 192 193 199 200 205 312 311 307 306 302 301 303 308 309 310 305 304 297 298 300 299 296 289 287 294 295 293 292 288 281 278 277 282 274 283 286 290 291 285 284 279 280 272 273 276 275 271 270 318 249 248 245 244 224 223 214 215 219 218 213 222 230 233 238 313 239 232 231 225 119 118 221 220 217 216 212 211 109 110 114 113 108 117 208 120 116 115 112 111 107 106 4 5 13 14 17 18 25 26 27 24 19 16 9 8 12 3 : 435.432
4 0 
1 2 6 7 10 11 15 21 22 29 103 20 23 28 30 31 32 33 27 24 19 16 17 18 25 26 37 36 104 45 40 316 317 49 48 50 55 56 59 105 57 54 51 47 44 41 42 43 46 52 53 58 62 63 70 69 74 75 81 80 76 73 64 67 68 71 78 82 83 85 84 72 77 79 86 91 92 96 97 101 102 93 98 99 89 90 88 87 196 197 94 95 100 207 206 202 201 198 203 204 195 194 191 185 181 178 186 180 179 174 175 168 167 169 177 182 184 189 190 188 187 183 176 173 172 65 66 61 60 164 210 161 160 155 153 150 154 145 38 39 35 34 137 136 135 134 127 126 14 13 115 116 120 208 133 128 125 117 124 129 132 121 122 123 130 131 138 209 149 152 156 159 162 163 158 157 151 148 146 147 141 142 144 143 140 139 242 241 240 239 232 231 313 230 233 238 243 237 234 229 226 227 228 235 236 247 246 314 250 259 255 258 260 265 266 269 315 267 264 261 257 254 251 252 253 256 262 263 268 273 272 274 283 286 290 279 280 284 285 291 300 299 296 294 289 287 282 278 277 165 166 171 170 281 288 292 293 295 192 193 199 200 205 312 311 307 306 302 301 303 308 309 310 305 304 298 297 276 275 271 270 318 249 248 245 244 224 223 214 215 219 218 213 222 225 119 118 221 220 217 216 212 211 109 110 114 113 108 106 107 111 112 4 5 9 8 12 3 : 430.571
4 1 
1 2 6 7 10 11 15 21 22 29 103 20 23 28 30 31 32 33 27 24 19 16 17 18 25 26 36 37 42 41 43 46 52 53 58 57 54 51 47 44 104 40 316 317 49 45 48 50 55 56 59 105 64 67 68 71 78 82 83 85 91 92 96 97 101 102 93 98 99 90 89 86 84 79 77 72 73 76 80 81 75 74 69 70 62 63 66 65 61 60 164 210 161 160 155 153 150 154 145 38 39 35 34 137 136 135 134 127 126 208 125 128 133 138 132 129 124 121 122 123 130 131 142 141 209 149 152 156 159 162 146 147 148 151 157 158 163 167 168 175 174 179 180 186 178 181 185 191 189 184 182 177 169 172 173 176 183 187 188 190 87 88 94 95 100 207 206 202 201 197 196 198 203 204 194 195 193 192 199 200 205 312 311 307 306 302 301 303 308 309 310 305 304 298 297 276 275 271 270 318 249 248 245 244 224 223 214 215 219 218 213 211 212 216 217 220 221 225 313 222 230 233 238 243 237 234 229 226 227 228 235 236 246 247 252 251 253 256 262 263 268 273 272 274 277 278 282 287 289 290 286 283 279 280 284 285 291 300 299 296 294 295 293 292 288 281 170 171 166 165 269 315 267 264 261 257 254 314 255 258 260 265 266 259 250 143 144 140 139 242 241 240 239 232 231 119 118 109 110 114 113 117 120 14 13 116 115 108 106 107 111 112 4 5 9 8 12 3 : 432.777
4 2 
1 2 6 7 10 11 15 21 22 29 32 31 30 103 20 23 28 33 27 24 19 16 17 18 25 26 37 36 104 40 316 317 49 45 48 50 55 56 59 105 57 54 51 47 44 41 42 43 46 52 53 58 62 63 69 73 76 80 86 84 79 77 72 64 67 68 71 78 82 83 85 91 92 96 97 101 102 93 98 99 90 89 81 75 74 70 88 87 94 95 100 207 206 202 201 197 196 198 203 204 194 195 193 192 301 302 199 200 205 312 311 307 306 303 308 309 310 305 304 297 298 300 299 290 286 291 285 284 280 279 283 274 282 287 289 296 294 295 293 292 288 281 278 277 170 171 166 165 269 265 266 315 272 273 276 275 271 270 318 249 248 245 244 224 223 214 215 219 218 213 222 230 233 238 243 237 234 229 226 227 228 235 236 246 247 252 251 253 256 262 263 268 267 264 261 257 254 314 255 258 260 259 250 143 144 140 139 242 241 240 239 232 231 313 225 119 118 221 220 217 216 212 211 109 110 114 113 108 117 124 129 132 121 122 123 130 131 142 141 138 209 145 154 150 153 155 160 161 210 162 159 156 152 149 146 147 148 151 157 158 163 167 168 175 174 179 180 186 185 181 178 169 177 182 184 191 189 190 188 187 183 176 173 172 65 66 61 60 164 39 38 35 34 137 136 135 134 127 126 133 128 125 208 120 14 13 116 115 112 111 107 106 4 5 9 8 12 3 : 435.857
4 3 
1 2 6 7 10 11 15 103 21 22 29 30 31 32 33 28 23 20 12 19 24 27 16 17 18 25 26 37 36 104 40 49 316 317 59 56 55 50 48 45 54 51 47 44 41 42 43 46 52 53 58 57 105 62 63 70 81 75 74 69 64 73 76 80 86 84 79 77 72 67 68 71 78 82 83 85 91 92 96 97 101 102 93 98 99 89 90 88 87 94 95 100 207 206 202 201 197 196 198 203 204 195 194 191 185 181 178 169 177 182 184 189 190 188 187 183 176 173 172 65 66 61 60 164 210 167 168 174 179 180 186 175 171 170 166 165 269 315 272 273 280 279 284 285 291 300 299 296 294 289 287 282 290 286 283 274 277 278 281 288 292 293 295 192 193 199 200 205 312 311 307 306 302 301 303 308 309 310 305 304 298 297 276 275 271 270 318 249 248 245 244 224 223 214 215 219 218 213 211 212 216 217 220 221 225 313 222 226 227 228 235 236 237 234 229 230 233 238 243 246 247 252 251 253 256 262 263 268 267 264 261 257 254 314 255 258 260 265 266 259 250 143 144 140 139 242 241 240 239 232 231 119 118 109 110 114 113 108 106 107 4 5 111 112 115 116 120 208 125 128 133 138 132 129 124 117 121 122 123 130 131 141 142 147 146 148 151 157 158 163 162 159 156 152 149 209 145 150 153 155 160 161 154 38 39 35 34 137 136 135 134 127 126 13 14 9 8 3 : 435.09
5 0 
1 2 6 7 10 11 15 103 21 22 29 30 31 32 33 28 23 20 12 19 24 27 16 17 18 25 26 37 36 104 40 316 317 49 45 48 50 55 56 59 105 57 54 51 47 44 41 42 43 46 52 53 58 63 62 64 67 68 71 78 82 83 85 91 92 96 97 101 102 93 98 99 90 89 86 84 79 77 72 73 76 80 81 75 74 69 70 66 65 61 60 164 161 160 155 153 150 154 145 38 39 35 34 137 136 135 134 127 126 208 125 128 133 138 132 129 124 121 122 123 130 131 142 141 209 149 152 156 159 162 210 169 178 181 185 191 184 182 177 172 173 176 183 187 188 189 190 87 88 94 95 100 207 206 202 201 197 196 198 203 204 195 194 186 180 179 174 175 168 167 163 158 157 151 148 146 147 140 139 144 143 250 259 255 258 260 265 266 269 165 166 171 170 277 278 281 288 292 293 294 295 192 193 199 200 205 312 311 307 306 302 301 303 296 289 287 282 274 283 286 290 279 280 284 285 291 299 300 308 309 310 305 304 298 297 276 275 271 270 318 249 248 245 244 224 223 214 215 219 218 227 226 228 235 236 246 247 252 253 256 262 263 268 273 272 315 267 264 261 257 254 251 314 243 242 241 240 238 233 230 237 234 229 222 213 211 212 216 217 220 221 225 313 231 232 239 119 118 109 110 114 113 117 108 106 107 4 5 111 112 115 116 120 13 14 9 8 3 : 433.987
5 1 
1 2 6 7 10 11 15 21 22 29 32 31 30 103 20 23 28 33 27 24 19 16 17 18 25 26 37 36 104 40 49 316 317 59 105 56 55 50 48 45 57 54 51 47 44 41 42 43 46 52 53 58 63 62 64 73 76 80 86 84 79 77 72 67 68 71 78 82 83 85 91 92 96 97 101 102 93 98 99 90 89 81 75 74 69 70 66 65 61 60 164 161 160 155 153 150 154 145 38 39 35 34 137 136 135 134 127 126 208 125 128 133 138 132 129 124 117 121 122 123 130 131 142 141 209 149 152 156 159 162 210 169 172 173 176 183 187 188 189 190 87 88 94 95 100 207 206 202 201 197 196 198 203 204 195 194 191 184 182 177 178 181 185 186 180 179 174 175 168 167 163 158 157 151 148 146 147 144 143 140 139 242 241 240 239 232 231 313 230 233 238 243 246 247 252 251 253 256 262 263 268 267 264 261 257 254 314 250 259 255 258 260 265 266 269 165 166 170 171 192 193 199 200 205 312 311 307 306 302 301 295 293 292 288 281 278 277 282 287 289 294 296 290 286 283 274 315 272 273 280 279 284 285 291 300 299 303 308 309 310 305 304 298 297 276 275 271 270 318 249 248 245 244 224 223 214 215 227 228 235 236 237 234 229 226 219 218 222 213 211 212 109 110 216 217 220 221 225 118 119 114 113 108 106 107 111 112 115 116 120 13 14 4 5 9 8 12 3 : 434.544
5 2 
1 2 6 7 10 11 15 21 22 29 103 12 19 16 17 18 25 26 27 24 20 23 28 30 31 32 33 36 37 42 41 43 46 52 53 58 57 54 51 47 44 104 40 316 317 49 45 48 50 55 56 59 105 62 63 64 67 68 71 78 82 83 85 91 92 96 97 101 102 93 86 84 79 77 72 80 76 73 69 70 74 75 81 89 90 98 99 95 94 100 207 206 202 201 197 196 88 87 190 188 187 183 176 173 172 65 66 61 60 164 210 162 159 156 152 149 146 147 148 151 157 158 163 168 167 169 177 182 184 189 191 185 181 178 174 175 179 180 186 195 194 198 203 204 205 312 311 307 306 302 301 199 200 193 192 171 170 166 165 269 266 265 260 258 255 259 250 314 251 252 253 256 262 263 268 254 257 261 264 267 315 272 273 280 279 284 285 291 290 286 283 274 277 278 281 288 292 293 295 294 282 287 289 296 303 299 300 308 309 310 305 304 298 297 276 275 271 270 318 249 248 245 244 224 223 214 215 219 218 227 226 228 235 236 247 246 237 234 229 222 213 211 212 109 110 216 217 220 221 225 313 230 233 238 243 242 241 240 239 232 231 118 119 139 140 143 144 142 141 209 145 150 153 155 160 161 154 38 39 35 34 137 136 135 134 127 126 208 117 125 128 133 138 132 129 124 131 130 123 121 122 114 113 108 106 107 111 112 115 116 120 13 14 4 5 9 8 3 : 435.546
5 3 
1 2 6 7 10 11 15 21 22 29 103 20 23 28 30 31 32 33 104 40 316 317 49 45 48 50 55 56 59 105 57 54 51 47 44 41 42 43 46 52 53 58 62 63 70 69 74 75 81 80 76 73 64 67 68 71 78 82 83 85 84 72 77 79 86 91 92 96 97 101 102 93 98 99 89 90 95 94 100 207 206 202 201 197 196 198 203 204 195 194 186 180 179 175 174 178 181 185 191 189 184 182 177 169 172 173 176 183 187 188 190 87 88 66 65 61 60 164 210 167 168 166 165 269 315 272 273 280 279 284 285 291 290 286 283 274 277 278 281 170 171 192 193 199 200 205 312 311 307 306 302 301 295 293 292 288 294 282 287 289 296 299 300 303 308 309 310 305 304 298 297 276 275 271 270 318 249 248 245 244 224 223 214 215 219 218 222 230 233 238 243 237 234 229 226 227 228 235 236 246 247 252 251 253 256 262 263 268 267 264 261 257 254 314 255 258 260 265 266 259 250 143 144 140 139 242 241 240 239 232 231 313 225 119 118 221 220 217 216 213 211 212 109 110 114 113 122 121 123 130 131 124 129 132 138 141 142 147 146 148 151 157 158 163 162 159 156 152 149 209 150 153 155 160 161 154 145 38 39 35 34 137 136 135 133 128 125 208 134 127 126 120 117 108 106 107 111 112 4 5 115 116 13 14 37 36 27 24 19 26 25 18 16 17 9 8 12 3 : 434.561
