0 0 
1 7 6 11 22 24 36 19 16 21 26 37 18 17 115 38 77 85 84 102 101 97 99 95 94 202 197 188 205 312 304 305 275 291 273 265 259 250 118 119 240 243 225 216 211 110 313 227 247 246 253 256 267 242 140 143 263 272 249 271 318 245 214 241 233 235 219 218 223 215 220 237 229 217 239 222 232 221 144 139 254 251 230 252 255 226 228 234 224 244 248 213 109 258 266 269 156 152 153 161 162 167 154 39 14 138 149 209 146 163 155 178 185 189 179 173 177 183 184 148 168 174 180 198 195 203 289 303 308 286 290 309 298 270 276 280 296 302 301 310 297 299 279 283 287 274 165 282 260 314 236 238 262 268 315 278 292 293 294 277 288 199 307 281 285 284 300 295 311 200 306 204 182 194 192 175 181 74 86 70 80 83 82 72 78 71 73 81 68 67 96 64 49 52 47 59 79 76 93 91 92 63 50 105 58 25 4 107 212 231 136 137 34 5 114 123 129 121 131 141 157 261 257 264 170 193 186 176 61 201 206 207 65 53 41 35 126 135 124 128 208 116 158 151 166 171 160 164 159 150 210 142 147 120 122 130 117 132 134 127 106 125 108 113 13 111 112 133 145 169 172 191 88 90 89 100 196 87 190 75 98 69 66 60 187 62 54 45 32 23 12 27 103 28 56 55 48 57 46 51 42 44 43 104 33 9 8 29 31 316 317 40 30 15 2 3 20 10 : 1394.45
0 1 
1 7 33 56 105 53 154 136 116 106 5 129 134 126 128 125 157 158 165 281 170 277 287 292 299 309 303 301 302 205 311 207 197 198 94 99 98 87 202 201 167 142 156 163 168 164 60 65 145 39 150 209 162 189 176 183 173 178 180 182 177 172 196 100 95 72 83 85 90 74 75 62 80 79 77 67 68 93 96 97 102 101 71 82 78 91 92 84 317 316 31 23 36 37 161 160 152 159 149 148 151 141 138 146 119 240 220 216 230 241 223 246 218 236 228 217 213 109 225 222 313 239 110 229 215 214 233 221 135 208 115 4 13 25 19 127 14 121 131 117 120 140 242 139 231 235 227 244 143 259 262 224 234 243 247 257 251 253 252 255 238 237 314 278 192 195 186 193 295 294 181 174 179 169 185 184 206 88 187 188 191 210 155 153 144 265 258 266 226 219 212 211 232 118 114 113 122 130 123 132 133 124 108 111 107 112 9 3 22 29 21 27 24 26 17 28 16 20 32 30 35 137 34 46 147 272 273 283 306 312 307 171 285 286 267 315 264 260 250 166 269 268 256 254 263 261 290 291 308 310 305 304 297 298 276 275 270 248 271 249 245 318 279 284 280 300 296 293 274 288 289 282 199 200 204 203 194 175 190 66 76 86 89 81 69 70 73 55 41 49 104 58 59 57 54 63 64 43 42 48 50 51 47 40 44 45 52 61 38 18 103 15 8 10 12 11 6 2 : 1243.57
0 2 
1 104 44 41 43 42 37 12 25 27 18 24 29 103 16 9 8 7 10 3 11 2 20 28 19 23 36 35 13 123 141 209 153 156 170 266 265 269 291 282 280 267 252 256 254 262 268 251 314 230 229 246 243 213 211 212 218 131 121 113 108 134 127 129 130 34 135 145 39 191 177 167 70 48 57 40 49 316 55 317 71 78 64 74 69 88 188 183 173 187 65 159 157 147 138 208 107 4 5 115 106 126 14 151 152 155 124 132 136 116 111 112 133 125 120 114 221 217 233 231 214 224 223 215 219 226 237 232 240 242 139 258 263 249 248 271 276 270 298 297 275 304 299 290 166 180 202 206 87 99 95 194 172 169 197 94 176 60 38 46 50 105 47 154 17 26 33 58 52 77 73 90 91 96 92 84 68 59 54 62 82 67 76 75 201 190 185 186 184 196 198 189 162 149 148 161 137 128 117 122 143 259 255 250 144 257 247 119 110 216 222 220 109 118 146 163 160 150 158 142 140 168 174 175 165 260 261 272 292 287 289 293 301 307 311 195 181 178 203 204 200 199 205 306 295 288 192 303 285 284 296 309 308 300 277 278 274 253 235 228 238 241 239 313 225 264 286 310 305 273 318 245 244 236 227 234 315 279 283 302 312 294 281 171 193 179 182 210 164 61 66 81 93 86 79 80 53 72 83 85 89 97 102 101 100 207 98 63 51 56 45 31 22 15 30 21 32 6 : 1287.74
0 3 
1 21 32 19 16 36 37 44 53 42 57 67 78 64 84 83 77 85 101 97 76 82 71 72 79 92 96 91 102 87 176 66 145 156 210 183 189 173 63 164 179 88 190 74 90 93 89 202 95 194 167 209 150 41 62 69 99 98 34 8 3 10 31 55 56 70 75 81 86 68 105 73 80 51 59 48 54 22 43 47 49 50 39 120 137 124 114 220 240 239 238 212 211 218 226 228 246 262 251 242 255 243 233 237 222 235 232 219 236 247 230 118 132 141 143 250 139 148 163 152 160 161 153 172 169 201 94 196 207 100 206 191 181 185 182 178 177 184 187 174 175 195 199 204 186 133 121 129 122 138 155 61 38 208 135 134 35 14 136 125 127 116 13 126 108 4 111 117 123 131 142 113 106 154 128 112 115 107 130 259 269 263 257 144 217 110 231 140 241 225 221 213 216 229 234 227 318 248 215 214 224 245 249 244 223 313 109 119 260 147 146 159 162 292 308 278 304 310 297 298 276 275 305 283 296 315 267 272 253 258 158 157 149 151 170 265 168 166 165 261 264 284 287 286 293 274 266 254 271 299 282 288 295 205 311 306 307 312 200 301 302 171 294 290 303 309 291 270 273 268 256 252 314 289 277 279 285 280 281 192 300 193 198 203 180 197 188 65 60 52 58 46 104 45 317 40 316 29 30 28 6 7 23 26 20 27 18 17 5 103 12 11 2 25 24 9 33 15 : 1382.88
1 0 
1 26 18 27 15 29 20 28 23 43 45 76 83 77 72 80 64 73 86 317 44 46 34 38 148 161 210 162 155 160 172 150 154 153 168 180 174 278 280 293 306 308 305 310 309 301 199 196 94 202 201 197 87 184 185 189 198 187 183 182 179 188 98 95 173 66 176 74 70 69 81 63 62 105 57 75 71 82 102 93 89 164 167 177 192 299 294 288 287 295 289 290 279 285 291 284 272 264 251 315 260 166 259 314 239 231 110 108 125 124 131 122 121 123 132 130 141 146 142 209 117 129 133 113 220 213 245 248 244 265 250 263 273 257 238 118 232 230 234 241 114 115 112 111 127 134 208 152 156 169 181 178 191 194 186 203 100 99 79 84 59 47 55 48 40 52 51 104 53 56 103 33 24 116 136 126 14 106 19 25 36 37 30 32 49 316 50 61 60 58 78 85 68 67 91 101 96 97 92 90 206 207 88 200 311 204 205 307 302 193 292 159 147 149 145 35 39 13 137 107 4 120 140 255 157 151 165 144 254 270 271 318 304 298 282 300 303 296 281 269 171 170 274 286 312 276 249 262 267 256 266 258 283 275 297 277 175 65 190 195 163 158 143 139 243 235 236 237 233 261 253 227 226 215 224 214 223 211 212 109 216 217 229 242 313 240 218 222 228 219 225 246 247 252 268 221 119 138 135 128 5 9 3 8 31 42 41 54 17 10 2 6 16 22 12 21 7 11 : 1358.08
1 1 
1 3 12 208 113 114 124 120 108 125 138 117 131 121 150 154 151 152 141 209 163 174 195 194 312 292 286 280 291 205 303 200 311 308 310 285 294 301 306 199 307 295 277 170 289 272 279 284 274 278 283 296 290 260 270 275 273 262 256 265 165 181 191 179 180 193 192 186 175 189 99 72 84 83 76 81 47 41 43 105 51 57 62 75 74 73 69 90 70 190 185 171 287 282 288 281 261 259 258 268 267 318 271 297 276 300 305 298 304 309 299 293 167 61 66 172 87 88 93 82 77 63 178 164 161 37 36 31 7 11 8 24 16 23 20 18 13 107 112 115 4 14 122 110 243 313 241 140 119 239 231 139 242 232 222 213 223 245 227 224 235 234 229 240 236 244 248 249 255 257 166 269 143 238 233 266 250 218 237 118 221 230 264 315 217 212 109 220 216 211 219 214 215 246 247 263 252 226 228 225 314 254 251 253 144 158 147 153 156 157 146 142 155 210 60 148 149 145 39 42 21 22 9 5 116 111 106 136 123 133 126 128 130 135 134 137 127 129 132 35 44 316 59 56 40 49 30 29 103 27 19 104 50 67 71 102 98 201 198 203 204 168 173 176 302 206 207 202 94 197 95 89 79 91 101 100 196 177 160 34 38 159 162 182 187 184 169 188 183 65 53 54 52 46 58 64 68 85 80 78 96 92 97 86 317 48 26 45 55 33 32 28 17 25 15 2 6 10 : 1314.58
1 2 
1 11 103 20 28 30 24 15 7 22 19 104 316 105 63 81 73 54 45 59 47 33 18 46 52 61 65 74 75 80 48 41 58 164 201 207 195 170 303 302 307 306 311 312 204 205 200 296 286 173 176 60 142 148 39 34 137 132 151 143 265 268 261 272 260 255 257 253 252 267 254 242 233 234 221 121 114 216 217 118 140 119 220 225 240 139 145 150 157 156 199 193 158 62 53 57 44 37 12 2 3 26 8 9 13 124 109 110 108 5 106 116 111 107 112 115 35 42 317 49 50 56 55 76 86 82 68 79 72 96 83 91 92 67 77 71 89 90 98 69 88 188 190 177 169 178 174 180 186 160 159 161 149 314 258 251 279 294 299 308 309 289 287 194 179 181 187 87 172 198 295 293 282 284 292 297 304 310 300 301 192 281 175 185 189 197 100 196 206 202 184 210 167 182 168 146 141 209 138 136 152 153 66 183 191 154 155 163 162 203 259 256 276 274 288 171 278 290 165 277 285 280 291 249 245 218 223 219 238 247 248 273 283 298 305 275 270 318 271 263 262 264 250 237 243 122 131 130 133 125 208 147 166 269 315 266 232 230 236 246 227 228 226 229 231 313 222 235 244 224 215 214 211 212 213 239 241 123 113 117 126 134 128 120 16 25 4 14 135 144 129 127 38 36 43 40 95 94 70 85 64 99 101 102 97 93 84 78 51 17 27 21 32 23 31 29 10 6 : 1378.8
1 3 
1 7 6 10 103 23 54 105 136 108 120 128 133 135 35 115 134 116 113 119 264 269 289 290 315 266 314 252 265 268 285 284 291 262 273 260 274 294 272 277 288 292 175 147 130 123 313 242 235 236 234 238 233 227 249 248 247 214 224 237 219 218 217 109 220 225 229 139 121 114 129 124 107 5 122 145 159 149 158 163 138 132 27 16 104 53 50 91 71 85 84 79 76 80 72 67 57 209 210 162 18 25 9 26 36 28 22 29 31 40 56 44 78 68 86 89 197 203 100 202 87 88 192 311 308 309 310 304 305 299 297 276 275 270 257 254 146 142 131 126 14 117 127 208 153 156 160 154 155 60 39 38 172 66 173 188 183 195 174 152 141 150 164 63 74 62 69 77 82 75 61 189 167 168 161 151 180 181 186 178 70 73 98 99 93 101 96 97 92 102 90 176 191 185 179 206 94 207 201 95 194 184 187 65 182 204 166 165 283 318 271 244 256 267 170 177 190 169 157 137 13 4 106 112 111 216 213 211 222 223 245 253 263 261 259 255 258 240 232 221 110 212 215 226 228 246 243 143 148 140 230 231 118 144 250 241 239 251 279 296 301 312 205 199 307 306 302 193 200 303 286 295 293 287 282 278 281 280 300 298 171 198 196 81 83 64 59 55 52 46 42 47 51 41 43 58 37 34 125 17 33 21 12 2 15 24 19 3 8 30 316 48 45 49 317 32 20 11 : 1359.29
2 0 
1 297 85 57 107 247 235 313 14 87 75 40 41 269 236 261 21 127 216 162 111 88 257 276 151 140 202 4 5 210 318 272 12 317 243 213 18 29 23 81 217 299 263 238 185 303 135 207 56 52 145 282 289 54 108 90 38 42 24 28 293 113 248 70 43 165 199 133 244 123 158 138 249 251 221 204 55 72 16 190 86 237 156 296 178 311 255 161 13 74 48 34 224 230 225 6 134 62 167 172 177 288 300 131 121 58 306 114 245 226 194 193 260 50 154 279 277 61 93 71 100 94 283 222 33 109 122 132 241 176 287 275 9 169 73 92 79 78 115 262 267 286 27 66 143 142 278 242 49 159 290 259 152 256 310 240 265 215 39 7 8 144 206 76 128 270 308 136 284 208 157 246 150 63 316 32 179 80 89 98 25 196 271 250 304 168 35 174 84 198 82 96 189 183 186 254 17 141 59 2 211 285 45 83 91 67 65 292 232 301 205 315 212 309 223 46 137 253 166 103 227 164 30 31 281 15 105 181 26 51 173 130 187 220 69 37 11 97 294 214 219 228 126 191 110 252 171 120 231 218 124 60 233 155 229 274 163 180 307 129 149 146 36 118 203 119 68 273 234 295 314 148 298 102 175 264 280 153 53 184 258 182 302 95 22 10 116 188 197 239 47 64 101 195 291 125 77 104 112 209 200 266 20 3 160 147 312 192 268 305 201 106 44 139 170 117 99 19 : 5114.58
2 1 
1 235 212 12 33 55 23 218 139 231 234 302 291 94 271 290 45 186 183 149 160 59 20 75 65 30 54 96 184 106 121 300 284 50 29 107 232 220 159 187 294 128 136 221 130 287 254 57 259 152 126 115 92 93 42 217 195 208 112 242 26 155 248 227 313 285 89 190 261 202 76 314 310 297 276 188 268 267 286 63 78 258 249 273 315 280 233 274 295 16 22 52 110 161 197 103 25 44 102 105 194 151 73 129 206 263 19 90 164 62 49 51 150 137 211 230 100 167 185 127 154 203 257 104 38 182 246 46 14 2 11 316 308 189 170 72 166 141 198 169 317 180 27 101 205 219 156 255 250 82 173 175 226 245 69 134 133 210 6 114 91 97 204 61 34 81 269 241 229 15 80 225 262 228 181 174 312 143 31 18 214 153 265 148 140 266 272 307 301 201 125 293 192 200 191 305 296 131 5 311 177 146 144 17 56 67 252 123 122 95 304 303 178 289 309 270 48 108 71 275 251 165 118 53 176 279 124 66 288 138 37 85 236 278 216 70 162 142 163 237 40 116 224 117 193 86 199 8 292 298 247 243 253 207 32 21 68 64 60 43 306 41 3 10 47 9 196 264 13 24 179 77 120 135 281 98 238 132 240 109 168 299 36 222 239 171 209 35 223 88 99 256 111 283 215 213 119 318 84 172 282 147 158 157 244 87 83 7 4 260 79 277 28 74 39 58 113 145 : 5019.12
2 2 
1 28 295 138 113 108 186 150 35 56 246 300 19 279 197 282 316 291 13 174 252 244 16 26 17 93 10 92 83 183 104 122 23 209 315 180 132 193 173 33 59 41 64 208 165 285 205 232 187 103 191 178 188 247 136 274 146 226 86 181 123 239 68 50 135 29 63 303 314 284 107 160 286 102 206 151 237 89 99 97 58 214 73 27 121 213 229 118 111 317 11 18 212 271 292 289 154 87 260 265 223 200 228 105 156 220 130 133 204 166 293 25 143 176 210 79 88 53 90 170 202 8 3 6 131 124 234 240 257 298 82 72 149 224 266 290 100 144 115 129 184 9 51 201 60 43 215 216 74 4 49 32 39 116 304 243 75 258 157 307 77 69 294 2 196 76 222 134 114 296 207 36 12 40 78 80 287 256 203 254 98 147 65 94 251 272 119 219 125 198 311 30 109 95 110 52 42 175 120 142 22 48 71 299 171 308 278 168 238 217 31 38 190 62 5 20 96 185 164 288 267 261 163 152 145 66 137 318 270 199 280 101 312 269 262 67 253 264 263 245 172 139 195 309 305 57 148 179 112 167 273 248 24 127 85 46 158 313 218 301 250 297 281 15 227 141 37 7 155 189 194 277 61 128 255 275 236 249 233 159 276 140 310 45 54 70 192 283 21 162 153 231 126 34 242 230 235 44 177 225 91 259 161 221 182 14 84 306 302 47 241 169 211 268 117 55 81 106 : 5143.76
2 3 
1 222 230 271 166 250 279 300 168 264 160 8 241 139 227 302 307 41 55 37 83 54 180 285 310 252 149 187 190 177 95 94 45 71 86 103 111 124 46 35 118 246 92 72 137 142 229 163 210 147 178 68 65 221 135 251 231 244 247 170 254 60 253 255 283 292 226 258 265 189 171 195 93 70 133 162 140 266 158 164 66 154 148 202 82 97 89 80 102 57 228 214 236 38 13 288 174 318 116 161 61 127 107 30 20 239 215 249 263 260 176 188 73 25 98 169 63 39 220 119 216 173 294 237 167 74 235 212 245 179 87 88 6 9 115 122 75 76 256 165 218 313 297 143 141 106 181 182 50 78 4 276 303 282 84 104 21 11 7 32 117 131 293 280 123 152 305 275 270 301 194 99 91 10 3 5 26 134 114 34 207 192 311 287 198 200 19 273 153 184 299 304 286 278 259 159 79 312 204 100 172 185 296 205 175 47 136 150 132 277 281 199 289 274 284 193 27 29 31 317 85 238 14 128 269 121 81 36 203 242 224 225 59 48 157 197 101 262 232 248 156 51 126 243 22 138 108 28 191 206 144 109 234 314 208 120 12 23 49 40 52 183 15 62 43 151 196 186 145 261 315 240 146 42 316 67 56 33 16 18 2 209 58 110 44 130 129 96 201 105 77 125 217 257 24 17 53 155 112 233 211 213 219 291 267 298 309 290 295 308 306 223 268 272 113 69 90 64 : 3845.99
3 0 
1 55 309 172 298 173 318 262 211 126 265 223 58 292 133 181 63 104 47 19 18 93 237 129 21 185 27 130 222 76 28 141 116 14 308 123 278 249 72 200 122 256 163 302 183 9 115 304 210 8 10 158 303 252 306 186 317 73 161 3 155 195 310 97 91 190 169 199 65 136 111 39 43 88 147 314 179 270 215 66 162 61 87 170 119 236 165 96 35 168 51 54 69 201 305 46 192 299 275 94 203 83 68 224 194 150 41 153 251 260 316 101 250 272 137 117 36 108 241 266 291 297 62 167 146 75 44 189 40 22 245 7 273 287 157 120 258 231 219 144 264 113 293 307 70 239 279 267 315 254 300 188 118 132 53 79 86 274 294 177 283 11 59 312 164 288 171 263 206 6 216 112 100 268 140 227 4 107 109 271 110 234 102 154 105 220 139 33 121 37 23 217 214 95 182 166 124 149 52 248 71 218 207 269 145 276 257 57 286 85 196 261 255 49 84 280 277 289 205 197 29 78 15 67 48 17 30 175 151 5 90 204 311 180 232 313 243 25 212 238 208 229 228 240 60 198 253 106 114 159 202 127 152 230 26 138 233 284 98 31 131 16 148 187 99 34 156 184 225 45 82 176 193 226 282 296 134 128 12 13 135 143 38 80 50 64 77 92 285 81 191 301 295 247 244 221 56 89 160 74 2 235 103 242 290 281 178 246 259 174 209 213 142 24 32 20 125 42 : 5028.51
3 1 
1 39 289 232 245 174 72 190 24 8 234 96 269 147 120 218 206 172 73 64 286 236 310 198 166 66 241 43 130 15 314 213 57 312 298 274 251 165 115 280 54 277 268 152 139 177 293 261 181 294 169 138 238 149 308 105 46 13 141 246 98 188 196 199 200 65 41 35 192 307 2 56 74 114 267 259 125 229 34 63 208 12 288 23 11 230 212 109 94 183 21 47 93 194 60 184 95 195 284 167 104 99 146 88 255 37 204 82 45 316 124 161 219 133 254 216 113 258 305 252 5 123 281 187 153 78 84 180 26 239 143 151 49 102 101 91 100 154 71 81 103 275 191 223 214 132 16 306 225 231 303 86 129 145 4 292 163 304 18 42 22 17 38 48 53 14 7 311 90 291 203 235 197 302 121 247 300 171 32 27 144 215 36 116 276 260 137 150 226 266 202 70 156 186 44 237 122 40 173 205 6 309 282 295 279 287 148 155 253 240 220 185 127 134 107 62 315 271 270 256 318 250 249 283 273 75 168 31 243 25 55 67 175 112 52 110 189 69 68 83 257 248 299 160 317 217 263 264 119 262 265 176 159 19 142 136 221 210 97 51 76 233 313 207 117 111 3 162 87 106 126 118 222 30 33 108 244 272 77 89 140 59 227 224 158 50 193 157 28 29 9 170 85 80 135 182 278 61 296 178 92 228 79 201 242 10 211 209 179 131 58 128 20 164 290 301 285 297 : 5053.29
3 2 
1 37 211 185 164 197 150 16 38 8 104 129 138 303 313 229 318 311 31 151 111 36 279 244 97 50 89 239 213 113 266 70 28 254 67 79 278 248 309 212 305 225 131 137 196 214 295 45 207 144 157 190 312 206 141 156 208 216 107 181 186 5 17 112 66 86 82 205 262 117 98 204 123 161 256 282 294 170 174 316 146 10 314 114 221 269 118 134 58 136 75 218 260 106 192 41 27 101 194 230 217 44 237 223 298 179 84 183 193 9 55 191 108 209 296 120 228 30 64 281 68 42 168 177 62 148 135 286 80 3 103 308 258 34 280 283 238 166 13 22 26 61 145 182 276 152 81 232 83 99 102 105 43 249 291 273 271 159 132 160 71 284 315 78 65 199 202 92 178 285 301 139 149 54 14 126 171 23 7 121 147 95 74 265 289 122 143 219 251 287 270 163 18 72 51 25 115 252 235 119 200 290 175 127 130 39 240 63 73 52 233 201 6 198 49 93 57 187 153 15 236 184 210 297 53 100 300 304 272 172 220 116 128 180 224 87 155 226 60 231 169 2 133 288 245 35 33 20 188 292 268 263 21 317 203 94 176 173 90 299 253 189 24 110 109 277 195 48 124 250 88 234 76 154 12 246 77 32 46 162 242 222 264 167 302 310 140 255 243 275 4 91 274 261 19 47 29 142 241 259 257 307 306 11 96 85 125 267 165 293 247 59 215 227 158 56 40 69 : 5126.38
3 3 
1 95 85 162 201 69 83 41 105 164 145 211 36 28 16 14 183 291 258 287 158 284 250 218 182 175 192 149 151 234 228 213 130 125 138 216 208 165 259 204 155 200 156 25 57 62 314 298 276 8 21 42 18 17 108 128 232 131 65 51 288 293 87 252 147 129 116 9 121 26 132 37 111 4 12 86 39 209 191 88 299 318 305 199 302 306 239 84 316 76 80 71 154 136 150 11 22 159 43 33 31 29 134 97 75 135 245 294 197 181 219 226 221 231 249 67 49 63 82 107 119 220 264 283 282 260 53 112 48 102 77 59 262 285 277 163 94 186 207 229 30 15 10 114 194 275 304 270 212 266 255 315 312 81 101 93 92 180 295 188 311 307 271 257 222 146 137 166 263 265 303 286 171 184 172 202 24 7 168 133 123 126 144 225 237 242 230 40 50 198 310 96 157 170 167 13 68 54 56 55 52 178 187 177 300 308 297 185 272 142 161 179 244 227 254 173 267 223 224 206 47 58 70 176 189 27 103 44 140 143 301 256 60 98 169 122 139 313 273 278 235 110 281 289 241 215 236 279 66 23 20 91 90 32 190 61 117 205 38 109 118 248 261 246 253 193 290 217 152 269 141 174 79 120 2 3 78 74 64 309 274 240 268 195 99 46 160 238 292 280 247 243 214 251 153 148 115 127 106 210 73 233 35 34 296 203 45 124 72 196 89 5 113 100 104 19 317 6 : 3843.82
4 0 
1 9 28 23 12 19 36 47 43 48 58 42 176 207 312 199 306 295 281 254 253 256 257 255 265 263 264 267 286 165 170 292 274 277 302 200 311 204 196 191 185 181 180 182 172 66 60 65 160 80 64 61 210 187 88 81 73 75 85 91 97 86 101 99 206 100 201 95 194 203 197 94 98 93 96 82 84 78 83 77 89 183 190 198 178 186 193 288 294 282 289 278 293 280 279 273 252 262 260 143 144 158 137 130 161 163 167 250 314 230 217 109 225 221 211 131 122 106 5 14 120 121 4 111 8 34 26 37 104 62 72 71 79 63 74 69 202 189 173 155 154 148 127 134 128 136 141 232 227 235 229 238 237 248 216 213 222 234 251 246 243 258 259 272 301 205 307 296 290 303 192 195 184 153 150 164 162 149 157 146 38 138 126 115 39 159 147 209 35 133 129 125 117 113 114 208 135 124 123 132 116 108 110 212 118 220 228 236 233 240 247 226 218 219 215 214 318 245 261 266 269 287 271 270 244 223 224 249 268 166 168 171 283 284 304 305 300 309 298 310 308 299 285 297 275 276 291 315 139 140 239 119 231 313 241 242 142 107 112 3 17 11 22 7 10 40 50 41 44 46 51 45 316 56 55 57 49 317 54 52 53 70 105 76 68 67 59 92 102 90 87 188 177 174 179 175 169 152 156 151 145 13 24 33 21 25 16 18 15 2 27 32 103 30 31 29 20 6 : 1321.65
4 1 
1 103 10 28 8 3 6 21 23 9 34 38 153 160 60 197 201 190 189 187 185 173 186 195 194 191 175 167 143 261 262 256 254 257 264 274 282 289 286 293 301 193 192 287 292 297 279 267 271 298 318 275 270 268 263 273 294 281 288 171 170 290 299 291 276 280 285 277 166 165 269 260 259 258 237 228 230 314 247 227 156 177 172 180 174 66 317 105 78 164 65 74 79 75 69 53 52 54 57 51 56 41 45 316 48 50 30 32 15 19 26 27 63 90 76 49 33 37 18 25 14 134 35 39 62 47 44 86 84 67 83 85 93 96 97 55 59 42 108 208 138 146 151 147 209 124 5 13 225 233 240 218 211 216 217 110 212 246 249 248 224 223 214 215 313 114 119 213 245 219 226 235 229 234 118 221 220 222 109 149 162 155 158 159 145 142 132 130 133 135 150 154 137 136 129 122 121 123 148 152 144 161 210 46 82 71 68 72 80 88 81 87 64 73 70 178 181 182 183 176 184 179 202 198 196 100 206 302 296 303 308 300 283 252 265 272 315 278 199 203 204 309 310 304 305 295 188 169 61 58 40 77 102 101 92 91 89 98 99 94 95 207 312 311 200 205 307 306 284 266 253 255 141 140 139 241 244 251 236 243 238 232 242 231 239 250 157 163 168 43 104 127 125 107 115 126 128 120 113 131 117 112 111 4 106 116 36 24 31 17 16 20 22 29 11 12 2 7 : 1368.99
4 2 
1 2 6 20 23 16 115 21 28 32 33 27 25 37 42 44 104 43 178 194 195 204 302 311 200 306 205 301 277 281 290 304 298 284 272 273 257 260 266 282 274 191 175 170 235 212 211 118 224 223 215 234 225 222 218 229 237 244 275 270 271 249 228 139 140 123 146 151 144 236 214 248 263 246 240 232 239 313 226 227 245 318 276 268 264 256 251 233 238 219 265 314 247 243 142 209 148 147 165 166 258 180 168 157 134 126 137 153 160 154 156 162 167 65 79 68 82 67 59 64 72 73 93 92 90 99 63 87 190 189 181 198 183 179 203 94 184 177 152 161 34 117 128 127 13 108 124 125 135 208 107 112 120 14 8 4 113 114 122 121 131 141 221 220 109 216 110 217 241 231 119 255 262 213 230 253 252 250 261 267 285 279 280 287 289 192 199 312 307 292 294 171 288 193 286 283 293 278 295 296 299 291 297 308 300 305 310 303 309 315 269 259 254 242 143 130 129 136 133 111 116 106 9 317 78 71 55 19 24 18 29 316 40 31 30 22 12 15 17 5 132 138 145 39 41 105 101 76 75 74 81 187 185 197 207 95 88 176 66 173 169 61 60 182 186 159 158 149 174 188 172 164 210 163 155 57 48 50 49 52 53 47 51 58 46 35 150 38 26 36 201 202 196 100 206 70 84 80 102 91 97 96 98 89 86 85 83 77 69 62 45 56 54 11 10 3 103 7 : 1368.12
4 3 
1 24 14 138 209 153 163 94 190 187 184 169 60 65 66 90 53 44 51 36 18 17 104 59 49 316 105 67 92 91 96 99 98 86 84 89 72 85 97 93 64 317 40 41 42 70 62 161 150 159 137 164 63 88 87 179 186 181 167 182 176 173 188 168 175 185 286 294 303 298 279 274 269 262 267 263 318 270 273 268 272 284 304 310 308 309 199 312 307 287 295 301 205 302 293 264 151 157 141 146 152 160 149 145 155 210 162 156 147 142 148 158 259 260 266 165 170 171 193 177 172 197 95 100 196 203 198 194 195 189 183 178 154 61 73 71 74 76 75 81 69 82 78 101 102 79 68 83 77 80 57 50 54 55 48 45 56 58 34 25 37 47 52 27 20 103 11 22 32 29 21 31 30 3 8 113 112 117 124 127 13 5 9 16 19 33 28 23 136 132 237 226 228 118 110 128 135 125 133 35 38 46 43 174 180 201 202 207 206 191 204 200 192 277 315 291 280 282 285 283 292 290 299 306 311 166 288 289 278 296 281 300 305 276 297 275 271 248 246 140 139 143 238 144 250 255 253 224 215 249 251 223 218 232 222 227 225 239 240 234 233 231 313 220 119 211 221 217 216 212 109 122 131 123 129 130 242 241 314 258 265 257 261 256 254 244 245 214 235 252 247 236 219 213 230 229 243 121 114 108 116 120 106 107 4 111 115 39 134 208 126 26 15 12 6 7 10 2 : 1260.12
5 0 
1 150 166 314 225 100 92 85 2 4 7 138 187 209 313 245 246 301 237 232 9 82 310 139 299 282 281 93 308 20 11 84 132 217 316 38 27 78 19 298 67 106 50 218 140 28 30 23 39 176 16 198 175 163 296 164 131 228 234 283 223 289 8 90 180 206 201 97 127 178 254 264 184 192 21 54 222 165 42 81 191 295 315 287 152 48 202 155 105 195 124 230 239 5 72 288 252 233 24 157 40 146 109 125 18 17 280 251 121 160 205 255 134 130 110 214 270 249 14 6 29 219 37 133 65 35 170 311 15 86 190 208 102 148 162 32 77 45 238 231 272 199 123 193 271 56 158 278 94 274 73 57 101 3 47 12 22 258 36 135 189 83 262 141 117 34 52 69 293 256 137 248 305 46 41 113 224 268 213 129 60 91 259 87 167 182 210 307 261 70 207 221 26 173 63 126 154 247 118 98 96 200 116 64 241 145 306 304 111 58 53 181 265 227 197 153 142 285 242 107 122 244 309 276 103 211 216 128 55 25 115 286 159 75 269 203 284 185 312 71 267 215 220 147 74 31 194 49 99 179 263 95 250 174 226 144 114 186 62 260 290 236 169 89 183 275 279 108 229 171 168 172 161 235 300 243 119 104 112 10 79 240 297 291 188 120 13 33 151 143 318 277 177 212 88 292 257 273 59 68 317 156 266 136 76 43 66 294 204 302 61 44 51 303 80 196 149 253 : 5094.6
5 1 
1 32 71 97 253 247 179 208 2 7 76 295 165 137 314 110 244 273 226 140 161 15 254 19 51 163 167 114 297 53 52 135 59 105 267 56 125 241 142 306 83 91 242 24 45 26 90 113 211 55 46 292 265 294 299 221 228 115 111 146 4 248 193 152 218 291 106 209 260 304 313 118 284 183 145 188 38 272 181 190 132 109 158 20 280 276 212 213 240 72 93 88 16 85 102 35 10 17 225 147 68 220 303 214 154 196 172 11 112 182 289 92 312 66 107 258 246 123 186 187 315 275 162 104 23 215 229 279 18 148 9 309 287 131 194 81 117 243 237 36 262 143 203 224 233 234 264 139 302 189 296 216 79 204 231 230 119 39 78 282 86 58 227 155 14 40 103 164 153 94 245 270 205 223 318 201 281 95 99 73 54 176 169 27 168 75 316 268 151 200 57 84 74 69 269 285 277 120 210 21 317 6 33 12 47 96 290 206 177 29 128 266 197 300 192 159 238 67 133 174 250 3 100 301 25 87 180 166 278 219 305 286 308 13 235 134 126 65 257 271 64 37 8 34 185 207 5 28 283 31 60 191 82 255 149 136 49 184 124 116 63 150 160 108 98 274 127 44 195 311 202 293 138 199 252 232 239 77 43 89 80 70 156 307 61 121 236 249 288 50 141 41 259 198 171 157 144 222 130 217 256 101 170 22 175 62 178 263 30 42 122 48 129 310 251 173 298 261 : 5116.4
5 2 
1 150 171 297 122 264 200 288 261 47 233 243 215 130 176 120 254 252 121 110 306 182 302 134 125 213 20 199 27 4 153 12 193 279 248 7 116 14 234 140 240 16 35 247 118 273 48 217 208 44 138 80 300 38 142 251 272 85 114 69 84 206 106 263 6 210 179 305 162 166 52 29 204 275 281 147 259 51 26 19 284 141 111 223 312 313 161 5 308 192 46 45 241 218 250 70 163 253 108 3 62 71 88 201 61 216 91 66 159 149 184 89 115 160 101 77 79 78 157 18 236 117 211 13 17 36 131 128 81 39 10 235 156 49 137 222 107 57 207 258 309 286 295 299 291 93 9 94 256 229 227 180 42 224 255 143 158 146 151 209 152 292 285 296 205 96 148 307 231 109 34 301 60 232 266 172 90 55 31 144 276 230 242 274 267 74 97 298 249 154 11 25 190 244 245 220 257 2 33 95 41 304 67 92 43 203 282 72 76 289 318 237 133 21 86 164 98 177 82 32 129 112 64 314 212 135 228 37 73 8 173 277 271 167 65 195 316 187 181 315 183 202 197 50 68 40 145 238 56 221 225 239 59 189 53 290 269 265 169 226 132 165 270 311 168 260 278 30 23 317 294 287 127 283 175 28 310 170 83 198 191 136 262 24 58 178 99 139 214 280 123 174 126 100 185 246 293 119 196 124 186 103 54 22 102 303 63 188 155 105 104 219 194 87 113 268 75 15 : 5085.15
5 3 
1 32 79 177 75 198 91 290 280 257 77 82 73 269 315 147 85 72 99 74 170 36 317 25 204 89 298 314 219 152 150 34 155 175 186 95 206 101 78 81 156 197 189 312 6 69 105 87 176 55 47 149 102 178 96 80 59 27 107 112 122 21 216 211 217 84 205 300 286 163 254 241 225 129 212 250 276 311 201 94 154 104 28 93 92 83 71 58 310 299 285 214 118 231 238 9 43 13 63 33 227 139 191 164 60 196 62 134 116 76 135 171 65 277 4 14 261 229 215 213 275 117 11 39 23 108 159 53 54 19 12 106 224 181 64 187 259 237 281 274 260 209 44 3 2 291 251 256 20 161 183 230 246 144 252 247 223 218 199 145 130 240 114 243 220 140 194 293 262 305 279 258 226 235 296 273 193 265 17 46 45 29 56 67 31 15 120 295 245 302 316 37 137 132 232 124 113 16 127 282 304 309 306 266 272 169 173 151 167 126 263 236 221 249 270 248 5 66 294 24 26 239 242 119 208 267 268 271 234 123 110 222 143 184 166 168 284 303 288 313 253 297 210 109 283 289 86 307 174 158 292 90 97 18 7 103 48 51 179 49 42 162 185 148 264 160 190 8 10 52 22 70 98 318 244 287 255 131 153 38 192 180 100 301 308 200 228 125 165 278 207 182 202 88 203 138 172 195 157 233 111 40 61 188 146 128 35 121 141 142 50 133 115 30 41 136 57 68 : 3817.11
