0 0 
1 10 11 93 91 101 96 102 82 64 79 77 80 90 99 70 162 190 187 177 191 81 73 105 59 317 32 30 23 20 103 21 29 19 104 69 197 207 184 182 137 12 18 52 47 51 62 55 40 15 50 54 13 124 134 143 141 139 242 243 140 122 146 164 169 255 221 236 110 113 106 107 120 117 123 212 217 235 254 256 252 318 283 278 205 296 274 300 270 263 267 257 266 231 224 171 265 276 295 229 258 299 290 280 279 277 147 250 314 260 259 269 192 204 74 86 78 95 225 239 223 246 234 232 131 100 201 173 198 282 132 209 160 149 152 148 216 226 238 230 233 211 114 116 108 112 14 4 5 3 2 8 9 34 154 57 44 48 33 25 36 135 136 46 206 189 94 170 303 312 308 310 287 315 247 293 288 138 153 150 161 210 175 180 181 17 16 24 28 27 31 22 49 61 63 316 43 41 42 58 92 67 76 89 97 98 178 65 179 185 163 168 159 155 66 196 87 183 309 285 272 262 261 251 264 248 271 304 305 228 244 219 144 142 127 133 111 125 208 115 128 129 130 118 237 109 220 119 313 240 241 227 214 215 222 218 249 167 166 289 286 275 165 292 281 60 172 176 202 88 186 194 195 306 294 193 39 38 35 145 121 126 213 245 273 268 253 157 151 156 301 311 307 291 298 297 284 302 199 200 203 174 158 188 75 71 84 83 85 68 72 56 53 45 37 26 6 7 : 1883.01
0 1 
1 7 6 36 44 105 69 50 49 41 77 68 60 198 167 188 185 180 178 191 203 306 301 302 274 282 279 287 298 285 226 224 223 245 230 269 276 264 297 252 256 248 243 262 310 271 288 165 278 286 204 205 200 280 290 170 296 309 311 293 294 292 261 268 225 231 242 220 259 241 217 113 116 208 112 106 9 8 3 2 10 11 15 30 27 39 63 70 99 90 98 102 74 89 93 28 23 16 18 25 160 161 169 46 20 22 32 117 124 129 121 260 238 222 122 119 139 255 247 235 229 215 244 143 142 147 154 146 157 250 314 251 315 265 284 300 283 277 303 240 213 233 237 227 246 273 299 308 307 199 304 305 312 171 175 193 195 197 190 66 152 151 266 258 267 291 270 281 318 275 272 249 263 186 176 210 183 172 95 162 158 254 289 192 187 182 164 65 173 201 206 196 87 88 86 78 71 79 76 82 85 72 91 94 81 75 64 55 51 54 43 42 33 40 48 45 61 232 221 236 219 109 120 127 138 130 123 133 209 153 159 207 101 92 96 100 179 184 58 53 73 80 83 59 31 126 136 115 148 166 253 228 295 181 202 97 67 317 316 104 56 47 52 57 84 189 163 156 149 24 19 37 177 174 168 194 144 114 132 125 155 150 145 13 5 4 107 110 216 211 257 239 313 218 141 128 108 140 212 234 214 118 131 135 137 134 34 35 29 21 103 38 111 26 17 14 62 12 : 1892.69
0 2 
1 25 26 17 154 155 160 163 175 186 174 189 98 177 183 61 66 202 171 168 182 172 47 49 54 153 159 162 149 143 250 282 303 192 270 214 313 232 233 269 296 299 193 123 121 146 208 108 245 234 118 212 110 220 119 130 133 125 5 16 18 19 15 21 22 20 28 45 31 32 316 38 158 156 127 117 120 141 147 187 188 176 60 161 135 209 142 138 136 42 84 97 85 78 73 91 81 100 198 94 190 210 105 48 40 104 29 11 10 24 27 12 2 6 7 103 23 30 317 55 50 51 76 99 90 93 96 92 79 101 102 86 80 70 206 181 165 291 272 286 300 309 310 302 205 308 283 284 277 281 255 261 273 318 219 213 157 173 266 265 247 253 257 222 211 116 107 4 258 263 262 251 314 246 252 279 290 274 312 203 194 267 152 167 179 311 200 285 306 199 196 87 62 58 52 63 71 68 82 67 83 56 59 64 53 57 43 145 129 124 113 240 229 217 216 109 114 126 150 280 276 223 237 230 218 231 239 228 224 226 215 315 278 170 243 131 132 151 69 89 95 75 74 72 46 41 36 33 37 44 77 207 195 191 259 166 264 249 297 144 225 227 236 235 244 238 289 295 164 169 287 294 307 180 292 293 271 275 305 298 260 140 241 242 248 288 304 268 221 111 112 106 137 65 197 201 88 204 148 34 35 39 184 178 185 301 254 256 134 128 139 122 115 13 14 9 8 3 : 1894.53
0 3 
1 7 6 11 22 15 23 28 49 47 40 50 317 78 85 184 301 289 296 294 306 309 193 66 210 159 177 167 252 142 147 156 152 141 255 263 291 318 271 248 223 245 226 218 221 213 216 109 119 135 129 131 234 215 227 236 280 285 279 200 307 295 287 300 270 315 303 288 311 144 139 238 237 214 229 220 228 256 244 235 243 314 261 290 284 297 247 219 224 110 267 249 275 308 312 310 298 272 264 269 299 283 146 38 39 108 124 132 16 25 19 26 3 2 8 13 116 222 313 253 145 35 34 14 113 118 143 137 136 134 115 120 126 127 208 123 117 212 149 209 174 197 187 92 68 58 51 43 46 56 59 67 72 91 86 75 70 164 150 183 95 196 101 69 80 76 63 168 154 153 180 171 60 201 100 207 173 181 74 81 172 176 182 169 160 254 276 305 273 292 192 161 191 94 206 90 64 71 84 96 82 57 55 53 52 83 62 44 48 45 316 54 37 27 31 30 29 32 33 36 162 61 189 165 233 257 282 281 293 274 246 258 265 170 179 286 278 155 163 158 250 166 185 99 65 175 277 304 203 190 198 199 205 195 194 87 88 89 98 93 102 79 77 97 186 204 178 202 105 73 188 151 148 157 138 133 128 125 242 241 225 239 259 260 140 130 211 217 230 251 231 240 262 268 266 302 122 121 232 114 106 107 112 111 4 5 18 17 9 24 12 20 42 41 104 103 21 10 : 1862.79
1 0 
1 6 7 11 10 15 29 8 17 134 137 132 117 108 119 114 214 219 222 231 223 244 283 273 275 250 269 196 190 205 270 318 291 300 303 279 285 284 305 282 274 170 281 288 266 251 228 313 217 212 109 213 110 127 4 5 208 113 242 314 229 226 235 256 276 271 268 263 260 259 265 294 287 293 280 175 194 179 186 185 286 298 297 262 225 221 126 157 159 163 156 155 9 3 20 103 19 24 27 37 53 38 130 249 245 215 140 14 115 106 107 111 112 120 234 239 247 237 254 267 272 292 301 192 306 200 164 158 141 142 144 65 182 206 95 98 90 74 67 93 189 183 184 166 165 290 304 310 289 299 302 312 202 91 85 68 69 88 311 195 87 201 204 198 176 86 97 197 181 278 99 57 52 44 105 54 51 72 81 79 77 45 48 73 42 41 13 34 138 135 133 136 116 122 145 58 43 47 56 66 89 101 80 70 36 209 154 172 257 295 296 308 309 174 168 151 160 258 264 277 171 315 255 252 224 232 243 220 118 125 131 143 241 230 246 253 248 152 207 169 60 188 187 76 63 62 75 71 96 102 82 83 78 84 64 317 316 31 21 12 23 61 39 35 149 148 147 240 238 261 129 211 216 233 218 227 236 139 307 199 193 203 167 162 178 177 94 191 173 210 180 100 92 59 55 49 40 50 46 104 161 124 128 121 123 146 150 153 18 25 26 16 28 33 32 30 22 2 : 1801.38
1 1 
1 7 6 10 11 40 49 50 68 77 71 78 85 83 84 102 93 70 197 196 203 204 194 201 94 100 186 174 279 294 306 192 199 193 169 183 176 177 171 281 282 139 141 134 126 208 14 147 39 25 18 27 15 145 160 146 158 163 165 255 247 233 234 243 229 228 248 251 253 273 262 315 280 274 166 259 144 212 236 219 215 218 214 227 125 4 5 44 57 54 55 47 51 59 52 42 209 157 220 113 117 107 106 111 121 123 150 118 138 128 132 124 152 210 148 254 232 238 235 246 256 263 268 211 108 116 120 112 154 60 61 190 191 292 272 299 242 250 252 318 245 244 213 313 222 226 230 257 297 275 270 304 311 312 296 295 302 288 271 305 276 267 266 264 290 303 162 205 308 289 291 298 310 307 207 64 72 69 65 41 33 36 19 24 155 149 153 161 135 34 81 188 187 175 198 195 170 300 309 285 185 142 140 231 265 261 260 225 240 314 115 17 26 16 9 8 13 122 151 159 182 189 178 74 43 46 58 80 79 105 56 316 31 30 32 104 90 67 89 76 48 45 317 82 101 97 91 92 96 98 173 164 38 53 63 99 86 73 62 88 66 172 167 137 129 216 109 119 143 287 293 133 127 136 130 221 217 131 110 114 239 241 237 249 223 224 258 286 283 269 284 206 75 87 95 202 184 181 180 200 301 278 277 179 168 156 35 37 28 23 20 103 21 29 22 12 3 2 : 1718.59
1 2 
1 6 7 29 17 126 125 132 119 212 217 222 221 213 220 109 211 216 110 122 121 118 114 229 313 250 258 315 179 181 191 302 293 289 287 170 166 165 269 200 174 176 60 149 16 27 11 10 18 25 107 111 9 130 124 117 135 128 123 152 39 65 183 80 61 63 95 186 131 35 46 43 41 34 23 28 21 20 316 51 32 48 68 50 45 40 103 3 127 136 146 209 157 137 133 142 147 42 37 36 47 190 92 85 78 96 101 90 81 62 54 58 317 30 31 33 26 12 24 112 150 210 161 155 160 168 192 205 193 129 120 14 153 154 145 38 140 262 247 270 284 291 304 305 285 249 318 263 261 255 240 248 235 214 224 256 246 238 215 223 282 309 298 277 292 290 299 199 312 306 296 278 267 251 275 276 274 295 300 308 280 279 265 264 272 273 271 294 288 303 198 169 208 148 138 66 203 204 206 202 188 91 72 64 69 87 196 194 173 307 184 187 177 167 162 163 260 252 259 243 234 231 219 226 227 236 245 253 314 237 233 139 281 180 178 156 151 141 283 244 297 218 232 242 115 116 4 8 19 15 56 201 195 88 70 73 57 59 67 71 83 84 79 52 76 105 53 164 159 172 158 197 99 102 100 301 310 171 228 239 225 230 241 134 13 5 108 106 113 254 144 143 266 268 257 311 175 286 185 182 189 94 207 74 75 98 97 77 86 89 82 93 49 55 44 104 22 2 : 1852.85
1 3 
1 47 105 64 89 71 81 206 190 94 76 85 102 91 74 84 83 72 45 48 50 59 56 58 187 183 169 303 281 245 223 228 222 216 211 110 217 231 237 139 253 252 236 215 249 314 242 251 143 258 276 318 283 278 269 264 235 225 109 121 130 128 208 125 129 234 224 227 247 263 261 284 298 277 157 152 160 164 154 184 176 171 302 204 195 197 173 179 194 311 205 312 200 207 87 80 67 78 82 77 63 54 52 42 37 17 18 25 27 19 24 26 28 23 20 12 16 14 116 151 158 162 166 294 273 271 270 304 297 163 210 189 181 177 150 192 287 196 255 199 168 209 142 122 220 246 238 243 248 244 305 310 260 262 213 114 113 315 266 259 268 218 241 124 123 119 254 257 214 267 250 202 99 98 90 57 61 73 86 92 317 32 316 10 103 30 31 104 40 49 55 69 93 88 201 188 191 175 29 33 21 22 15 11 6 7 132 112 111 131 34 148 149 120 146 39 38 178 174 193 292 296 301 307 203 185 41 36 8 9 107 108 106 5 145 161 167 159 35 4 140 212 138 137 126 13 118 226 230 313 229 135 133 136 115 141 147 153 79 43 62 95 66 65 182 198 180 295 279 290 306 285 275 282 288 170 272 291 286 172 70 100 97 96 68 101 75 44 46 51 53 60 144 233 221 219 239 232 240 256 265 280 274 289 293 300 165 308 299 309 186 156 155 127 134 117 3 2 : 1875.93
2 0 
1 59 102 71 70 177 170 148 296 248 259 308 315 234 310 121 127 27 271 200 105 38 290 43 238 269 130 302 280 131 137 241 245 110 49 293 292 316 278 117 24 60 52 276 136 132 109 115 178 281 126 33 283 191 190 147 287 288 225 257 210 97 303 224 128 217 294 231 165 163 251 254 270 171 179 75 69 72 51 28 19 237 150 212 8 300 189 249 235 268 262 139 229 261 80 204 94 230 250 197 199 95 186 266 23 68 263 273 284 181 223 3 213 53 26 277 313 264 174 158 221 54 114 67 62 183 100 301 215 282 157 152 252 206 99 57 40 21 15 104 36 161 304 175 194 93 56 242 44 311 125 198 133 61 176 81 244 227 239 34 253 168 226 306 123 219 236 90 88 159 89 247 18 58 77 192 260 122 166 193 156 155 196 84 42 55 267 187 113 91 167 22 124 295 12 30 20 31 48 92 164 184 201 205 309 299 140 232 119 220 211 185 82 83 73 203 207 154 142 279 305 208 172 162 216 111 5 25 87 272 120 63 29 10 6 7 169 275 86 160 144 258 291 76 50 16 106 65 96 285 11 265 255 314 318 209 107 240 35 66 103 32 41 85 317 64 98 74 188 151 108 228 153 173 289 17 146 214 312 298 112 141 180 243 256 182 222 46 195 101 202 2 135 286 145 45 39 297 129 143 274 246 4 37 78 79 233 118 149 13 218 138 307 14 116 134 47 9 : 4776.27
2 1 
1 7 50 82 75 197 295 247 180 221 229 138 41 53 219 252 185 95 161 58 288 298 242 39 281 303 65 264 47 40 110 73 297 315 142 20 121 59 176 189 244 22 49 285 37 100 66 62 150 74 93 42 265 255 16 76 92 129 231 208 116 12 240 123 218 220 203 166 305 190 182 133 228 177 46 117 158 122 266 258 243 19 24 98 186 68 102 172 105 249 210 304 113 34 84 6 152 140 201 234 162 15 217 232 79 71 96 187 124 179 97 67 199 191 149 48 165 153 292 194 168 216 271 64 112 200 206 226 239 3 259 214 248 27 198 309 283 101 90 55 277 261 212 253 192 286 294 299 204 260 296 181 148 109 126 174 29 87 57 293 290 313 301 118 69 88 106 263 307 77 26 183 81 251 159 188 136 233 30 56 89 131 33 238 280 278 269 23 8 35 28 86 132 18 107 54 207 25 11 51 119 291 306 43 114 147 134 127 83 224 144 146 94 155 175 139 282 130 45 205 256 284 215 17 103 163 85 128 13 91 38 267 311 173 137 227 209 145 60 310 80 312 125 70 151 262 272 245 257 157 164 32 178 184 104 235 236 268 276 170 171 120 78 156 196 237 274 222 14 141 154 160 36 115 143 302 270 52 10 61 287 279 273 246 213 230 289 169 275 318 135 223 314 21 202 195 111 5 316 2 241 254 300 317 9 108 4 167 250 225 63 72 99 44 308 193 211 31 : 5019.99
2 2 
1 11 313 133 277 29 59 221 290 223 271 139 300 60 184 94 291 256 177 118 165 186 283 240 212 234 183 163 210 152 251 61 315 49 101 85 30 21 316 306 147 68 252 40 5 90 237 162 194 77 93 195 309 106 37 36 156 105 32 130 16 35 7 213 57 172 43 76 137 88 305 84 166 242 236 245 218 132 272 134 214 261 308 63 228 284 241 27 110 270 192 53 208 160 34 224 155 310 119 287 51 23 109 233 289 226 47 44 127 269 179 136 293 311 144 4 151 129 120 22 50 143 6 203 8 207 19 28 56 78 217 232 126 9 205 239 318 176 188 42 95 69 164 216 33 12 45 262 148 80 138 46 116 74 204 248 64 168 117 54 55 317 72 107 150 279 187 140 294 108 146 225 142 193 82 39 275 199 312 253 303 122 220 222 244 276 268 246 83 198 97 182 25 73 181 265 298 229 14 250 260 219 115 282 274 295 171 209 18 10 48 71 267 38 175 31 197 17 26 89 159 135 296 180 169 314 235 288 206 67 157 124 202 98 158 113 100 121 111 167 3 230 211 215 92 99 257 112 174 66 75 20 149 86 103 79 13 266 191 102 52 141 273 258 247 264 263 285 297 227 231 307 304 131 145 238 301 62 125 286 128 15 41 189 173 278 58 178 302 161 185 96 201 70 255 280 170 254 190 65 196 299 104 81 87 281 200 292 153 91 2 259 249 243 154 24 123 114 : 5053.57
2 3 
1 30 29 104 32 79 174 176 189 205 290 262 272 236 213 211 229 34 107 146 128 112 124 157 150 297 158 296 312 65 172 42 37 25 57 85 233 247 265 258 113 119 86 284 108 106 24 16 101 240 95 301 248 306 300 133 117 44 54 47 43 46 58 207 177 182 74 90 197 293 268 238 260 59 217 131 286 289 276 170 89 285 105 31 72 69 153 159 215 271 126 11 193 171 303 278 60 14 109 145 52 87 195 169 116 78 61 246 110 114 237 280 135 165 257 142 147 115 19 292 179 88 299 5 4 234 122 26 180 178 160 223 294 132 163 12 50 190 97 275 310 264 212 137 36 41 40 51 33 99 67 186 94 232 251 263 267 244 235 138 35 242 140 129 204 313 120 136 141 221 226 155 209 191 194 98 75 283 102 91 259 162 188 152 288 253 309 203 282 281 134 100 261 249 201 200 302 227 318 164 39 49 20 103 48 53 64 230 38 62 56 317 143 139 8 231 245 214 279 243 18 22 10 6 7 222 202 252 239 255 166 118 111 219 73 80 70 270 17 307 156 123 130 167 184 83 9 225 287 256 241 175 144 68 27 13 266 295 187 206 93 82 71 84 77 273 127 2 3 208 220 198 298 304 311 218 125 121 148 291 168 173 149 250 274 269 305 199 224 63 92 81 316 55 45 66 314 192 315 151 254 183 210 15 21 23 28 161 181 96 196 277 185 308 228 216 76 154 : 4103.05
3 0 
1 107 111 113 131 139 233 273 279 309 271 210 153 79 52 70 196 183 34 40 182 134 176 25 209 265 259 65 30 42 68 136 27 178 290 268 95 41 36 287 277 207 74 318 254 211 189 303 157 225 91 232 184 81 281 252 270 57 63 71 269 122 12 227 38 20 104 278 62 43 82 192 274 237 181 5 75 77 306 165 175 205 229 92 159 135 264 243 110 212 147 305 171 193 296 201 53 37 48 312 161 242 145 7 6 177 112 204 255 300 28 117 262 187 294 239 158 257 142 106 261 246 89 60 146 151 126 47 316 4 45 150 73 56 297 302 94 191 10 15 123 51 97 284 185 46 141 83 144 251 154 86 50 26 208 299 199 44 49 55 98 198 69 32 33 13 230 119 164 66 160 124 39 311 203 103 310 16 283 217 222 194 226 219 314 14 76 206 125 301 155 19 67 3 295 115 317 256 108 169 140 216 241 179 80 72 130 234 240 213 258 195 267 148 23 286 197 228 162 58 248 64 90 88 24 280 307 304 223 61 168 109 121 190 101 18 275 87 85 93 78 35 129 133 163 231 54 315 260 102 100 266 96 29 156 99 138 149 31 215 285 180 249 291 298 200 173 214 218 238 120 245 313 59 84 170 282 253 224 186 308 118 17 116 272 276 220 8 244 128 247 172 152 166 188 292 250 167 9 22 127 288 263 11 132 289 114 143 221 21 202 105 236 174 235 137 293 2 : 5075.7
3 1 
1 36 52 81 170 197 299 259 199 260 233 251 246 215 218 273 228 245 285 204 79 45 30 28 67 98 143 175 82 169 60 87 230 318 231 208 287 309 211 160 54 56 194 280 181 163 43 151 17 61 139 118 47 4 232 243 296 289 240 238 248 144 168 249 300 307 254 10 203 95 206 9 109 237 297 131 179 293 14 107 235 244 94 272 257 19 78 207 65 29 261 295 141 212 250 227 311 247 217 140 125 223 266 154 24 221 128 317 172 214 119 99 91 115 178 188 83 58 196 51 57 198 316 288 180 148 286 59 149 292 258 202 213 224 290 18 8 219 145 195 72 111 185 103 147 152 101 120 159 216 11 176 129 35 126 174 173 276 134 277 298 5 117 102 46 63 177 27 162 155 146 97 39 80 64 44 89 26 2 6 201 157 49 164 74 55 137 77 20 267 315 242 275 291 104 124 314 190 187 183 189 200 85 306 192 75 222 184 113 234 7 25 21 269 283 308 31 12 182 93 96 70 90 270 262 62 73 268 225 22 121 294 304 105 86 116 191 236 226 302 132 220 171 40 156 263 255 15 161 53 274 167 42 16 13 256 135 253 3 153 68 278 112 282 312 150 210 127 310 136 37 92 133 271 281 205 130 100 88 303 301 252 264 186 229 71 193 69 32 41 284 38 138 265 305 165 166 66 34 50 114 110 239 313 84 76 122 33 48 209 158 142 279 241 123 106 108 23 : 4906.52
3 2 
1 35 302 312 297 294 304 174 181 268 230 126 112 142 288 166 120 209 96 68 71 80 78 56 81 14 132 211 231 226 147 95 100 61 24 20 15 10 11 150 220 178 210 194 303 108 111 286 281 241 12 306 83 51 289 91 57 228 215 260 22 182 239 188 148 30 19 163 146 314 17 5 136 32 105 238 258 200 272 227 276 199 192 154 153 84 9 298 113 50 256 266 137 219 33 290 296 130 264 280 138 60 28 205 94 131 248 292 212 160 89 25 121 291 92 197 31 141 236 82 253 246 311 242 307 310 221 139 247 214 175 206 201 69 39 134 52 21 8 162 249 218 179 41 70 177 99 73 49 43 184 252 245 118 198 271 274 88 16 38 224 180 186 234 190 193 301 223 316 237 79 62 55 165 257 189 196 279 42 140 64 284 293 243 63 125 244 67 34 167 207 295 151 202 123 240 270 217 143 119 229 232 152 187 156 171 72 176 183 44 317 7 6 133 115 114 110 93 161 149 116 318 170 309 135 23 76 278 26 250 109 158 87 77 254 104 315 222 168 124 283 65 157 122 102 90 54 155 106 117 47 144 282 275 145 18 159 164 173 305 127 101 233 262 204 4 13 97 185 277 128 75 213 58 287 27 261 251 273 48 59 259 263 53 172 269 29 265 129 66 203 285 208 235 36 85 98 169 300 225 299 103 3 308 191 74 40 86 313 107 216 267 255 46 37 195 45 2 : 5029.25
3 3 
1 136 225 143 262 112 273 242 256 228 237 275 258 261 141 152 96 46 52 83 210 314 65 271 293 283 147 168 81 206 300 169 100 185 63 64 62 69 93 73 311 154 145 245 217 252 60 120 148 108 106 4 20 36 38 91 110 59 233 312 39 126 138 229 162 129 5 97 26 102 87 266 76 21 22 55 188 175 43 72 99 172 264 146 155 35 192 165 257 238 239 118 263 180 49 103 19 25 304 298 184 171 144 281 223 159 137 235 253 133 218 8 216 3 24 104 164 241 194 177 189 94 98 176 207 306 224 268 260 186 85 79 90 23 68 29 109 250 248 127 209 203 284 199 95 92 101 71 57 58 315 254 211 222 231 139 193 302 54 178 277 278 183 305 105 61 187 160 113 134 296 308 115 119 274 280 307 285 251 279 150 50 37 179 190 294 82 77 30 33 18 195 17 32 67 70 286 10 2 6 12 16 42 74 53 45 84 80 66 313 196 301 289 299 282 269 276 246 140 151 221 130 200 205 166 122 41 47 51 31 34 135 292 220 232 288 174 170 157 270 249 244 243 234 213 230 161 153 89 40 240 86 75 291 309 14 267 123 316 227 310 124 9 156 182 202 318 215 272 212 214 297 219 198 116 107 125 131 295 167 11 7 15 88 201 28 317 56 48 208 128 255 117 142 114 111 226 27 44 247 191 121 287 236 163 265 158 132 13 149 290 303 173 78 197 204 181 259 : 4079.24
4 0 
1 12 16 14 13 112 111 5 208 141 124 226 215 312 279 290 288 266 274 204 189 89 82 179 157 282 287 307 203 80 96 296 306 277 197 164 154 45 33 104 48 56 72 51 121 117 115 116 137 139 143 255 158 140 133 106 216 212 214 261 264 233 232 238 222 110 108 120 128 136 148 165 281 193 302 265 280 163 209 34 135 126 127 134 153 169 181 94 180 177 184 207 200 149 38 39 25 47 43 37 24 26 18 17 150 162 168 155 60 210 70 76 75 206 100 92 85 55 105 68 67 79 73 63 46 53 49 40 41 42 44 28 23 20 32 316 29 15 11 10 6 7 54 101 91 84 86 78 95 87 188 66 77 74 190 191 64 317 21 103 3 8 9 36 4 113 114 249 248 318 268 254 262 271 305 292 192 295 272 256 270 275 285 273 284 291 286 289 303 171 293 247 159 176 61 175 194 195 166 257 244 119 221 211 109 220 219 243 240 234 225 235 237 231 224 223 213 218 239 242 131 138 125 107 132 145 156 118 142 130 123 259 185 167 146 122 129 278 253 314 251 298 276 252 315 151 35 52 27 19 57 58 81 83 97 98 90 187 174 178 263 267 250 313 229 144 258 283 299 308 294 186 311 199 301 309 304 310 300 205 246 297 245 230 217 227 241 228 236 260 269 170 147 152 161 160 201 198 182 183 172 173 65 88 196 202 102 93 99 71 62 69 59 50 31 30 22 2 : 1893.54
4 1 
1 24 19 16 18 26 25 9 5 4 111 123 117 125 120 14 126 13 142 261 267 220 259 235 221 224 273 252 225 223 212 109 143 119 114 137 129 208 115 112 107 116 127 35 139 140 254 315 277 152 153 124 209 154 174 181 177 169 186 166 265 272 314 147 39 160 155 148 274 248 245 244 271 249 262 290 298 318 233 229 106 108 118 231 232 246 247 214 215 219 238 241 239 216 121 130 113 110 211 132 134 138 135 133 17 27 30 22 23 103 15 28 36 33 49 47 43 79 53 316 317 52 55 69 163 167 146 150 41 64 72 75 77 82 96 173 178 210 145 307 312 183 176 38 37 8 3 12 20 32 31 81 76 59 71 78 91 206 202 196 95 88 172 179 199 205 197 89 54 58 57 66 60 61 159 94 180 149 260 266 253 256 255 243 230 213 234 227 237 236 228 313 251 280 291 279 263 240 301 299 300 286 303 193 87 187 190 70 92 93 102 97 98 83 85 90 101 207 198 99 67 65 182 175 278 170 311 309 283 287 276 204 194 200 144 258 264 270 275 296 297 305 304 308 285 282 310 306 168 151 162 161 203 195 288 281 268 289 292 302 192 294 141 128 226 222 218 217 250 171 295 284 269 293 157 156 158 185 165 257 242 122 131 136 34 104 40 56 68 48 105 45 50 80 73 84 42 100 164 191 188 201 86 63 46 44 184 189 74 62 51 29 21 11 10 7 6 2 : 1816.11
4 2 
1 7 6 20 30 29 11 3 9 4 14 17 108 113 220 211 109 152 138 131 123 130 119 215 223 244 257 254 253 175 194 85 67 82 93 101 99 71 84 69 66 74 70 78 51 41 37 46 98 200 306 167 168 163 158 156 210 161 150 180 65 86 97 90 87 73 62 104 28 22 21 103 10 24 36 57 105 68 79 202 94 201 204 203 295 263 262 290 291 289 287 272 261 144 225 118 216 230 238 231 228 236 235 243 222 213 219 242 227 246 140 214 245 249 277 285 278 283 281 296 187 188 182 177 185 164 255 258 315 269 256 226 124 133 128 117 129 137 115 114 126 136 120 134 135 221 237 122 191 176 173 89 76 80 63 61 60 197 207 195 142 162 198 205 288 282 318 212 248 307 171 189 192 179 174 172 77 72 96 50 55 45 48 49 40 47 44 39 149 155 153 178 184 186 190 183 279 165 166 160 181 100 95 196 88 311 299 304 297 309 294 292 193 265 274 300 308 280 284 275 273 271 260 267 268 252 264 293 286 298 199 312 302 310 301 259 250 234 247 241 143 217 313 240 239 229 38 35 34 13 19 33 32 12 16 8 26 25 2 15 23 18 27 127 145 151 159 146 141 154 125 208 116 5 112 121 110 139 132 209 169 58 53 52 43 59 31 316 54 42 64 317 56 83 92 102 91 81 75 206 170 303 276 305 218 251 232 314 233 224 270 266 157 148 147 111 106 107 : 1792.06
4 3 
1 32 31 44 42 46 41 58 61 72 67 96 92 53 47 54 55 45 48 52 91 90 195 141 143 259 281 162 130 139 140 208 108 123 122 149 60 169 175 138 127 4 14 13 107 113 217 166 278 279 294 296 287 165 170 286 290 267 100 51 49 50 68 71 70 40 104 33 8 155 148 221 313 237 235 214 224 231 232 239 243 246 260 241 238 314 255 244 219 252 234 256 292 273 274 291 299 308 283 288 289 285 310 305 309 311 192 198 203 194 193 196 210 173 164 131 135 111 128 124 132 133 125 126 117 116 34 35 137 211 212 216 222 110 136 129 220 213 109 240 242 257 254 250 147 298 269 171 268 302 205 94 207 197 190 183 184 185 161 152 159 282 300 199 307 312 306 146 145 38 150 156 157 142 167 295 315 276 318 247 248 280 304 297 271 275 266 253 236 261 265 118 119 225 227 226 249 258 251 233 114 5 144 262 270 223 215 245 229 230 218 209 66 65 172 168 151 182 188 153 174 177 43 30 23 17 18 9 16 121 134 36 106 115 112 120 158 160 189 204 181 178 277 301 303 200 293 284 272 264 263 228 163 180 187 89 101 97 84 82 78 77 316 317 59 56 63 64 93 102 75 80 76 69 74 57 105 79 86 98 87 88 179 186 191 99 202 176 201 95 206 81 83 85 73 39 62 154 12 26 25 37 19 24 3 27 28 21 15 10 29 20 103 7 2 6 22 11 : 1775.86
5 0 
1 54 78 58 158 299 314 247 243 227 252 193 289 26 19 24 184 169 112 122 125 293 224 100 79 310 141 185 197 23 294 35 162 80 46 183 203 309 171 238 313 273 108 259 71 311 139 235 18 164 95 62 218 102 304 307 14 137 8 50 61 182 151 145 32 261 257 20 98 45 262 222 146 120 135 148 256 230 118 194 278 187 188 168 186 315 154 11 15 228 97 6 7 31 117 4 111 3 9 138 67 212 249 99 163 219 180 87 190 270 254 260 73 317 68 170 204 298 281 250 92 263 17 65 178 82 174 106 16 84 300 208 119 308 223 36 236 66 207 255 287 143 113 246 265 291 220 225 239 155 159 253 5 242 306 63 83 175 284 25 44 136 142 271 195 124 166 134 22 21 240 301 59 115 211 226 107 10 133 286 292 34 302 217 275 297 47 41 55 167 189 288 245 128 126 279 209 165 285 140 29 40 109 160 277 272 201 72 205 121 290 144 38 30 150 123 27 127 96 49 258 156 70 37 232 196 103 91 181 81 93 85 86 152 161 173 200 244 213 248 266 147 129 233 268 276 264 318 241 42 172 177 202 39 132 51 131 114 110 130 251 105 28 94 53 33 12 2 157 234 116 13 198 75 303 269 76 74 48 43 56 52 60 176 305 296 283 221 216 214 237 282 69 77 267 280 88 231 153 89 316 90 312 199 192 295 210 149 274 191 57 101 206 229 179 215 64 104 : 4722.28
5 1 
1 146 318 314 114 112 115 129 130 231 279 219 215 228 258 305 186 168 157 153 190 201 94 41 61 105 79 211 82 268 266 315 83 74 177 283 297 204 179 60 110 106 271 187 66 103 15 57 139 313 59 160 64 241 163 21 195 293 250 46 173 188 27 18 245 191 221 156 247 55 217 237 264 239 311 4 244 287 98 202 86 312 310 180 181 199 308 298 142 73 183 172 42 198 182 75 291 316 227 238 133 175 159 141 38 178 14 39 276 235 151 97 19 203 148 84 254 243 304 263 265 255 273 23 3 6 51 9 5 275 257 207 294 113 102 70 162 89 125 260 20 152 189 93 174 230 116 296 223 234 131 285 145 209 101 262 166 220 233 274 303 284 81 32 278 77 58 261 213 16 248 158 246 193 200 72 28 50 253 107 267 249 226 292 171 196 300 49 229 127 44 136 34 214 100 95 210 277 236 25 137 155 138 208 31 301 124 252 164 176 69 99 71 184 306 87 30 91 295 192 13 144 270 317 109 33 282 165 126 90 286 10 111 309 281 256 63 37 128 232 56 197 36 307 280 52 259 218 299 140 12 122 154 272 251 43 117 169 68 65 47 76 149 194 80 96 92 167 135 185 134 120 216 224 240 212 132 289 40 7 123 48 225 242 143 108 22 78 119 290 85 54 147 45 24 11 17 8 2 121 35 170 288 26 269 88 205 302 222 118 161 62 150 29 206 67 104 53 : 4979.32
5 2 
1 288 228 129 93 42 216 185 300 101 92 142 40 57 131 146 37 204 141 243 296 273 252 96 281 109 231 256 166 294 245 248 310 251 90 292 161 59 36 301 123 261 190 208 264 171 211 167 187 17 52 285 78 225 232 249 183 65 112 100 97 194 117 72 11 21 154 135 175 242 297 158 202 180 148 150 258 234 94 51 159 178 120 14 102 152 111 18 108 212 118 226 229 227 7 19 139 39 54 162 291 246 244 276 213 240 238 60 235 83 31 104 48 75 149 278 165 219 221 126 314 106 280 265 121 153 24 136 164 12 115 293 193 168 267 82 311 306 207 272 200 198 130 257 173 71 50 237 119 184 74 113 38 30 218 214 20 206 56 182 181 295 188 9 44 307 241 64 201 99 262 26 169 67 91 116 80 85 53 210 286 274 271 114 8 22 140 86 15 316 58 89 98 170 275 186 303 290 222 255 254 259 282 4 5 289 220 2 266 195 283 49 317 125 191 35 124 43 34 76 95 269 260 203 27 68 304 230 143 196 172 308 250 315 16 132 33 32 160 217 209 309 128 236 284 287 84 263 156 105 318 279 144 6 151 147 122 28 61 69 13 247 268 239 205 45 134 73 81 197 313 55 179 77 70 110 224 107 145 87 62 253 189 174 66 302 177 47 157 176 25 63 155 29 10 127 298 312 133 138 23 79 137 270 277 223 305 215 41 3 163 299 46 199 88 103 192 233 : 5061.53
5 3 
1 185 286 238 310 314 214 305 221 142 235 215 223 253 256 250 291 299 61 218 207 210 208 112 5 116 125 241 170 231 282 191 240 178 159 261 233 248 140 122 43 308 284 168 244 229 143 144 146 225 252 254 66 197 79 147 228 266 267 26 136 167 243 141 106 258 269 285 268 304 186 4 72 104 37 198 69 94 206 121 289 311 176 281 277 30 29 22 21 103 36 7 6 12 50 78 257 130 205 195 57 40 31 242 264 283 80 47 76 96 117 196 110 107 100 183 109 230 129 3 133 272 262 217 164 194 182 293 190 98 99 68 11 10 296 177 160 162 315 81 102 90 202 75 63 114 220 137 9 8 35 128 138 131 278 95 86 67 91 300 274 192 74 25 158 113 14 171 108 115 187 48 64 87 312 169 204 302 237 236 222 246 219 239 154 200 139 260 295 166 193 188 152 174 199 318 292 209 212 297 226 213 224 294 163 124 58 52 70 101 172 77 83 71 56 55 85 265 290 280 39 44 93 97 82 203 180 245 307 157 134 34 84 251 234 301 201 88 118 276 313 216 189 123 132 19 27 153 119 156 89 111 309 275 247 145 28 24 15 23 45 59 184 181 54 92 288 306 303 287 263 249 38 17 232 259 255 271 298 279 273 179 317 155 127 150 227 211 16 49 33 32 20 316 51 53 42 148 165 41 46 105 60 65 151 149 270 173 175 62 73 135 120 126 161 13 18 2 : 3788.84
