0 0 
1 59 147 212 70 52 248 204 286 300 140 285 256 318 36 85 250 195 304 42 116 76 309 103 28 77 189 9 110 190 22 284 314 159 58 68 164 208 126 281 234 62 137 221 305 101 180 227 196 176 136 184 202 313 245 267 211 114 18 2 206 259 118 109 158 290 272 162 146 225 99 40 222 38 71 203 243 312 156 127 230 123 226 229 236 269 155 181 205 84 279 296 138 74 257 192 21 143 273 270 308 209 106 100 298 228 90 260 265 148 306 194 163 231 303 295 60 13 280 191 241 247 113 214 311 50 66 69 30 48 170 24 46 210 174 98 161 92 173 171 278 61 73 57 142 88 167 169 134 112 39 37 64 154 232 213 254 23 240 274 307 233 310 49 282 45 20 89 139 242 27 185 33 293 301 87 95 188 200 261 122 141 288 102 317 3 55 197 160 104 207 14 17 275 258 29 83 105 81 216 283 67 235 218 15 8 35 86 107 179 132 302 115 82 32 266 117 183 294 63 316 7 177 12 153 187 129 10 65 93 252 131 253 79 291 251 125 152 121 239 219 217 108 201 80 96 53 56 175 31 168 151 244 198 193 94 224 289 144 26 124 249 199 157 25 41 263 255 133 182 299 271 238 262 11 215 172 246 237 51 91 268 223 287 276 43 120 44 315 297 166 16 6 165 292 111 150 264 72 119 135 186 130 149 5 178 277 75 97 78 220 54 19 128 47 145 4 34 : 5343.15
0 1 
1 72 8 5 271 144 264 224 147 94 232 54 281 260 112 280 294 203 182 89 46 77 96 209 22 292 180 225 30 57 170 199 181 178 65 80 216 114 249 67 176 75 105 174 172 108 153 268 111 133 10 15 4 237 227 28 130 113 196 171 177 286 234 173 90 103 246 31 3 128 244 159 14 7 51 208 127 262 308 214 146 282 74 53 78 291 299 148 267 71 27 305 309 318 236 23 192 277 287 12 210 139 316 97 70 307 142 263 157 317 285 2 50 206 48 59 93 81 272 222 155 9 243 99 193 200 296 251 218 293 33 150 202 121 261 119 115 104 52 37 141 215 66 265 314 32 279 254 312 179 188 145 245 129 84 248 297 17 138 240 169 255 273 102 266 125 63 60 303 44 73 76 269 56 167 98 274 18 117 58 295 257 160 87 39 221 304 276 256 195 82 20 275 298 41 43 25 204 107 278 140 241 21 34 284 149 19 207 120 250 79 310 247 92 143 220 230 137 189 201 187 131 253 152 239 288 183 194 302 283 231 110 35 106 313 212 197 126 6 85 163 290 134 259 165 16 190 161 69 45 116 11 40 47 49 100 118 158 68 198 301 289 306 229 252 184 61 135 242 235 166 86 168 162 233 124 185 109 217 311 186 191 211 122 223 38 55 300 62 164 36 132 219 258 154 123 226 270 205 91 24 136 228 156 213 26 42 29 13 95 83 88 175 64 315 151 238 101 : 5210.29
0 2 
1 294 285 162 169 143 122 78 29 30 128 99 15 10 309 308 304 180 116 112 256 139 168 292 119 233 160 135 16 165 300 287 212 273 241 262 27 242 313 31 88 50 306 48 206 189 209 42 132 163 53 246 47 93 170 70 117 174 155 43 296 131 239 109 148 305 52 71 167 9 225 184 222 288 244 41 75 77 194 176 134 240 69 5 121 286 282 90 252 137 140 91 39 106 207 263 25 275 271 124 268 303 107 199 314 158 211 247 310 33 317 84 281 89 215 232 230 302 289 228 44 76 104 248 177 40 297 283 298 182 12 175 144 68 8 152 201 154 87 202 96 98 237 181 255 267 229 266 159 226 231 280 17 192 157 79 191 72 161 120 243 216 200 269 245 234 223 220 145 22 34 125 258 311 213 146 299 138 113 46 164 38 279 277 56 65 51 32 11 85 210 264 197 6 74 208 261 60 147 249 3 19 179 278 101 62 105 156 37 100 312 20 205 219 307 315 218 290 95 186 136 265 183 171 24 236 193 63 35 82 295 276 238 36 272 318 73 198 172 235 111 123 64 21 49 108 185 316 55 102 195 293 188 115 151 129 57 81 291 54 66 153 67 86 126 83 217 59 203 13 133 28 45 178 187 14 190 173 18 103 260 284 250 270 142 80 94 118 166 274 257 61 301 224 196 97 227 254 214 149 26 130 7 2 221 141 127 204 92 58 150 259 253 4 23 114 251 110 : 5334.87
0 3 
1 33 69 244 210 149 12 313 288 230 134 113 236 186 240 170 75 308 97 128 297 143 287 219 48 79 196 159 43 316 184 104 231 22 228 255 39 309 45 220 122 55 105 114 77 103 85 283 237 28 108 225 187 87 56 25 144 126 130 258 8 40 156 46 125 93 57 226 86 154 42 206 269 218 66 212 53 153 81 51 207 84 211 221 252 235 74 3 50 88 155 166 148 127 23 129 121 135 140 307 197 243 163 265 109 205 158 278 257 310 180 47 26 13 248 110 318 15 162 11 21 234 276 157 136 191 142 239 281 164 36 282 193 139 256 229 289 260 294 137 151 120 213 224 90 306 160 314 247 271 203 312 284 167 185 295 123 67 172 189 35 65 204 178 70 61 173 188 238 246 68 100 233 18 80 71 201 83 270 174 250 168 194 242 20 290 274 9 141 161 285 273 304 96 91 101 305 263 195 131 98 315 94 202 24 251 165 138 17 6 264 92 298 27 177 216 44 60 102 95 176 152 146 111 215 107 54 59 133 106 241 267 37 182 311 301 280 268 64 89 302 199 147 52 296 183 63 82 78 299 117 34 7 232 132 275 41 38 118 30 29 217 286 58 198 169 222 76 259 214 72 73 293 317 19 119 292 171 150 5 254 253 303 209 277 181 245 300 62 32 192 112 266 115 249 200 262 227 2 279 272 190 175 291 223 179 4 208 16 49 261 99 145 10 124 116 14 31 : 5300.95
1 0 
1 65 227 180 241 220 263 300 132 17 315 299 153 106 66 149 178 140 98 146 5 8 309 171 128 154 161 205 115 9 160 142 62 82 75 51 32 73 64 90 43 45 190 13 49 175 308 116 168 111 7 136 37 129 269 131 58 52 47 219 173 313 93 138 185 266 305 39 6 102 183 310 222 145 159 23 56 105 139 119 213 22 81 304 311 259 245 203 88 135 240 27 50 214 239 293 306 121 189 40 192 112 18 186 79 317 11 95 94 80 271 210 223 285 86 196 289 247 109 157 176 26 134 282 188 181 141 101 277 281 209 208 231 212 312 292 314 215 224 211 156 44 123 265 78 166 302 34 244 122 286 124 179 283 260 76 104 229 243 103 113 182 303 165 99 164 158 148 162 172 38 217 61 280 174 33 163 2 301 200 279 20 237 233 246 221 120 127 67 143 92 207 48 275 264 270 29 84 249 294 187 19 87 298 267 89 69 42 71 290 230 297 287 151 206 25 147 276 97 41 291 204 254 216 152 144 226 74 288 193 228 117 307 54 57 316 202 72 21 225 53 16 15 257 30 261 137 234 273 218 108 60 295 274 256 232 242 170 28 46 125 177 63 83 258 126 272 195 85 133 197 191 68 155 4 100 235 3 130 236 14 118 107 55 59 278 167 91 12 268 238 184 198 110 150 10 35 24 201 96 77 250 252 251 194 262 284 255 248 70 169 253 36 114 31 199 318 296 : 5305.78
1 1 
1 217 251 253 257 185 180 299 272 129 101 117 97 49 283 134 145 172 206 160 21 54 46 271 135 31 60 19 106 98 50 33 14 112 216 230 284 195 47 32 11 317 99 104 40 76 87 85 39 229 55 199 133 303 227 156 181 159 83 188 198 252 123 127 255 256 81 192 152 128 212 51 41 82 151 35 285 161 44 73 291 194 114 103 173 196 165 218 68 86 311 301 77 34 197 286 241 2 154 277 296 259 171 300 130 266 207 42 141 147 157 228 224 288 243 138 108 167 242 59 247 264 18 126 182 215 258 265 262 90 69 95 280 225 263 220 7 105 3 5 22 38 107 176 294 71 96 187 244 278 144 66 178 24 164 143 304 115 309 276 222 246 292 155 260 205 183 4 308 37 318 295 174 163 316 53 125 109 45 137 208 221 233 120 307 236 219 25 30 239 116 193 234 89 306 92 111 279 177 121 8 43 36 281 75 100 282 15 290 88 28 6 202 48 12 52 65 78 158 289 10 275 254 142 57 175 231 310 113 102 118 149 58 132 302 200 268 13 189 136 248 150 312 94 80 91 93 190 305 17 27 79 315 250 314 287 270 237 119 226 204 235 213 29 184 240 110 249 170 267 64 146 211 297 9 245 61 298 274 84 63 140 122 72 26 74 139 223 56 62 293 162 23 191 214 148 209 124 166 232 131 313 269 201 70 203 169 16 261 67 210 153 273 20 238 168 186 179 : 5285.21
1 2 
1 56 50 103 104 174 67 70 217 226 248 151 71 91 278 130 317 169 52 164 268 19 125 6 299 16 22 3 291 124 40 34 147 140 222 30 78 116 221 305 25 307 179 252 42 37 7 250 289 54 251 318 191 297 12 306 90 135 263 111 107 155 41 14 311 100 49 57 108 249 117 293 267 195 29 288 262 295 280 223 237 105 183 115 87 286 264 204 138 84 97 284 205 192 188 253 309 114 48 313 212 123 4 216 53 154 163 156 146 282 82 276 73 83 23 120 231 131 18 211 208 10 254 225 230 72 153 181 277 197 89 63 259 109 241 256 232 27 88 152 242 310 302 17 165 207 233 283 80 172 35 193 26 301 244 245 218 227 60 39 86 150 168 260 173 136 118 55 175 194 61 59 74 101 102 300 228 239 24 28 62 2 315 314 66 258 144 271 110 187 20 171 158 215 64 285 270 167 243 92 298 261 213 247 312 112 133 81 274 294 238 272 308 275 199 170 177 8 273 137 292 186 44 96 157 127 229 203 269 279 201 122 79 176 94 143 129 132 36 21 43 31 121 32 148 9 119 95 93 98 141 162 160 85 304 180 149 99 184 214 219 15 45 65 106 139 209 145 234 240 265 255 210 266 134 287 185 189 5 196 220 206 38 58 33 13 303 68 159 200 290 166 128 316 142 236 257 126 77 75 51 69 281 296 246 161 76 190 198 182 224 202 178 47 235 113 11 46 : 5183.71
1 3 
1 34 285 7 187 312 191 100 143 134 118 318 229 214 210 27 80 35 237 132 4 97 95 287 271 60 91 21 9 127 161 262 171 221 149 216 72 78 49 279 96 313 232 289 99 98 189 94 135 33 228 277 255 105 101 65 179 117 211 202 315 139 152 22 62 231 106 212 107 290 151 259 204 234 269 144 5 307 88 252 215 261 258 317 175 76 193 129 113 186 273 29 176 85 83 239 209 195 142 30 184 249 224 308 299 284 286 254 230 288 251 283 196 220 278 298 3 257 136 304 275 109 121 146 2 12 123 64 50 124 177 268 170 165 225 276 37 110 240 39 256 292 182 205 266 87 190 183 309 293 233 38 131 302 263 291 25 243 270 188 159 82 54 45 10 145 14 137 156 115 245 128 180 23 71 167 154 260 172 310 122 53 61 314 163 241 67 181 31 41 18 206 223 226 301 300 218 48 58 102 56 70 199 160 272 197 150 120 69 238 306 28 244 198 311 47 155 74 51 90 264 79 89 16 203 108 6 140 46 86 194 66 63 148 219 147 213 295 281 81 68 265 192 130 153 59 92 8 157 250 32 17 200 126 15 141 247 73 282 119 248 267 235 296 305 164 274 55 178 26 24 133 20 208 316 158 44 280 227 236 207 112 116 103 104 294 11 84 222 185 13 138 303 36 169 93 42 125 174 201 52 246 43 168 162 297 166 57 40 173 19 75 253 114 242 77 217 111 : 5336.39
2 0 
1 10 203 13 211 273 153 284 287 7 58 177 125 151 109 231 315 70 133 122 245 233 71 159 91 87 191 140 89 136 257 105 206 138 108 64 46 20 134 264 279 237 76 72 272 288 66 84 228 131 219 254 240 212 16 18 83 283 175 182 102 169 304 124 232 29 51 204 166 187 306 144 249 224 186 314 2 307 282 189 313 275 262 95 77 120 114 5 178 92 192 294 59 227 296 251 242 96 127 274 200 128 123 176 168 164 50 234 312 157 155 260 220 311 310 261 165 207 143 290 309 298 41 199 230 15 73 137 246 68 278 236 181 253 255 101 75 9 270 226 303 285 69 27 129 269 222 147 49 291 205 88 247 198 174 132 193 139 277 162 48 78 148 152 80 94 302 265 202 267 301 93 111 117 36 158 38 14 42 218 86 55 196 37 65 195 63 252 110 216 208 52 180 149 45 43 116 79 235 286 81 173 308 100 201 103 25 179 67 126 214 146 241 259 47 184 185 292 135 160 97 23 209 35 215 44 98 316 250 170 11 280 305 297 183 54 57 188 256 163 26 33 19 276 238 190 194 289 258 12 22 6 40 34 107 56 154 82 213 141 60 317 221 271 130 112 74 243 266 39 118 210 106 217 32 3 318 293 17 150 300 121 197 156 104 90 21 4 115 142 99 8 30 113 239 119 24 85 171 225 295 263 268 248 229 299 61 281 161 172 223 28 31 53 167 145 244 62 : 5260.2
2 1 
1 50 188 169 265 280 300 12 242 222 13 198 165 212 111 175 266 36 42 153 29 262 312 293 284 303 132 310 277 250 258 314 158 59 163 65 133 80 88 238 30 301 44 48 68 161 51 286 275 99 226 223 108 292 239 224 204 171 57 196 67 25 115 123 49 120 56 55 137 124 83 259 39 207 71 62 131 220 194 305 24 299 61 179 217 197 94 125 31 16 192 110 84 288 210 152 283 289 43 261 316 102 63 274 182 186 116 313 76 58 167 126 260 146 85 315 304 15 256 47 97 156 298 159 281 241 91 64 103 2 22 236 233 18 215 181 302 276 114 174 60 82 128 122 318 113 100 308 3 74 187 41 221 14 107 17 246 151 150 37 66 33 268 109 270 23 145 287 52 291 170 89 35 93 206 290 27 164 148 7 264 201 273 160 257 234 168 78 19 11 105 75 90 180 173 149 70 54 117 72 104 96 317 101 177 53 311 73 205 119 34 21 253 252 166 282 154 189 81 77 141 5 4 129 121 267 211 247 214 45 157 176 38 26 142 95 231 216 232 278 200 272 263 243 230 139 162 135 155 185 127 8 184 32 98 20 138 244 297 271 9 251 235 130 191 219 40 46 254 140 228 269 178 193 307 136 229 10 69 183 190 6 112 295 144 92 309 279 208 143 249 172 294 28 240 227 134 296 147 209 248 255 218 87 199 79 225 106 213 306 86 195 203 245 237 118 285 202 : 5285.74
2 2 
1 261 67 204 196 150 30 210 189 307 23 254 236 182 183 86 28 214 133 292 216 276 138 74 164 300 218 124 43 113 93 197 129 141 156 81 172 176 96 162 209 77 18 205 243 3 144 161 158 200 257 310 80 72 211 226 227 203 19 171 102 92 119 262 66 309 121 175 90 6 313 117 225 215 73 194 285 295 315 179 99 123 143 296 46 79 252 240 219 7 106 278 191 279 132 9 207 305 199 289 159 111 312 280 290 314 8 95 104 125 293 120 256 246 248 131 188 44 303 55 58 116 245 273 286 51 202 206 20 12 213 108 297 145 36 87 76 40 29 137 185 91 54 166 41 14 128 39 253 274 15 302 174 160 69 147 21 180 221 299 228 201 60 249 5 109 238 4 265 247 288 298 224 244 22 70 208 134 267 100 71 78 16 110 233 271 277 318 35 153 217 192 85 118 222 317 97 64 178 269 232 130 281 220 163 272 50 98 168 126 112 308 169 82 264 42 38 255 294 241 68 149 83 59 165 157 101 270 223 304 235 186 114 122 53 187 230 17 107 31 27 56 62 49 2 167 306 195 52 263 311 170 142 105 152 184 148 251 34 316 84 65 140 212 173 190 198 57 48 11 103 146 115 266 259 231 258 13 250 275 37 33 193 287 283 139 239 234 229 301 155 136 47 94 89 75 32 135 237 151 88 284 282 10 61 24 260 25 45 177 181 242 63 127 291 154 268 26 : 5193.49
2 3 
1 70 16 62 43 136 24 153 257 116 134 244 245 256 178 121 125 87 312 195 204 46 276 207 74 128 140 182 95 35 252 258 47 305 266 90 211 20 61 76 148 233 141 259 4 237 58 126 138 8 278 64 139 293 65 242 130 38 200 41 112 188 119 185 159 12 135 226 209 15 77 56 32 192 318 198 193 102 39 170 277 10 127 264 311 190 100 273 221 91 9 271 270 78 63 81 69 235 246 236 238 162 115 248 315 213 261 309 220 250 156 310 216 243 174 205 288 316 124 234 222 14 168 223 109 295 290 263 72 96 55 275 155 99 53 214 118 88 284 175 84 298 300 40 29 114 253 267 13 104 158 34 133 169 187 251 18 79 197 306 301 101 73 181 86 94 149 274 23 89 217 71 7 160 304 299 249 67 51 154 268 262 281 232 241 225 239 3 129 21 19 191 80 150 230 179 166 17 269 228 142 30 57 93 152 92 161 172 25 27 42 145 307 285 28 33 44 255 11 98 111 294 54 107 184 296 247 289 287 254 196 229 282 176 202 110 215 240 265 218 279 137 22 201 297 303 48 286 203 291 308 31 59 26 272 177 302 120 132 163 292 167 123 171 164 52 83 85 97 144 199 283 131 117 313 108 189 165 212 50 173 45 105 157 224 68 113 60 219 227 317 75 147 206 146 106 208 314 122 2 36 231 210 37 186 260 151 82 49 180 194 143 66 103 5 183 280 6 : 5175.21
3 0 
1 296 293 103 8 290 273 189 213 4 89 232 68 91 168 204 153 84 142 276 251 267 205 252 87 294 181 303 258 17 228 194 29 123 119 66 203 231 300 185 315 229 109 193 116 270 253 243 113 144 280 306 289 90 210 307 163 209 261 249 295 10 16 64 196 108 35 106 105 122 288 151 71 278 65 314 222 220 127 208 128 214 207 250 162 174 34 172 157 291 281 179 132 33 15 182 292 177 218 135 52 313 212 169 95 13 7 114 50 145 277 110 118 271 36 54 19 282 150 297 247 134 120 285 63 260 240 304 121 23 112 147 98 77 5 20 45 254 137 186 69 216 86 268 141 146 26 309 191 308 70 149 139 133 225 242 226 126 131 223 219 236 200 43 111 55 72 318 38 159 97 316 2 49 125 53 47 30 187 42 6 148 299 115 184 12 82 102 61 198 241 176 287 58 57 27 18 130 312 93 99 83 175 201 233 75 14 180 234 164 165 259 195 238 183 107 24 39 104 264 206 263 230 155 76 37 79 9 28 62 59 211 3 74 239 245 235 170 92 25 173 21 96 269 143 274 275 136 224 215 60 140 166 101 22 152 88 78 167 11 158 286 237 272 41 32 248 256 266 171 117 48 298 305 310 100 178 67 31 51 221 40 192 56 44 80 124 283 156 262 138 317 301 302 161 265 190 311 202 279 244 46 94 154 81 73 199 197 85 129 217 246 227 188 160 257 284 255 : 5225.82
3 1 
1 5 8 140 184 299 183 166 89 28 45 93 43 51 71 7 120 248 151 245 228 221 289 271 32 57 124 258 220 88 74 31 79 268 237 63 216 15 47 64 6 207 152 194 218 157 193 200 274 150 90 206 195 311 55 176 119 132 189 210 203 42 318 291 108 161 174 109 267 226 37 234 131 209 60 251 297 263 181 309 53 78 308 101 172 301 191 214 277 121 227 244 190 137 130 262 83 76 21 104 20 44 2 279 302 272 165 73 296 105 67 305 310 243 314 66 146 106 72 257 61 122 230 163 198 249 54 65 265 252 141 233 300 199 96 98 11 129 250 139 273 41 212 260 136 211 143 222 135 48 160 18 192 275 168 35 39 91 34 33 182 56 171 185 187 49 145 92 97 22 68 95 133 205 256 87 118 82 125 23 30 303 3 111 58 292 213 164 128 112 17 169 155 127 224 52 235 238 19 50 202 236 154 113 107 229 315 134 276 85 10 282 259 264 94 215 232 27 156 62 240 283 208 159 162 290 180 147 286 86 266 280 316 294 149 16 178 70 148 223 270 231 186 284 254 24 175 102 179 287 304 25 13 69 84 204 75 295 288 242 313 281 59 201 188 100 197 80 219 158 170 144 142 4 253 153 46 103 14 293 115 38 36 126 29 116 123 298 173 9 177 225 317 247 312 255 167 12 307 278 261 81 269 114 246 241 138 217 239 306 285 110 99 196 77 40 117 26 : 5243.84
3 2 
1 288 242 26 97 240 276 88 160 16 38 307 87 104 227 231 30 48 80 44 51 252 224 289 156 176 257 291 265 109 303 61 274 198 154 175 50 203 271 218 85 81 23 170 239 202 142 145 317 4 255 254 312 263 171 279 275 269 36 229 190 262 42 158 208 27 315 101 259 89 17 12 82 74 273 134 219 233 165 230 258 217 67 86 286 309 174 205 113 189 125 238 119 95 187 253 54 121 184 140 123 120 22 79 299 310 118 136 98 241 236 261 114 221 150 108 159 215 39 93 153 235 195 298 56 131 148 163 168 126 64 77 96 102 69 191 285 8 99 9 33 11 127 164 272 282 212 13 293 318 247 161 14 47 45 155 304 281 306 129 122 256 43 52 133 21 106 292 143 180 34 290 308 25 115 18 37 90 270 194 40 295 178 151 284 302 193 277 266 192 66 100 207 124 152 70 216 183 209 35 103 264 267 116 75 206 196 2 246 305 278 135 7 55 287 210 15 179 226 294 244 181 28 185 10 177 57 232 169 60 91 68 248 41 110 234 225 78 228 211 132 49 32 73 112 137 53 141 139 83 280 223 92 316 296 105 46 249 200 199 314 29 72 138 63 162 250 260 58 76 24 3 107 128 220 222 6 31 214 149 111 297 283 147 59 130 204 19 65 62 167 146 182 172 300 268 166 197 94 84 245 186 71 117 173 311 157 144 213 237 313 5 201 20 188 301 251 243 : 5242.35
3 3 
1 11 273 238 89 105 267 285 219 313 226 24 38 298 306 42 117 86 196 10 231 235 70 181 81 260 157 292 23 151 249 78 77 227 236 158 123 53 294 304 99 288 116 14 125 104 54 19 177 111 25 280 234 31 110 220 184 254 204 165 266 239 244 212 271 278 17 55 65 95 94 312 293 120 37 68 207 275 131 167 21 107 222 30 45 136 48 2 248 83 168 156 46 61 137 108 283 149 246 305 56 67 101 197 290 247 153 199 9 274 186 161 163 189 302 253 36 210 154 257 187 115 252 40 143 160 139 150 15 310 130 203 51 26 182 47 193 43 129 126 307 18 102 52 211 27 272 93 63 180 308 148 264 250 223 315 233 270 224 300 269 170 215 241 134 114 84 80 72 262 251 85 100 317 127 311 74 82 88 237 112 152 243 50 57 49 217 109 228 90 172 190 66 194 33 128 124 263 119 214 28 62 277 166 318 245 140 221 276 34 20 258 230 229 162 146 3 87 208 240 188 295 41 8 22 297 281 32 69 58 316 71 259 121 13 191 133 205 173 92 286 287 79 147 279 309 303 169 171 201 291 174 12 195 59 198 206 299 284 75 232 176 103 113 268 218 122 296 213 256 60 242 44 106 175 185 64 183 159 261 209 73 164 5 179 132 138 76 282 35 97 96 91 301 144 216 265 192 4 314 200 7 255 39 225 141 178 98 118 6 289 145 29 202 16 142 155 135 : 5296.33
4 0 
1 102 148 196 76 195 188 191 31 139 205 239 311 300 92 305 145 290 219 108 227 125 77 75 199 56 266 152 208 140 213 79 301 141 246 233 284 306 119 123 247 30 121 44 53 287 153 130 242 154 202 158 104 62 207 293 110 229 256 10 49 209 204 137 36 169 167 316 279 217 8 184 261 214 61 314 16 105 63 225 254 118 222 11 6 129 127 51 223 22 276 250 267 142 164 23 180 135 237 270 17 37 35 117 50 85 81 282 163 168 281 315 96 91 280 313 133 43 55 241 243 5 244 87 80 259 312 238 12 66 65 26 113 162 310 248 146 186 226 265 192 318 144 28 273 94 302 99 71 172 177 57 288 39 210 86 64 3 54 298 236 157 24 183 106 15 206 240 90 193 255 194 19 7 59 2 42 134 271 78 100 178 88 234 274 269 224 27 189 149 200 182 45 291 122 128 212 115 20 296 73 72 95 32 155 286 232 245 97 69 13 173 257 46 143 175 179 38 275 18 252 294 197 107 47 251 48 109 295 198 303 161 299 150 278 120 165 14 156 40 4 181 82 98 277 215 231 190 201 103 151 263 203 289 253 211 89 136 25 220 116 41 84 166 216 230 264 268 272 308 292 221 218 260 70 52 304 138 131 93 60 174 67 101 21 317 185 228 285 170 262 249 74 83 159 307 124 9 33 309 126 112 34 187 171 297 29 68 58 132 147 111 258 235 176 283 114 160 : 5381.26
4 1 
1 109 278 285 90 181 162 167 17 81 44 80 52 24 171 2 85 32 251 186 209 202 290 286 45 124 59 215 227 287 297 14 140 225 152 47 211 214 110 89 73 33 61 94 210 127 144 223 273 156 246 257 245 221 311 180 36 178 11 142 315 129 41 8 229 222 108 201 179 193 62 72 263 9 220 6 281 226 19 235 98 97 154 131 217 237 284 113 294 74 165 236 218 64 86 135 304 238 184 174 256 106 242 13 23 30 260 208 312 267 125 34 306 22 53 122 282 164 112 75 111 7 203 87 268 48 134 120 233 151 83 99 272 3 69 253 176 25 16 35 76 79 254 155 148 40 160 206 279 318 275 216 161 145 46 239 205 299 234 314 305 292 173 307 240 243 88 95 244 280 15 192 283 136 224 4 157 213 54 82 302 68 71 37 93 259 255 177 159 187 266 288 270 265 21 170 250 141 269 96 118 296 63 185 182 105 60 78 219 228 5 42 166 169 149 204 232 190 55 104 301 230 130 121 196 191 119 175 67 143 150 10 197 28 258 231 262 274 92 158 198 100 51 291 168 31 126 101 295 303 117 316 123 70 26 241 313 66 114 289 248 271 91 188 252 317 153 58 200 103 300 146 183 102 57 115 38 84 18 43 147 29 277 293 276 207 65 189 138 195 194 298 128 247 308 249 163 116 77 107 309 199 49 133 20 27 137 50 139 212 12 172 261 264 310 56 132 39 : 5427.41
4 2 
1 164 314 280 35 157 27 57 32 65 205 52 192 276 140 67 136 62 68 210 224 201 272 105 213 149 231 182 282 80 20 120 88 59 200 292 317 177 2 49 284 190 170 100 46 25 307 295 179 198 195 115 270 299 303 240 309 186 269 160 217 11 131 310 233 254 277 296 128 174 242 93 243 237 235 252 263 173 15 266 102 38 36 130 92 54 51 194 294 167 255 61 73 302 76 8 81 204 234 221 114 71 153 31 9 113 89 216 285 191 129 262 241 126 34 146 162 236 268 169 42 50 291 183 265 311 251 83 94 147 30 90 188 298 99 12 44 123 230 274 223 207 96 168 214 264 304 125 246 253 180 271 260 70 127 287 199 138 154 176 152 258 124 5 193 248 300 308 244 118 278 209 10 47 165 4 29 226 163 64 134 18 37 111 7 144 261 315 135 145 17 132 63 110 141 245 172 45 41 91 155 116 197 267 122 87 48 60 218 256 148 297 259 286 143 159 222 19 28 101 78 283 305 293 72 142 121 74 219 14 208 227 39 137 275 56 156 151 281 238 257 82 112 187 228 103 225 273 250 69 26 185 77 184 181 23 84 109 229 139 6 232 106 247 212 316 150 202 306 158 85 33 108 16 97 79 98 290 171 312 40 43 196 133 279 175 249 166 211 119 301 104 239 117 55 203 107 75 161 288 13 86 66 178 189 206 53 215 313 95 22 24 318 289 220 21 58 3 : 5349.35
4 3 
1 46 82 23 277 297 318 234 259 14 3 11 28 41 190 117 37 210 298 249 307 208 136 152 16 36 170 61 252 79 44 169 251 21 173 226 181 147 126 185 305 242 293 260 144 295 175 258 7 39 239 191 193 27 304 183 184 113 111 131 143 174 106 53 58 24 178 55 125 38 281 202 33 291 263 108 280 30 176 59 299 211 212 100 265 276 17 31 203 89 63 129 222 200 279 267 87 51 130 95 40 109 220 199 68 74 140 189 9 15 81 60 72 34 96 194 314 134 66 306 273 246 65 54 4 71 45 83 255 201 171 268 107 104 146 308 88 91 20 105 214 236 137 75 163 10 103 115 52 67 76 310 157 62 92 289 262 302 94 311 247 123 145 12 49 303 256 240 128 19 121 254 315 243 50 168 102 56 57 35 133 235 154 218 224 187 161 151 43 274 139 22 282 250 217 227 118 266 26 8 162 271 138 18 160 177 206 2 237 272 142 124 114 80 301 149 286 225 230 228 216 195 70 32 288 148 150 25 6 77 120 317 294 93 207 290 155 188 141 112 127 167 47 269 309 186 313 221 172 159 13 5 156 316 78 99 283 248 244 232 197 241 253 285 29 257 158 97 119 101 198 312 300 153 229 180 86 215 292 84 270 165 223 116 213 166 219 209 182 261 275 233 192 238 245 69 264 73 85 196 296 122 98 110 135 231 205 278 64 284 90 42 48 164 179 204 287 132 : 5231.16
5 0 
1 41 51 156 42 56 35 264 52 12 248 307 151 149 112 249 225 175 255 299 275 14 240 211 204 116 96 293 11 103 8 253 191 105 22 309 28 209 296 243 66 80 148 132 53 285 236 289 81 3 19 16 102 65 165 177 220 179 298 241 295 139 272 227 234 113 246 45 34 90 197 257 300 237 260 208 279 311 50 6 33 161 152 286 38 46 135 302 120 70 206 115 108 55 13 9 133 205 315 238 242 222 29 291 101 146 10 163 193 54 77 194 212 230 89 158 123 318 160 48 196 162 155 93 167 188 40 104 203 201 39 278 98 107 100 75 180 213 69 228 292 138 157 273 95 130 312 147 141 32 250 172 284 270 254 192 73 68 308 60 314 2 252 235 274 316 297 195 214 30 24 267 72 229 210 111 23 137 49 198 269 189 280 259 134 71 86 125 150 58 178 176 233 20 99 294 317 276 61 87 74 7 164 207 27 63 76 97 82 258 67 92 126 5 129 114 57 79 170 245 25 301 183 37 306 128 185 251 261 266 190 262 221 216 121 288 47 124 142 244 171 168 290 174 59 131 106 202 218 219 184 153 119 231 83 304 166 122 199 247 78 85 265 281 84 36 91 145 226 182 94 88 217 144 17 4 136 154 173 277 283 305 169 282 200 62 303 223 271 256 215 224 64 26 143 44 186 159 140 118 232 310 263 127 43 110 117 181 313 287 268 109 239 31 18 21 187 15 : 5367.58
5 1 
1 219 180 186 76 74 57 71 158 55 25 63 62 191 317 47 282 278 121 237 287 166 89 67 58 224 175 92 221 300 17 15 254 289 193 311 309 154 106 41 233 16 35 135 293 291 296 131 156 205 220 211 181 169 303 136 114 203 267 227 8 177 28 283 167 148 162 85 159 214 22 23 3 49 163 292 182 304 274 232 11 269 308 192 223 142 243 318 200 151 247 95 212 6 97 230 248 260 70 27 313 241 264 155 249 225 149 270 30 107 258 61 38 103 39 40 72 33 29 213 12 251 188 236 198 207 172 312 201 112 263 265 140 306 297 152 259 194 43 144 215 150 96 86 110 206 178 272 189 316 87 174 120 226 228 10 2 91 46 250 137 53 190 210 45 78 125 54 119 245 285 295 165 280 242 217 117 79 195 298 288 9 7 271 68 102 84 202 105 168 286 204 69 51 37 231 31 305 44 279 108 81 143 209 262 133 187 261 145 199 66 173 52 36 93 5 235 77 141 132 4 252 122 301 80 94 160 183 153 109 20 48 88 73 244 307 34 138 184 101 19 32 294 208 315 157 60 196 246 124 24 197 14 176 164 229 253 239 240 276 21 82 98 129 90 275 59 116 170 42 266 255 113 128 50 26 238 234 126 134 314 115 185 75 64 146 216 268 127 179 310 161 290 284 130 13 100 123 257 171 139 281 18 104 302 299 218 111 256 56 147 99 83 65 222 118 277 273 : 5293.99
5 2 
1 204 192 21 117 296 173 77 230 67 78 65 258 160 39 144 242 197 186 73 119 149 58 164 295 36 201 221 91 299 291 237 68 83 132 158 88 182 53 31 234 16 114 51 38 286 282 297 195 169 110 155 181 217 211 44 175 69 163 153 121 207 174 46 249 140 212 108 18 141 309 314 61 64 106 307 23 113 292 254 238 100 28 271 193 290 259 283 218 147 257 133 267 130 256 15 168 236 171 199 178 3 115 120 47 76 34 198 272 162 63 229 203 219 75 316 209 142 137 150 17 24 167 92 105 215 103 29 134 239 289 260 251 146 62 308 99 216 288 235 275 10 255 43 94 52 37 45 55 40 59 293 138 124 123 97 194 151 214 7 56 111 213 223 107 311 177 9 287 14 87 66 41 50 27 225 241 298 270 228 268 102 184 232 135 231 206 11 279 95 269 264 6 180 274 101 104 80 93 96 176 189 84 191 318 265 284 304 202 303 12 19 5 148 118 116 143 276 179 196 109 166 278 301 294 125 205 154 30 273 131 157 60 26 243 170 261 266 188 187 42 98 126 139 244 233 310 222 161 165 252 302 247 220 13 8 136 226 82 122 185 57 306 305 240 74 85 277 49 159 224 245 248 112 81 79 89 72 312 263 2 200 281 127 25 35 172 156 315 285 86 253 190 152 22 54 313 129 32 20 71 262 280 300 4 250 210 70 145 128 317 90 183 48 33 208 246 227 : 5227.19
5 3 
1 138 255 268 106 302 172 196 18 133 44 57 142 118 97 162 159 182 177 3 207 166 291 245 235 154 214 263 246 233 117 296 193 151 43 169 63 33 217 40 237 82 69 61 288 310 315 150 181 157 249 239 128 25 286 227 47 12 140 318 220 6 139 308 294 103 171 155 251 58 75 131 305 16 27 213 29 170 176 292 188 173 120 165 175 144 208 260 93 73 317 95 107 174 36 135 59 178 212 109 276 295 124 253 229 257 53 248 277 313 261 179 49 90 287 77 104 130 312 191 266 136 100 201 45 30 204 314 234 215 108 285 194 153 185 19 34 129 199 254 219 8 222 125 218 271 205 197 183 299 264 9 244 270 250 252 231 156 206 56 148 147 202 209 236 280 180 51 89 278 223 256 273 167 96 184 42 289 198 122 284 168 259 274 240 7 28 224 226 281 192 190 54 2 21 112 60 87 158 86 238 123 279 83 272 304 230 11 52 35 113 241 306 160 141 22 94 293 258 143 232 15 110 76 221 186 50 85 13 164 88 92 262 242 161 62 200 4 290 81 68 146 195 66 20 64 65 316 203 24 99 127 132 79 55 10 5 189 210 72 145 211 31 26 105 48 102 101 46 84 78 152 163 119 17 134 187 91 71 275 282 297 98 14 39 225 137 111 283 265 300 216 228 126 67 303 311 80 32 309 74 149 70 115 116 121 298 269 307 267 243 41 301 247 23 37 114 38 : 5142.47
