0 0 
1 308 130 90 3 302 75 102 16 82 80 259 284 251 275 204 287 18 138 252 309 41 76 99 63 81 225 262 202 206 129 200 180 34 118 207 133 266 50 57 9 135 179 235 223 95 141 29 128 112 245 59 208 121 64 293 305 281 189 166 239 244 219 124 48 31 174 177 103 152 214 218 17 195 201 13 144 157 153 185 256 140 56 122 222 14 170 257 142 277 290 60 299 186 96 105 21 163 242 240 272 292 307 233 24 311 168 300 209 210 139 162 2 126 109 193 270 236 94 44 73 37 8 187 136 151 278 227 107 27 87 116 211 286 184 113 156 100 197 12 178 298 79 161 172 147 273 114 229 221 66 53 205 217 312 65 19 54 40 216 146 198 175 294 110 220 255 247 176 173 119 115 276 291 169 111 246 258 155 248 304 271 261 77 132 165 295 68 84 36 213 268 171 254 241 39 148 181 159 30 316 86 38 88 301 158 280 234 230 49 45 43 33 78 72 62 23 6 10 127 4 22 89 25 35 232 274 125 318 97 83 196 160 71 285 237 253 260 32 283 117 164 167 51 61 137 191 190 310 215 108 203 296 231 264 279 243 250 199 58 42 224 317 145 67 74 182 92 55 194 26 85 46 238 101 265 289 282 183 315 149 47 150 228 249 212 313 7 5 192 120 306 188 11 98 91 93 123 303 314 15 131 134 269 226 69 154 104 52 267 263 20 288 28 70 297 106 143 : 5100.64
0 1 
1 78 299 187 290 150 122 130 105 222 9 23 114 194 216 146 266 288 278 259 260 265 99 68 195 145 14 66 207 56 140 293 232 93 255 241 82 182 295 148 199 300 281 211 313 8 44 317 218 245 318 139 115 153 134 283 257 284 154 190 219 262 176 269 118 214 252 267 141 60 286 206 297 200 143 315 42 311 228 236 213 256 186 242 254 22 264 111 119 224 312 276 172 63 307 135 238 193 231 180 46 35 157 183 173 96 210 29 77 131 248 27 280 277 192 91 79 38 308 185 51 45 41 181 47 120 158 178 160 203 133 116 126 162 314 168 49 316 71 191 188 54 103 6 155 138 59 235 275 189 156 167 152 16 88 272 303 309 270 253 129 132 292 109 64 100 10 165 86 196 112 261 285 234 32 144 125 89 174 147 102 107 37 4 74 62 28 197 175 205 13 70 164 169 221 80 19 128 249 305 233 20 43 3 36 291 243 202 142 220 163 25 87 171 223 215 83 17 251 18 5 65 209 110 279 287 208 296 217 230 113 136 239 244 258 95 204 225 170 72 55 212 127 57 58 149 39 301 250 247 106 137 76 81 159 85 84 52 21 50 97 26 12 24 33 73 69 48 310 94 198 246 273 53 11 123 289 161 15 101 237 108 124 7 117 166 298 98 90 177 263 227 67 240 229 34 274 30 40 31 75 201 2 184 179 268 294 151 92 121 226 304 302 61 271 306 104 282 : 5046.88
0 2 
1 275 58 68 27 279 287 260 205 255 164 78 156 150 56 143 242 139 33 216 271 291 172 81 70 45 171 135 306 308 204 170 223 43 21 25 63 196 40 55 10 189 259 217 29 115 75 35 85 134 281 227 107 315 173 153 311 276 206 197 91 169 268 28 82 5 304 18 52 69 96 274 236 20 3 300 209 86 145 124 252 199 219 131 215 305 95 118 112 111 57 185 208 37 6 246 284 71 231 125 195 147 161 288 141 210 168 193 244 187 192 202 182 270 272 261 114 11 105 224 318 251 97 163 106 16 160 98 48 116 316 73 65 257 226 44 87 121 179 92 2 103 290 280 207 310 99 74 61 213 248 76 100 89 266 230 41 264 72 62 317 148 249 132 286 247 60 198 299 298 312 155 157 67 38 151 269 263 158 233 120 126 17 104 129 214 301 292 123 278 84 159 176 302 101 250 258 285 225 190 240 128 23 34 235 289 212 137 177 273 64 245 7 32 254 277 262 146 211 296 295 307 66 59 30 110 102 309 203 232 238 221 93 22 24 9 243 133 117 229 314 140 26 127 256 51 54 180 282 42 46 162 109 154 267 178 13 77 218 191 194 136 293 15 14 166 303 253 239 88 79 188 108 201 174 265 165 313 152 122 222 283 144 138 241 80 49 47 36 31 90 186 175 130 181 184 297 113 200 8 237 167 12 4 53 94 294 234 228 19 39 149 119 220 142 83 183 50 : 5169.66
0 3 
1 226 22 242 74 94 316 190 56 161 260 154 206 52 37 6 7 9 86 96 172 2 19 233 259 304 264 231 246 301 151 66 105 51 162 16 8 49 62 277 217 71 254 182 155 215 141 18 297 138 157 83 168 125 156 90 200 204 91 299 165 15 5 135 107 314 139 121 23 147 159 285 130 225 44 76 222 58 10 186 13 27 127 35 244 45 79 81 43 101 50 47 87 167 276 77 67 117 291 300 216 312 20 30 112 199 118 28 21 80 258 104 183 201 210 34 26 273 255 279 148 143 303 63 100 191 93 315 307 114 171 239 195 140 209 164 69 227 111 281 318 205 193 39 126 60 166 41 268 266 220 241 263 298 25 185 178 54 153 235 108 48 72 124 287 296 257 245 280 240 36 194 218 175 309 24 78 12 95 286 272 248 132 123 3 232 119 238 131 40 292 192 46 317 102 33 38 146 169 311 106 288 282 181 202 207 99 42 150 243 4 64 11 252 253 180 136 223 82 305 313 122 284 306 152 70 247 211 219 110 133 184 65 213 128 293 198 103 229 267 109 116 278 221 310 295 188 137 129 170 197 208 59 68 144 84 174 176 203 308 97 250 256 271 88 158 17 274 234 236 224 290 163 142 32 120 115 173 251 283 189 57 85 302 262 265 228 294 98 261 145 134 89 73 196 237 249 75 179 61 275 289 113 214 14 55 92 29 31 53 212 230 269 160 177 187 149 270 : 5061.55
1 0 
1 49 30 61 213 4 302 252 188 300 223 149 155 104 122 275 150 13 283 34 60 212 315 62 243 81 91 176 317 48 256 171 126 109 50 170 205 195 306 299 309 312 303 21 93 163 20 54 119 221 202 29 313 261 292 200 27 110 78 115 198 154 267 297 199 8 26 152 133 33 172 51 70 166 258 262 253 22 279 281 226 248 186 177 265 237 158 233 234 97 6 259 147 255 66 44 14 67 128 220 41 71 96 215 247 56 98 225 280 293 296 159 102 236 140 64 153 103 16 17 107 278 191 238 80 209 145 53 46 105 183 311 307 174 204 162 76 120 2 19 45 108 157 277 116 310 289 129 131 31 7 69 271 165 3 201 242 208 82 65 318 268 260 217 182 214 125 113 291 305 178 241 135 86 132 175 286 124 244 35 239 144 266 229 112 123 142 290 263 257 143 118 40 127 194 287 211 316 77 148 295 23 74 137 250 270 216 43 156 136 36 180 160 219 224 181 304 274 12 288 285 232 228 57 301 207 5 139 231 246 273 264 210 111 245 282 58 249 190 254 185 18 130 52 25 10 151 179 32 24 134 138 100 101 99 203 38 168 167 83 37 193 95 298 240 164 47 235 251 63 294 314 206 227 94 284 173 222 9 79 196 90 276 272 197 87 59 117 68 75 121 218 189 230 192 84 15 28 269 161 73 72 114 141 42 89 39 146 85 55 187 308 184 92 88 169 11 106 : 5170.97
1 1 
1 257 233 143 64 289 103 144 110 2 145 107 11 181 13 28 57 65 75 131 62 56 53 48 126 128 293 243 166 308 67 49 31 236 302 44 55 38 247 30 68 132 298 256 305 275 175 294 186 279 79 234 12 58 92 91 94 137 237 205 193 282 15 188 197 95 178 307 158 60 43 152 285 180 251 208 311 22 9 240 169 111 40 109 288 45 187 207 231 171 214 265 76 177 206 225 224 216 261 223 46 116 105 157 273 47 113 220 130 89 37 141 254 276 267 5 211 280 281 226 112 170 204 36 129 172 316 21 270 271 134 245 306 167 142 163 34 179 191 287 147 202 74 165 210 227 259 229 213 217 125 263 3 20 174 196 195 154 86 70 87 295 63 51 292 299 25 203 218 16 54 304 160 10 19 286 39 133 138 309 35 135 99 72 136 300 290 100 29 80 253 301 149 249 235 268 277 127 78 108 96 104 41 71 296 183 238 310 262 61 66 90 190 7 17 27 26 120 140 114 151 185 244 106 121 258 115 284 14 150 24 93 212 269 317 146 124 232 118 52 148 219 222 278 139 248 274 228 297 252 200 173 250 73 59 161 6 260 291 272 117 182 119 255 239 77 176 283 264 199 32 50 189 312 42 81 85 155 230 266 198 98 184 33 123 303 242 84 83 168 4 314 82 156 159 241 313 221 97 194 246 315 209 122 88 201 153 192 164 23 8 69 102 215 318 162 101 18 : 5136.75
1 2 
1 75 172 194 162 18 139 11 252 232 129 92 278 259 197 37 236 271 160 209 218 246 283 241 302 224 228 17 169 311 269 294 267 292 263 205 94 189 216 34 265 227 67 235 221 251 245 273 9 275 210 222 276 299 132 266 57 316 39 51 142 36 33 22 93 261 220 223 167 301 286 141 41 66 185 100 174 62 219 48 65 284 254 111 315 177 122 28 291 77 173 186 13 2 61 134 281 317 10 133 44 50 8 16 52 131 240 213 58 103 55 198 35 161 191 164 308 76 204 255 193 181 187 30 24 212 118 15 104 199 113 156 148 47 313 88 150 56 27 237 190 206 29 60 202 243 121 296 157 260 215 253 85 54 158 84 96 3 183 264 256 262 126 53 79 180 280 119 117 70 203 231 307 143 144 270 99 182 304 274 250 124 229 110 42 225 63 74 59 306 200 69 188 20 32 40 19 234 109 114 128 125 38 290 277 49 83 86 78 168 217 288 45 257 153 184 101 165 238 26 14 201 43 242 298 176 154 91 90 207 87 305 249 195 196 287 97 208 312 211 98 166 130 145 135 295 289 233 293 82 297 120 140 214 107 239 6 7 71 258 138 244 73 95 268 105 64 314 31 46 151 226 81 279 247 108 116 102 159 272 230 248 303 147 115 285 80 21 4 5 106 123 155 170 192 175 310 25 136 163 171 68 149 309 137 146 152 300 179 318 178 89 127 72 23 12 112 282 : 5161.17
1 3 
1 26 251 299 167 34 66 137 32 41 153 107 242 225 213 264 48 220 173 284 3 159 38 43 62 110 119 106 185 234 108 104 67 21 57 142 109 227 188 288 216 5 92 178 308 295 281 136 206 152 134 70 191 146 260 75 179 147 103 123 77 177 309 180 20 130 297 314 85 184 128 151 165 228 273 65 15 171 205 7 306 2 172 59 285 169 42 176 132 230 311 183 101 53 190 22 267 304 315 202 58 154 296 131 211 120 115 235 19 47 4 204 102 12 46 78 82 316 40 18 259 61 256 200 210 193 71 198 96 214 278 302 36 222 55 175 182 69 192 133 79 98 237 303 275 247 24 63 86 72 56 254 265 238 141 241 298 150 317 207 301 233 215 162 229 116 156 262 280 148 39 199 270 282 9 129 125 244 201 149 14 127 100 181 276 290 286 113 31 60 105 81 221 219 305 272 318 300 168 140 111 224 250 11 94 223 25 209 158 64 95 121 117 87 35 17 13 91 97 263 52 163 166 122 243 164 139 268 245 29 28 37 212 8 50 240 266 236 112 197 187 174 292 143 232 231 294 135 246 261 157 84 249 283 170 194 195 93 160 144 196 33 289 257 217 274 54 30 10 83 307 252 277 124 239 226 6 189 155 16 44 99 269 68 114 312 271 161 287 126 51 293 89 88 118 313 186 203 145 90 208 23 248 218 74 310 279 255 138 253 258 291 76 73 49 27 80 45 : 5143.38
2 0 
1 69 175 114 214 105 41 166 170 290 82 21 283 206 45 32 288 178 233 66 100 284 223 88 3 289 106 36 155 27 96 204 230 169 305 275 12 144 123 136 196 282 215 236 179 117 202 212 147 241 119 80 138 161 57 250 237 189 181 126 193 192 197 154 20 22 261 16 28 89 2 7 267 226 228 293 31 85 43 108 248 286 173 52 81 209 121 13 134 315 146 251 158 167 68 98 71 177 258 294 307 266 159 260 60 62 120 111 297 162 56 58 253 207 273 152 229 281 219 262 133 298 231 300 311 277 65 190 256 244 285 255 176 153 205 263 122 34 186 113 279 213 94 308 95 301 99 182 268 37 78 291 203 278 309 104 264 318 75 8 107 274 165 90 124 310 38 141 240 243 127 128 97 287 259 217 199 225 184 61 201 132 143 140 224 299 272 304 131 195 187 238 87 77 280 247 44 70 317 316 145 171 47 24 59 270 269 150 30 188 42 53 4 245 83 9 239 142 118 218 232 49 74 130 51 11 48 19 200 50 72 92 39 35 168 14 129 91 23 17 84 101 93 26 254 227 295 183 40 125 149 174 163 303 164 116 112 6 198 210 265 137 10 194 306 110 29 234 271 180 292 15 216 221 222 148 33 103 54 67 102 302 296 86 5 314 276 46 25 115 208 313 257 220 109 242 246 139 252 191 64 73 63 156 211 235 312 172 249 185 18 135 55 151 76 160 79 157 : 5095.95
2 1 
1 116 216 24 20 27 36 297 29 39 81 165 5 142 153 257 240 90 75 308 289 171 195 222 235 277 113 250 246 141 57 106 54 45 135 202 204 279 241 318 147 190 12 51 78 201 166 122 302 67 44 292 249 186 312 26 52 59 294 286 175 115 13 173 273 258 200 290 234 300 94 31 164 282 83 160 23 10 309 198 157 253 248 276 211 225 205 145 65 93 8 208 310 60 150 298 252 231 123 41 242 255 95 226 184 30 56 37 35 260 315 77 221 128 126 146 236 73 212 53 102 120 217 181 70 105 287 170 62 18 33 301 243 9 197 40 133 280 61 199 74 207 169 247 265 156 196 131 163 278 218 154 209 178 91 49 48 254 306 228 72 19 22 3 136 32 71 109 219 268 149 88 148 101 183 182 203 99 14 229 89 227 213 42 188 124 140 251 174 214 307 316 87 138 66 161 194 64 159 38 68 125 185 172 129 303 245 288 237 224 264 263 215 275 121 299 119 107 15 239 111 179 151 206 98 281 285 4 177 272 130 104 139 55 79 76 293 108 47 63 223 267 261 305 284 291 304 187 137 43 230 238 311 167 192 134 176 295 274 233 2 191 232 127 112 296 168 180 11 266 28 17 21 132 220 259 97 34 92 103 86 262 313 269 270 256 50 317 6 193 114 100 82 210 158 155 152 58 189 283 25 80 143 244 84 271 16 117 69 162 85 7 96 118 46 144 314 110 : 5226.9
2 2 
1 78 282 210 88 42 124 291 191 197 158 90 240 243 79 55 159 254 225 252 249 273 305 66 39 297 126 98 193 59 44 137 46 232 176 318 26 43 258 188 50 114 163 314 145 94 259 147 122 247 233 223 53 157 93 95 207 81 69 118 34 187 250 179 311 99 205 204 172 174 167 76 173 102 244 229 7 3 294 71 277 296 45 280 312 304 264 200 162 217 269 290 235 64 194 131 136 12 11 279 270 234 262 286 283 19 160 37 246 141 142 24 201 143 16 289 276 13 14 292 20 5 213 208 148 199 96 181 242 65 139 47 67 285 89 295 186 51 175 288 189 203 278 2 146 268 257 237 316 25 48 206 154 4 108 38 6 17 113 218 80 221 231 109 281 22 62 82 125 170 168 60 251 27 212 236 28 111 255 299 293 110 190 300 265 226 123 302 274 149 222 61 117 227 303 58 161 224 272 140 211 230 298 129 196 86 41 32 70 248 54 245 130 133 306 310 241 267 260 107 307 192 156 105 185 144 127 112 97 63 103 138 85 106 155 150 151 33 284 120 87 263 275 308 301 92 309 84 18 166 132 57 73 164 219 171 104 21 287 91 209 215 75 77 31 101 49 317 183 121 35 313 177 52 184 315 134 119 253 239 220 100 23 36 135 238 261 72 29 15 128 152 40 9 83 74 214 182 202 216 30 153 165 228 195 68 115 256 169 271 178 266 180 198 56 116 8 10 : 5225.41
2 3 
1 295 235 213 152 240 188 89 99 97 88 285 219 252 267 291 214 127 73 247 205 168 13 146 212 27 275 49 271 270 65 262 273 278 175 70 59 121 106 318 217 221 196 83 122 126 47 32 206 311 297 100 176 159 263 305 64 98 67 57 170 95 164 153 75 62 2 39 8 150 30 115 113 306 209 33 268 280 281 315 229 141 43 60 207 41 31 218 223 269 169 199 313 171 227 243 180 310 203 317 68 56 174 132 136 117 187 101 26 103 15 109 48 177 22 197 148 215 71 114 44 112 130 24 51 4 81 102 304 288 151 185 76 244 91 84 104 272 255 234 301 155 135 46 184 69 287 172 139 264 222 210 147 108 25 125 10 38 211 314 149 189 302 282 236 40 316 308 163 198 18 45 284 134 138 300 292 90 116 154 34 279 82 124 307 105 94 290 201 165 50 158 16 7 17 77 107 208 29 128 137 246 294 179 248 309 66 256 265 298 145 118 216 220 181 143 193 28 142 11 241 74 87 239 200 93 190 161 144 86 58 6 230 20 23 156 195 274 286 299 129 260 254 157 293 245 160 42 166 183 289 258 63 204 266 123 131 78 53 61 194 202 178 92 251 257 232 186 277 119 85 12 253 250 296 237 233 228 224 261 242 5 54 120 72 9 259 192 225 80 312 96 133 303 191 110 19 276 182 37 173 249 226 231 283 167 162 55 79 36 21 111 14 35 140 3 238 52 : 5024.61
3 0 
1 53 93 101 150 40 149 217 13 229 302 148 219 305 263 318 293 184 274 206 79 260 146 187 67 312 233 161 9 54 201 266 31 141 220 100 107 185 192 118 223 270 232 182 225 170 315 12 32 84 267 16 47 195 58 180 304 279 189 234 271 190 128 310 256 281 6 15 50 228 226 176 244 68 76 57 194 75 136 14 242 133 191 90 171 164 134 216 37 108 181 46 199 253 158 287 151 236 297 246 34 198 131 140 251 314 283 168 112 129 299 298 110 250 139 276 235 82 157 135 316 7 204 142 2 144 254 172 156 261 275 252 248 210 74 278 268 60 311 202 249 215 113 70 183 124 224 152 209 21 23 119 280 309 62 147 56 294 72 10 44 143 61 258 178 197 167 163 43 88 291 245 286 296 282 41 243 73 153 4 8 3 306 284 290 241 221 83 207 127 162 154 36 81 186 45 96 55 64 17 120 125 27 22 85 94 227 269 203 218 173 137 24 138 238 122 300 175 5 42 91 159 292 240 212 211 89 18 117 99 80 289 49 121 116 237 109 277 188 95 132 71 78 26 51 30 303 295 48 169 38 126 92 77 86 317 65 285 177 222 111 63 230 272 313 205 213 130 264 166 123 69 165 29 28 262 145 52 308 106 105 104 208 39 33 115 114 59 102 265 307 200 20 247 35 19 87 66 98 193 257 273 155 231 11 25 214 259 97 196 103 179 239 288 255 174 301 160 : 5134.54
3 1 
1 212 248 224 57 19 216 81 48 146 31 191 40 98 271 113 106 68 127 43 236 300 178 94 304 214 215 63 52 189 87 62 96 72 119 199 153 316 70 75 107 105 104 176 194 222 196 41 307 262 268 142 111 114 220 61 186 183 195 266 39 103 166 217 140 117 121 25 219 4 232 233 244 311 27 130 221 174 188 193 93 95 134 11 32 8 173 309 161 184 23 164 283 65 203 143 110 125 55 148 213 42 207 171 92 296 18 15 152 277 132 292 133 12 128 50 9 56 154 206 202 278 279 285 274 246 170 226 273 204 3 282 118 230 259 116 177 131 303 14 302 163 305 280 231 284 290 26 71 139 198 102 182 288 239 238 208 115 298 136 155 314 20 90 124 6 59 318 58 201 310 249 144 76 112 263 172 21 317 122 269 175 253 150 49 167 129 242 36 82 73 218 46 313 312 181 151 270 77 10 69 29 149 286 293 256 247 276 83 210 100 192 205 66 84 64 67 38 245 228 267 159 54 141 306 30 24 190 251 308 109 225 86 227 275 80 45 187 147 168 235 101 240 243 120 34 89 315 138 53 257 157 51 297 7 229 291 294 180 28 234 158 22 13 99 5 108 91 78 37 47 185 79 74 2 287 250 254 252 241 223 272 265 156 145 200 197 135 289 165 17 97 299 160 260 237 16 209 60 33 258 88 123 169 137 211 255 301 295 35 179 85 162 264 261 126 44 281 : 5290.52
3 2 
1 53 23 30 286 117 308 200 163 96 179 204 115 63 104 40 289 185 153 159 180 102 82 193 207 300 188 269 247 201 258 64 280 287 222 146 263 299 136 176 175 103 211 190 214 140 310 139 245 224 318 94 312 183 34 73 91 156 38 71 29 215 262 184 65 9 90 93 100 246 307 260 279 110 130 291 202 295 27 109 121 41 266 123 128 243 256 51 74 20 14 28 72 49 75 182 191 231 178 134 265 36 33 317 84 302 315 225 105 253 240 171 216 125 227 174 66 259 271 54 11 24 205 237 213 166 203 16 52 83 145 141 142 306 294 239 311 192 272 298 19 62 86 297 57 147 88 186 283 108 31 78 209 131 3 80 50 15 150 218 113 275 230 81 21 290 18 2 7 133 288 226 87 293 274 285 98 10 233 4 264 42 97 195 129 138 99 181 119 170 281 116 251 61 173 127 162 144 152 48 43 8 56 135 77 155 85 55 32 114 126 158 232 35 6 168 278 187 46 5 25 13 169 238 120 284 273 268 250 249 199 219 210 167 261 314 107 254 59 196 95 194 206 165 45 313 244 248 79 282 172 223 101 198 305 270 301 12 17 177 257 316 208 228 217 220 236 276 112 76 118 37 241 148 277 267 143 235 26 157 234 111 124 92 303 309 106 229 69 189 122 70 255 151 137 296 252 212 22 44 292 197 242 161 160 304 149 47 221 154 60 39 67 132 68 89 164 58 : 5154.28
3 3 
1 60 112 270 177 246 230 220 142 2 58 206 302 241 279 265 163 154 129 299 185 184 125 218 309 287 127 128 180 294 195 161 266 189 268 228 213 232 18 19 6 85 274 315 103 95 150 70 135 25 87 102 292 146 151 192 236 14 121 109 31 107 259 310 303 170 238 98 306 181 153 203 44 22 188 286 277 148 255 28 224 250 233 263 253 68 84 75 130 52 120 248 278 290 198 193 227 168 254 178 61 24 53 182 27 281 212 134 54 234 239 247 139 33 16 67 81 235 69 48 282 110 175 35 114 90 291 66 131 276 82 108 59 262 272 72 183 301 217 304 91 80 101 73 157 204 119 225 116 13 158 71 149 311 296 169 271 144 32 41 56 86 76 143 229 79 64 295 267 74 51 258 249 167 83 96 43 124 275 283 210 106 30 156 316 47 201 305 215 245 244 36 29 208 190 133 34 49 46 55 45 216 221 155 237 226 314 132 40 111 117 63 252 318 199 187 261 243 38 312 100 209 231 197 26 39 89 172 200 164 179 196 141 202 307 78 9 176 137 12 145 284 280 251 242 115 94 273 300 147 88 113 269 317 219 37 264 122 152 173 166 223 97 240 288 298 297 159 93 126 105 207 140 171 42 50 211 162 308 99 285 20 194 293 186 123 205 165 4 222 8 77 57 3 289 214 104 136 92 62 174 7 257 313 15 21 23 17 10 11 5 191 260 256 118 138 160 65 : 5038.95
4 0 
1 141 171 33 179 85 149 170 237 239 32 261 203 29 163 148 312 51 18 256 193 136 46 15 190 125 6 30 205 196 74 235 187 236 220 228 39 86 37 272 283 288 98 79 70 50 200 296 208 274 84 105 197 246 260 114 213 302 61 158 133 122 216 106 10 8 177 269 145 128 57 28 71 225 137 244 96 183 108 107 242 282 230 227 253 295 218 221 65 316 54 293 169 143 257 146 264 42 289 292 278 201 204 268 233 290 303 26 209 186 166 297 123 110 275 56 113 231 112 43 45 90 224 103 20 21 92 116 287 299 81 184 258 251 117 118 80 78 66 126 241 211 167 188 63 52 120 279 229 175 153 67 308 47 95 83 73 11 40 62 89 276 150 7 16 156 152 14 25 138 140 60 155 245 144 199 38 23 72 31 240 226 151 192 3 159 252 313 160 172 300 212 181 178 194 164 17 41 232 219 139 318 277 305 234 162 2 19 317 24 248 286 222 247 250 263 249 109 119 310 82 5 309 180 75 4 69 168 161 27 87 58 93 306 266 132 97 99 185 102 55 22 48 202 298 307 223 243 315 195 270 142 94 314 44 259 281 214 254 285 301 53 88 176 174 311 206 104 131 191 121 284 291 134 77 238 111 35 265 198 189 130 207 76 68 91 36 34 262 147 115 217 13 165 124 135 157 304 280 154 59 64 49 101 129 12 255 267 182 210 215 9 294 100 173 271 273 127 : 4923.66
4 1 
1 101 67 17 111 216 117 220 93 297 18 30 108 125 218 199 205 304 213 294 295 103 24 15 65 259 37 22 6 28 25 280 116 174 149 237 177 251 88 9 191 312 94 202 82 281 286 50 144 16 189 19 21 262 250 275 267 285 38 63 70 12 272 185 26 207 142 96 203 239 148 122 100 46 49 84 86 196 215 291 255 223 269 109 258 3 114 166 283 156 232 315 254 118 192 33 121 169 162 124 141 48 5 128 131 222 71 32 56 176 276 155 172 224 252 278 305 206 58 316 64 245 230 268 243 11 90 7 59 133 266 42 225 270 173 154 190 181 221 168 236 300 171 8 119 112 217 212 146 241 240 229 317 40 20 138 228 135 105 52 23 129 89 287 227 271 247 81 314 80 273 45 303 14 134 306 308 83 198 87 13 120 184 248 92 68 186 4 209 163 113 106 74 161 256 234 107 132 95 98 175 195 279 261 318 260 311 2 159 137 77 60 157 313 104 160 242 193 53 188 292 35 61 194 145 164 158 204 10 301 79 76 123 152 151 55 72 99 246 214 165 219 147 238 249 200 127 299 265 310 298 231 51 73 102 263 244 226 208 153 187 170 296 253 211 288 182 257 289 284 210 264 150 139 126 34 178 179 75 44 130 69 293 309 197 307 201 91 85 39 180 282 36 167 274 29 31 143 78 41 57 47 115 27 235 302 183 66 62 54 233 110 290 136 277 140 97 43 : 4951.83
4 2 
1 2 35 244 303 237 53 74 220 50 15 190 241 123 221 282 163 271 12 128 143 20 250 63 203 215 149 276 211 238 283 188 11 167 248 187 88 102 47 169 166 306 165 151 34 29 126 55 45 170 41 191 51 253 286 89 196 9 85 295 94 137 210 100 172 317 279 152 160 61 262 133 78 183 62 230 146 218 298 263 315 261 229 278 214 150 138 10 265 309 316 30 136 222 233 257 194 178 131 293 240 243 121 318 43 14 232 134 254 127 156 6 274 192 171 140 281 200 239 299 291 270 181 145 197 70 60 216 81 19 223 179 38 86 49 207 204 164 82 33 208 26 198 284 294 213 212 312 80 21 267 225 209 31 217 109 54 184 8 24 83 256 275 193 255 185 141 297 273 175 59 148 235 13 226 201 117 90 72 65 64 25 139 73 258 99 206 105 112 155 114 116 242 130 259 269 285 296 245 98 176 115 42 195 301 122 5 252 199 302 264 280 162 173 266 272 260 91 87 113 110 189 66 108 93 96 287 308 174 157 205 58 17 36 97 69 231 161 104 95 22 142 224 40 311 57 84 144 118 119 247 314 310 159 177 307 246 236 249 292 186 46 28 37 75 77 67 202 101 52 18 7 23 27 92 234 147 76 135 32 103 71 129 227 289 251 300 305 219 180 44 288 56 168 106 277 158 120 290 182 153 79 39 107 4 111 3 313 125 48 132 304 268 228 154 16 68 124 : 5037.9
4 3 
1 184 176 189 151 52 69 65 256 222 196 195 268 238 318 239 42 128 2 265 4 90 192 274 255 201 236 291 282 254 277 17 96 120 8 39 198 139 82 143 56 286 215 281 55 167 94 187 44 36 48 60 243 170 20 235 13 102 316 173 40 74 38 67 285 289 11 242 307 301 19 72 200 280 226 225 303 159 54 43 287 103 23 271 314 33 106 164 217 109 227 66 150 216 98 161 127 24 116 246 64 210 87 84 63 5 124 46 59 89 174 240 214 223 218 259 32 76 219 299 141 296 197 276 283 253 263 267 258 165 270 9 155 300 140 305 290 115 186 83 99 156 211 203 35 51 288 138 119 112 250 317 121 71 234 133 172 171 221 45 28 58 148 118 108 310 162 41 21 262 177 31 146 194 88 180 212 261 298 306 178 179 85 207 80 81 183 16 22 136 190 12 166 257 91 126 14 163 312 168 202 229 284 135 241 49 110 208 3 125 27 29 107 75 50 313 224 47 73 68 204 160 295 122 249 147 114 181 15 113 237 101 86 302 199 304 264 292 79 220 144 309 311 279 278 275 247 169 293 154 152 182 272 93 205 297 231 153 34 37 7 252 185 129 245 10 26 149 97 294 132 233 117 134 248 193 6 77 18 188 78 30 142 315 157 61 131 206 308 230 213 244 111 137 209 62 105 25 70 145 158 130 123 104 232 269 273 100 92 57 95 260 228 175 266 251 191 53 : 5130.48
5 0 
1 181 190 144 131 127 182 219 256 287 266 251 71 173 276 269 117 123 164 102 199 136 59 72 2 42 202 268 242 47 225 298 161 239 196 41 26 150 212 240 5 22 23 112 137 27 139 224 147 177 58 61 306 310 114 189 7 165 216 299 289 174 124 43 126 277 206 193 274 227 105 52 142 272 247 171 40 104 95 187 209 12 218 234 236 155 246 94 191 188 238 179 175 107 82 17 67 152 106 28 157 194 29 288 81 75 56 77 34 89 304 66 84 178 200 135 53 86 145 307 282 125 151 62 132 11 99 205 259 261 20 50 101 70 302 35 30 204 203 207 108 279 166 33 57 159 260 3 39 163 249 257 233 156 167 275 230 183 311 93 300 308 90 201 294 285 281 291 312 60 74 172 235 295 316 241 211 85 264 267 296 92 263 250 221 51 176 158 192 49 129 197 169 168 44 83 96 38 140 118 46 273 98 253 13 111 278 292 79 69 301 186 103 63 134 198 280 293 231 119 78 128 243 109 271 122 24 15 160 223 254 226 210 10 245 290 283 184 100 297 309 73 284 317 68 154 217 141 36 116 153 97 54 64 76 180 220 255 55 315 162 138 121 305 313 318 229 130 314 262 149 31 4 88 113 244 133 19 32 248 215 48 237 146 270 265 258 120 208 148 91 213 16 8 303 185 195 286 214 228 18 37 21 222 232 115 170 9 65 110 14 25 80 87 252 143 6 45 : 5076.04
5 1 
1 240 214 228 190 195 303 314 29 88 28 18 208 124 237 252 72 279 158 196 30 217 220 121 277 268 207 170 165 294 171 169 102 287 180 177 295 116 211 235 238 95 109 152 6 134 162 179 93 91 71 40 291 74 191 202 181 312 316 20 247 36 54 223 186 227 203 213 304 243 113 290 230 172 12 3 151 259 257 139 142 307 275 308 274 2 286 75 86 104 176 111 225 115 244 59 242 117 80 68 55 209 132 185 199 168 57 160 311 31 4 141 192 183 33 187 189 261 313 140 35 46 107 118 96 98 197 65 270 231 248 224 299 146 79 81 232 215 273 300 128 39 174 293 64 32 135 296 285 302 309 260 194 148 77 156 125 198 19 265 145 16 24 13 263 204 188 184 154 42 255 37 246 271 62 23 229 90 178 297 14 97 306 201 159 127 73 144 222 114 153 122 289 100 254 253 267 10 167 69 78 101 85 67 149 48 41 218 76 70 11 92 264 282 175 38 8 245 173 226 157 83 129 21 15 22 9 131 212 239 256 241 99 249 123 292 87 164 276 45 103 112 284 262 25 49 94 27 258 66 147 315 136 56 82 58 63 130 89 283 119 161 150 166 34 216 105 236 280 43 200 278 298 138 53 52 47 60 143 205 44 108 301 126 7 234 210 26 266 250 318 120 51 84 163 310 305 5 288 269 110 61 133 281 50 106 233 251 272 155 17 317 206 193 137 219 221 182 : 5143.15
5 2 
1 147 130 106 18 19 100 126 308 50 72 87 311 99 159 299 268 215 185 182 81 314 105 306 282 262 131 187 287 158 117 110 278 271 41 119 31 94 318 192 186 174 70 58 161 69 78 207 155 12 51 148 225 24 226 238 232 231 295 92 235 181 38 118 191 197 4 136 104 46 48 77 116 139 109 91 272 49 127 128 244 242 254 44 265 307 279 263 269 125 140 258 302 145 246 313 177 212 239 115 229 172 252 303 101 179 53 205 277 267 300 14 102 304 294 200 171 2 23 256 214 54 250 160 88 57 289 93 213 248 275 11 85 202 283 280 123 133 168 6 189 222 22 124 10 316 270 196 259 293 142 60 66 45 209 301 221 298 310 264 73 90 82 64 152 80 8 37 151 211 154 59 13 132 3 15 111 180 83 176 79 193 218 5 63 34 36 184 146 236 74 17 120 284 195 290 165 138 30 188 223 234 204 285 163 178 68 62 56 67 173 309 149 156 253 169 219 296 273 274 167 32 276 201 26 198 216 220 7 217 42 286 166 194 103 21 16 95 28 135 76 27 20 175 143 9 261 122 65 315 288 249 266 227 61 113 33 55 190 233 129 206 39 52 86 35 43 108 230 257 317 224 89 25 29 153 164 170 281 208 112 199 40 251 247 245 305 255 237 228 210 71 292 241 240 243 137 144 96 98 162 107 203 121 260 47 114 141 134 150 183 84 312 75 297 157 291 97 : 5212.71
5 3 
1 190 169 93 78 72 227 140 296 294 297 186 137 203 6 92 37 17 176 305 242 214 56 45 19 118 224 131 113 225 171 269 145 58 123 303 287 205 197 191 200 236 141 57 125 188 60 104 193 111 68 173 279 20 32 165 307 112 28 149 54 29 80 110 199 44 215 210 285 71 77 103 311 310 25 7 245 177 82 43 315 280 219 65 66 116 309 196 178 139 151 185 91 23 53 136 81 89 272 295 265 24 115 67 129 250 184 85 59 181 240 4 153 127 263 306 278 217 229 157 49 96 97 95 194 204 288 146 31 312 268 304 270 121 8 201 69 99 148 246 289 231 154 101 51 10 150 195 88 189 308 152 119 267 132 237 266 187 79 290 170 221 208 41 254 291 273 313 235 36 182 52 228 207 238 212 283 234 230 62 109 98 55 13 264 251 292 277 2 21 27 26 76 168 314 299 318 213 209 3 248 218 142 75 64 105 39 40 46 300 11 249 126 223 33 206 22 48 284 317 114 35 257 156 15 122 83 134 316 16 158 282 226 258 175 247 252 298 102 84 106 166 162 222 86 124 133 220 74 174 276 5 38 244 9 243 172 261 130 239 100 70 90 180 192 128 107 143 198 155 241 117 274 164 259 233 183 42 147 216 232 138 159 14 30 202 293 281 302 260 135 286 271 262 211 301 73 94 160 167 34 163 179 120 50 144 256 87 47 255 253 275 61 161 108 18 63 12 : 5111.8
