0 0 
1 2 6 7 10 11 15 21 22 29 103 20 23 28 30 31 32 33 27 24 19 12 16 17 18 25 26 37 36 104 45 40 316 317 49 48 50 55 56 59 105 57 54 51 47 44 41 42 43 46 52 53 58 62 64 67 68 71 78 82 83 85 91 92 96 97 101 102 93 98 99 89 86 84 79 77 72 80 76 73 69 70 74 75 81 90 95 94 100 207 206 202 201 197 196 88 87 190 188 187 183 189 184 182 177 172 173 176 65 66 63 61 60 164 161 160 155 153 150 209 145 154 38 39 35 34 134 127 126 125 128 133 135 136 137 138 132 129 124 121 122 123 130 131 141 142 140 139 242 241 240 239 232 231 220 225 230 228 246 245 236 235 226 224 318 215 219 237 233 234 244 223 275 249 247 252 314 248 270 271 273 268 266 265 257 263 253 267 269 274 285 291 300 308 310 304 286 284 280 296 289 290 282 277 170 171 288 294 292 293 295 192 193 301 302 306 307 311 312 205 199 200 298 279 299 309 204 203 198 191 178 181 185 194 195 186 180 179 174 175 168 163 158 157 151 148 146 147 149 152 156 159 162 210 169 167 166 165 262 260 143 250 315 272 276 283 287 278 281 303 305 297 251 261 144 259 258 264 256 254 255 243 227 313 238 229 214 222 221 218 213 211 216 118 119 217 212 109 110 114 113 108 117 208 120 14 115 116 13 112 111 107 106 4 5 9 8 3 : 717.855
0 1 
1 2 6 7 10 11 15 21 22 29 30 31 32 33 104 40 49 316 317 59 56 55 50 48 45 44 47 51 54 57 58 53 52 46 43 41 42 39 38 145 154 150 153 155 160 161 210 162 159 156 152 149 146 147 148 151 157 158 163 168 167 169 177 182 184 191 189 190 88 87 188 187 183 176 173 172 164 60 61 65 66 63 62 105 64 67 68 71 78 82 83 85 91 92 96 97 101 102 93 86 84 79 77 72 80 76 73 69 70 74 75 81 89 90 98 99 95 94 100 207 206 202 201 197 196 198 203 204 195 194 185 181 178 186 180 179 174 175 171 170 166 165 269 315 272 273 280 279 284 285 291 290 286 283 274 277 278 281 282 287 289 294 288 292 293 295 192 193 199 200 205 312 311 307 306 302 301 303 296 299 300 308 309 310 305 304 298 297 276 275 271 270 318 249 248 245 244 224 223 214 215 219 218 213 211 212 109 110 216 217 220 221 118 119 139 140 143 250 255 314 243 238 233 230 240 241 242 239 232 231 313 225 222 229 234 237 226 227 228 235 236 246 247 252 251 253 256 262 263 268 267 264 261 257 254 266 265 260 258 259 144 142 141 209 138 132 129 124 121 123 130 131 122 114 113 108 106 107 4 5 14 13 111 112 115 116 117 120 208 126 127 134 125 128 133 135 136 137 34 35 37 36 27 17 16 24 19 12 3 8 9 18 25 26 28 23 20 103 : 456.174
0 2 
1 3 8 9 5 4 112 111 107 106 108 113 114 122 121 123 130 131 142 119 118 221 220 217 216 110 109 212 211 213 218 219 215 214 223 224 244 245 248 249 318 270 271 275 276 297 298 304 305 310 309 308 303 301 302 205 312 311 307 306 199 200 195 194 186 180 179 174 175 207 206 202 201 197 196 95 94 166 165 269 167 168 151 157 158 163 156 159 162 210 169 178 181 185 177 182 184 191 198 203 204 193 192 171 170 295 293 292 288 278 274 287 289 286 283 285 284 280 291 300 299 296 294 277 281 282 290 279 272 315 267 259 255 257 253 314 241 240 233 222 230 229 243 242 231 239 232 225 313 238 237 234 226 227 228 235 236 246 247 256 251 252 262 263 264 268 273 254 260 265 266 258 261 250 139 140 143 144 147 148 146 149 152 161 164 160 155 154 145 153 150 209 141 100 99 98 90 89 93 102 101 97 96 92 91 86 84 85 83 82 78 79 77 72 71 68 67 64 73 76 88 87 190 189 188 187 183 176 173 172 65 66 61 60 80 81 75 74 69 70 63 62 105 59 56 55 50 48 316 317 49 45 17 39 38 35 34 137 136 135 138 127 126 128 125 134 117 208 124 129 132 133 120 115 116 13 14 40 104 41 44 47 51 54 57 58 53 52 46 43 42 37 36 33 26 25 18 16 27 24 19 12 20 23 28 30 31 32 29 22 21 103 15 11 10 7 6 2 : 593.177
0 3 
1 2 6 7 10 11 15 21 22 29 32 31 30 28 23 27 24 19 16 17 18 25 26 36 37 42 41 43 46 52 53 58 57 54 51 47 44 104 33 40 316 317 49 45 48 50 55 56 59 105 64 67 68 71 78 82 83 84 85 91 92 96 97 101 102 93 98 99 90 89 86 79 77 72 73 76 80 81 75 74 69 70 62 63 61 60 164 161 160 155 153 154 39 38 145 150 209 141 142 146 149 152 156 159 162 210 169 178 181 185 191 184 182 177 189 190 188 187 183 176 173 172 65 66 87 88 94 95 100 207 206 202 201 197 196 198 203 204 195 194 186 180 179 174 175 168 167 163 158 157 151 148 147 166 165 269 266 265 260 258 250 259 255 261 257 270 264 253 262 246 256 276 268 272 274 282 277 171 170 281 278 288 283 289 292 293 295 294 287 290 275 310 285 280 304 271 273 279 297 305 308 296 300 299 286 291 284 309 306 193 192 301 205 200 312 311 307 302 199 303 298 318 314 244 251 215 219 227 228 223 226 238 240 230 239 231 221 224 236 237 243 242 241 229 247 248 267 315 263 249 252 254 245 235 313 225 213 109 220 216 218 212 118 119 144 143 140 139 232 233 234 222 214 211 217 110 114 113 108 123 122 117 130 131 208 120 116 115 134 126 133 128 125 124 121 129 132 138 135 136 137 35 34 112 111 107 4 5 106 13 127 14 9 8 3 12 20 103 : 763.956
1 0 
1 2 6 7 10 11 15 103 21 22 29 32 31 30 28 23 20 27 24 19 16 17 18 25 26 37 36 33 104 40 49 316 317 59 105 56 55 50 48 45 54 51 47 44 41 42 43 46 52 53 58 57 62 63 70 81 75 74 69 64 67 68 71 78 82 83 85 84 79 77 72 73 76 80 89 86 91 92 96 97 101 102 93 98 99 90 88 87 196 94 95 100 207 206 202 201 197 198 203 204 195 194 191 189 190 188 187 183 176 173 172 177 182 184 178 181 185 186 180 179 174 175 193 192 301 302 199 200 205 312 311 307 306 303 308 309 310 305 304 298 297 276 275 271 270 318 249 248 245 244 228 140 139 132 138 129 124 133 125 208 128 135 136 137 34 35 38 39 60 61 66 65 164 161 160 159 162 210 167 168 169 163 158 156 152 149 150 155 153 154 145 147 209 141 142 146 148 151 157 268 171 166 165 269 295 294 293 292 288 282 283 290 286 291 280 285 284 300 299 296 281 289 287 277 278 274 279 273 272 266 260 257 261 267 263 254 251 247 246 237 235 236 252 253 256 262 264 255 250 232 230 229 231 114 218 227 234 226 212 221 118 119 242 238 233 240 239 122 121 123 130 131 143 216 213 219 214 223 224 215 222 314 259 265 243 313 225 220 109 110 315 170 144 217 211 241 258 113 108 106 107 111 117 126 127 134 120 116 115 13 14 112 4 5 9 8 3 12 : 682.937
1 1 
1 2 6 7 10 11 15 21 22 29 32 31 30 28 23 20 103 12 19 24 27 33 104 44 47 51 54 57 55 50 48 45 40 49 316 317 59 56 105 64 67 68 71 78 82 83 85 91 92 96 97 101 102 93 98 99 90 89 86 84 79 77 72 73 76 80 81 75 74 69 70 63 62 58 53 52 46 43 41 42 37 36 26 25 18 16 17 35 34 38 39 154 145 209 150 153 155 160 161 164 60 61 66 65 176 173 172 169 210 162 159 156 152 149 146 147 148 151 157 158 163 167 168 175 174 179 180 186 178 181 185 194 191 184 182 177 189 183 187 188 190 87 88 94 95 100 207 206 202 201 197 196 198 203 204 195 200 205 312 311 307 306 199 302 301 193 192 295 293 292 288 281 278 277 170 171 166 165 269 261 251 256 267 315 274 271 318 275 280 286 290 309 308 303 296 294 282 289 287 285 291 299 300 270 297 305 310 298 283 272 248 218 213 212 110 214 249 304 276 284 279 273 252 264 262 245 219 220 118 231 227 240 230 236 224 215 247 246 250 258 254 260 257 223 211 109 221 226 234 140 233 139 238 242 241 239 232 313 237 243 244 228 229 235 225 222 217 314 263 253 268 266 265 255 259 143 144 142 141 216 119 122 123 130 131 124 129 132 121 113 114 108 117 126 127 134 137 136 135 133 138 125 208 128 120 111 112 115 116 13 106 107 14 4 5 9 8 3 : 724.701
1 2 
1 2 6 7 10 11 15 21 22 29 30 31 32 33 104 40 316 317 49 45 48 50 55 56 59 105 57 54 51 47 44 41 42 43 46 52 53 58 63 62 64 73 76 80 69 70 74 75 81 90 89 86 79 77 72 67 68 71 78 82 83 84 85 91 92 96 97 101 102 93 98 99 100 207 206 202 201 197 196 94 95 88 87 66 65 61 60 164 161 160 155 153 150 154 145 209 141 142 140 139 143 144 267 270 248 224 228 245 275 271 244 249 223 234 236 237 233 235 215 226 109 110 212 211 213 214 238 229 243 314 247 246 252 272 273 315 263 256 284 285 276 279 274 281 170 171 305 290 286 304 169 172 173 176 183 187 188 190 189 177 182 184 191 185 181 178 174 175 179 180 186 194 198 203 204 195 193 192 294 293 295 199 200 205 312 311 306 302 301 307 303 309 298 300 296 299 308 297 283 282 287 289 291 310 269 259 265 278 262 268 266 277 165 166 168 167 210 162 163 158 157 151 148 147 146 149 152 156 159 288 292 280 261 251 318 253 257 255 260 264 254 258 250 242 241 240 313 218 219 216 217 220 221 118 119 231 230 239 232 222 227 225 130 131 124 129 132 128 133 137 136 135 125 208 120 126 127 134 138 113 108 117 116 115 107 111 112 106 4 5 13 14 34 35 39 38 36 37 26 25 18 17 16 9 114 121 122 123 19 24 27 28 8 3 12 20 23 103 : 812.942
1 3 
1 2 6 7 10 11 15 12 20 23 28 103 21 22 29 30 31 32 33 27 24 19 26 25 18 16 17 14 35 34 137 136 134 127 126 208 120 117 125 128 133 135 138 141 142 147 146 148 151 157 158 163 162 159 156 152 149 209 145 154 150 153 155 160 161 210 167 168 174 185 181 178 169 177 182 184 189 172 173 176 183 187 188 190 65 66 164 60 61 63 62 58 53 52 46 43 42 41 44 47 51 54 57 48 45 56 55 50 49 317 316 40 104 36 37 39 38 59 105 64 67 68 71 78 82 83 72 77 79 84 85 91 92 96 97 101 102 93 86 80 76 73 69 70 74 75 81 89 90 87 88 99 98 94 95 100 207 206 202 201 197 196 198 203 204 195 194 191 186 180 179 175 193 199 200 205 312 311 307 306 302 301 303 308 309 300 299 291 285 284 279 287 289 296 286 294 293 295 192 292 288 281 274 267 263 256 248 249 245 236 235 246 264 269 165 166 170 171 278 282 277 283 290 280 305 310 304 298 297 275 318 270 271 273 272 315 259 250 276 234 218 124 129 132 130 131 123 121 122 119 118 219 230 140 139 239 222 225 232 240 241 242 231 221 220 217 216 109 211 212 215 227 223 237 233 226 229 238 314 251 268 262 253 257 254 143 247 252 266 265 260 261 255 258 144 243 228 214 224 244 213 313 110 114 113 108 106 107 116 13 115 112 111 4 5 9 8 3 : 666.803
2 0 
1 2 6 7 10 11 15 21 22 29 32 31 30 103 20 23 28 33 27 24 19 46 176 277 215 227 36 132 97 191 5 4 106 213 223 249 86 297 139 256 212 65 303 70 316 57 217 162 268 153 281 294 168 144 94 301 98 83 90 62 105 96 102 63 93 84 206 76 201 177 199 230 150 235 155 287 145 14 129 304 285 296 114 107 239 203 276 313 286 278 263 137 196 80 91 82 317 79 148 305 156 35 119 298 315 181 260 172 258 130 121 112 237 43 51 159 101 40 45 186 142 242 174 75 205 190 104 312 284 116 69 226 68 73 274 163 165 131 282 259 222 221 295 273 128 134 124 175 271 194 100 89 78 64 60 307 77 55 54 92 44 279 210 81 160 247 169 167 173 47 59 188 170 251 120 288 228 269 308 161 164 184 185 179 195 192 283 264 265 310 252 253 123 241 211 208 113 233 135 200 72 74 240 146 275 220 136 13 61 183 87 66 198 99 290 187 306 270 246 234 219 118 147 157 238 214 216 125 127 138 109 115 17 16 18 25 26 204 37 225 245 262 318 202 53 56 52 41 182 50 48 42 49 67 85 207 197 292 232 149 311 302 180 248 300 244 133 218 209 140 272 261 108 236 231 224 229 178 88 95 189 314 309 193 154 143 166 111 110 126 117 255 266 280 299 289 34 58 254 141 151 243 257 171 291 250 38 39 293 267 71 152 158 122 9 8 12 3 : 3749.07
2 1 
1 2 97 86 194 61 199 242 248 277 150 74 169 20 155 263 147 284 159 282 112 114 293 259 65 32 62 68 96 84 175 195 269 220 254 247 126 235 313 232 29 23 153 279 64 46 100 281 72 317 51 87 27 222 36 67 286 73 91 162 211 113 315 127 316 308 236 305 189 47 26 176 157 206 200 59 116 90 193 152 16 44 109 140 79 278 118 262 271 229 237 250 218 258 265 252 107 163 52 40 181 146 154 78 54 80 135 190 94 69 82 70 312 76 283 300 221 19 217 253 266 188 299 297 275 14 119 168 239 289 290 207 274 37 186 179 130 18 261 214 178 172 149 198 132 95 302 42 204 318 151 115 251 106 21 88 143 240 187 223 66 160 136 104 196 93 122 92 301 8 270 184 81 50 166 129 55 260 304 249 256 202 11 71 123 124 185 30 53 158 303 241 177 192 213 57 77 280 203 3 28 12 225 295 292 238 35 161 165 167 216 128 99 15 56 268 310 246 173 306 234 171 264 257 255 164 156 276 182 13 144 24 102 125 60 75 39 267 227 210 230 191 311 145 142 120 117 296 17 33 180 31 111 121 22 105 209 307 148 98 294 83 205 131 49 43 288 183 201 197 287 174 5 208 226 219 298 273 231 134 141 285 309 314 228 139 63 89 48 25 10 7 6 272 4 110 85 170 34 41 138 244 233 45 224 215 58 108 243 291 133 245 101 212 137 38 9 103 : 5067.09
2 2 
1 2 6 7 10 11 15 21 22 101 102 89 52 72 59 94 161 163 160 153 141 313 268 308 242 244 238 311 179 202 196 271 277 189 193 288 178 285 222 252 218 131 162 165 279 123 229 231 267 251 106 132 41 130 192 303 93 284 138 233 38 17 276 168 45 219 83 146 149 108 185 205 67 66 64 296 150 96 30 172 199 236 35 25 181 203 281 42 46 47 92 56 73 115 53 183 40 85 32 33 48 240 125 237 253 264 306 194 304 245 116 5 197 65 55 171 68 191 291 224 256 159 239 88 77 86 200 211 126 124 144 18 175 98 27 154 80 282 151 167 182 62 76 302 294 312 300 258 249 269 139 13 134 26 74 24 275 298 295 140 143 315 16 36 12 170 63 78 206 299 214 129 34 28 201 210 51 100 226 117 112 208 180 148 184 187 70 37 235 317 31 29 20 23 81 259 215 121 142 227 156 157 254 274 186 188 60 99 54 174 19 166 120 118 79 243 223 105 90 107 272 195 75 290 207 286 316 228 255 173 58 164 119 91 113 250 128 3 8 9 111 114 260 263 109 220 247 266 310 309 280 246 248 230 221 261 257 287 145 278 234 136 127 122 198 213 4 177 289 82 307 14 241 314 87 49 176 43 190 212 137 318 152 283 262 305 297 133 135 216 147 225 95 61 39 69 169 71 50 44 104 57 97 84 155 292 265 301 293 270 232 103 209 217 110 273 158 204 : 4364.02
2 3 
1 2 6 7 10 11 15 103 21 22 29 32 31 30 23 20 12 19 24 27 28 33 104 36 37 26 25 18 16 17 14 13 116 120 126 127 134 142 254 269 249 245 266 293 283 203 194 93 96 311 151 156 146 148 171 286 250 143 251 291 253 272 264 231 232 225 221 257 308 191 295 281 170 153 137 136 35 39 176 190 167 271 247 273 226 238 180 209 287 280 312 200 174 173 172 207 87 157 165 303 302 282 300 192 310 198 99 307 161 178 184 189 188 290 197 305 297 242 114 220 213 239 235 256 270 289 229 314 246 121 132 125 128 284 276 131 138 294 309 261 288 306 205 206 100 147 285 301 210 265 267 224 214 122 230 124 234 241 263 199 201 292 223 227 159 298 258 163 299 215 212 218 228 222 123 113 211 129 117 119 219 243 275 183 177 181 38 42 44 41 43 46 52 47 51 54 53 58 76 80 77 85 86 79 83 67 95 74 82 63 169 88 94 182 260 313 130 208 252 166 160 150 155 154 164 179 279 141 217 240 259 139 248 110 109 244 296 193 195 268 318 304 278 175 186 162 152 204 66 61 149 187 89 73 69 70 81 68 91 102 98 317 316 40 49 45 48 50 55 56 64 105 97 75 65 90 196 84 78 71 92 59 72 202 101 57 62 60 168 185 277 255 140 233 236 237 118 262 133 216 158 274 315 135 34 145 144 108 106 107 112 111 115 5 4 9 8 3 : 2280.51
3 0 
1 30 31 32 44 88 68 72 79 59 51 52 96 293 272 141 308 195 266 306 261 189 296 246 270 305 290 285 268 122 121 145 209 185 300 278 199 176 311 161 159 163 87 245 38 35 158 218 142 60 238 292 257 114 116 111 5 227 135 117 226 264 127 179 211 294 205 180 191 92 82 67 69 73 46 203 181 77 57 95 43 42 28 23 20 12 103 29 22 21 15 11 10 7 6 2 25 197 210 255 276 200 282 175 100 90 232 247 165 230 144 147 134 78 237 248 283 65 53 316 55 49 40 45 41 149 254 80 102 83 93 207 196 315 233 275 164 148 54 288 267 63 187 251 157 146 178 39 252 307 106 219 303 265 131 244 223 113 262 250 133 222 129 295 217 150 84 50 56 204 253 115 125 118 220 234 228 314 85 98 81 74 299 188 269 231 162 186 236 256 166 206 71 198 153 130 212 281 160 155 138 17 137 260 216 168 287 108 242 274 213 107 284 263 177 240 170 241 156 174 193 298 101 167 126 312 34 192 70 214 302 91 317 48 105 62 173 139 136 26 27 19 24 183 291 280 259 33 36 104 128 225 182 64 154 190 89 202 249 194 271 75 37 97 47 310 243 124 309 18 16 112 132 201 66 184 99 86 120 14 13 119 221 235 277 215 273 313 151 58 171 152 301 289 286 318 94 76 61 297 229 239 172 169 304 279 258 143 140 224 109 110 123 208 4 9 8 3 : 3867.56
3 1 
1 46 67 68 89 206 307 191 309 250 247 229 241 271 244 110 33 155 51 185 80 76 139 303 59 129 40 50 48 317 146 255 199 195 253 219 188 177 136 238 251 78 160 186 261 276 30 87 260 104 54 100 294 204 123 147 56 198 66 119 239 148 225 254 315 174 170 107 19 135 61 259 86 85 113 114 211 256 280 152 245 200 300 141 134 18 103 15 178 268 220 313 157 47 137 98 284 277 197 301 311 58 172 52 202 57 265 168 310 130 221 62 126 246 282 6 41 180 302 4 145 144 293 12 71 108 218 27 175 82 93 53 270 227 222 133 203 292 297 192 39 73 194 235 112 212 101 305 233 120 179 308 201 60 314 20 149 209 105 21 5 171 167 205 37 36 17 44 169 226 249 231 291 290 287 217 162 32 25 111 281 279 275 312 143 296 22 16 299 128 153 196 75 102 304 213 28 94 91 257 118 117 122 31 45 81 115 132 316 83 269 154 84 158 8 234 242 286 273 285 267 11 42 14 23 97 127 124 163 88 63 131 252 298 288 65 236 215 264 90 34 223 159 189 92 263 208 79 55 2 140 266 74 26 96 77 151 182 183 38 99 243 95 228 193 161 176 262 214 318 230 187 64 164 7 289 109 13 49 106 70 69 207 125 272 190 156 165 232 248 43 3 10 306 224 240 181 237 24 295 138 166 283 9 173 150 121 116 216 258 274 35 72 184 278 210 142 29 : 4931.66
3 2 
1 2 24 43 52 96 174 279 256 172 220 313 227 239 254 266 291 274 289 295 306 151 161 66 182 74 79 62 51 48 30 72 86 245 9 208 107 206 190 302 263 173 118 290 270 171 226 304 68 67 64 300 297 160 287 204 41 26 207 17 163 125 249 157 147 205 69 169 63 90 248 283 246 315 298 184 154 141 158 130 38 228 128 230 120 13 178 153 108 85 148 97 185 198 267 98 109 121 218 57 166 240 136 50 58 150 127 277 247 142 210 95 314 117 111 18 102 215 149 88 175 32 23 25 296 261 265 164 106 37 203 75 301 253 243 238 100 84 231 260 133 34 271 201 288 241 124 93 22 15 11 6 7 10 16 56 180 14 146 12 82 20 36 115 259 282 114 257 135 138 229 213 310 179 155 145 89 159 196 54 73 46 21 53 192 292 42 144 99 294 191 110 278 285 255 252 35 60 216 116 202 312 19 27 45 77 65 236 222 4 5 137 156 200 168 309 176 224 221 211 123 131 237 122 242 299 194 251 276 76 31 28 183 235 49 94 47 113 280 80 40 44 234 209 78 129 59 250 143 83 188 303 307 140 199 316 214 165 281 272 286 305 264 177 268 225 8 134 81 223 219 244 293 258 101 197 139 181 39 170 105 273 311 29 103 104 55 284 318 317 152 33 262 275 112 212 217 119 269 189 187 162 87 71 92 193 308 132 232 233 195 70 91 186 167 126 61 3 : 4598.66
3 3 
1 2 6 7 10 11 15 103 21 22 29 32 31 30 28 23 20 19 27 24 16 121 237 214 233 215 266 260 287 308 311 306 304 295 166 110 123 140 268 277 296 272 156 270 290 218 147 138 135 117 246 131 250 278 310 100 271 168 145 209 256 208 127 235 217 152 175 239 313 227 254 267 300 203 201 301 65 84 82 76 176 187 195 303 205 181 177 197 191 196 70 81 86 57 58 53 52 46 43 41 42 37 36 26 25 18 17 14 120 13 229 216 259 318 141 160 155 289 193 236 148 275 245 315 293 282 294 199 280 143 69 92 90 190 63 62 124 122 234 114 225 283 192 276 299 170 228 226 118 153 162 158 185 285 198 99 96 93 97 64 71 85 79 202 102 72 68 67 56 316 317 40 104 33 44 47 51 54 45 48 50 49 55 59 105 73 80 89 101 91 83 78 98 75 74 88 95 207 206 169 292 258 66 77 60 210 180 178 186 204 174 61 179 183 173 188 305 200 281 253 213 151 274 302 264 312 94 87 172 39 38 133 34 35 137 134 262 248 244 129 126 125 238 288 164 279 273 220 139 314 247 242 263 265 230 132 136 128 219 240 269 163 157 159 184 182 150 221 255 108 112 111 223 284 309 298 249 261 109 231 119 144 194 222 142 115 116 130 146 149 286 291 297 224 232 241 251 243 211 307 171 189 167 154 161 165 252 257 113 212 106 107 4 5 9 8 12 3 : 2372.03
4 0 
1 2 6 7 10 11 21 22 29 30 31 32 33 36 37 42 41 43 46 52 51 47 44 104 40 316 317 49 45 48 50 55 56 59 105 57 54 53 58 63 62 64 73 76 80 69 70 74 75 81 90 89 86 84 79 77 72 67 68 71 78 82 83 85 91 92 96 97 101 102 93 98 99 88 87 196 197 94 95 100 207 206 202 201 198 203 204 195 194 191 185 181 178 186 180 179 174 175 171 170 166 165 277 278 281 288 292 293 295 192 193 199 200 205 312 311 307 306 302 301 303 296 294 289 287 282 274 283 286 290 279 280 284 285 291 299 300 308 309 310 305 304 298 297 276 275 271 270 318 249 248 244 245 252 253 251 254 257 261 264 256 262 263 268 273 272 267 315 269 266 265 260 258 255 259 144 143 250 314 246 247 236 235 243 233 229 237 234 213 118 221 110 119 109 114 122 123 130 131 121 132 129 124 113 117 125 133 208 127 134 126 120 116 115 13 14 4 5 112 111 38 39 35 34 137 136 135 138 209 146 148 151 157 158 163 162 159 156 152 149 145 154 150 153 155 160 161 164 60 61 66 65 189 190 188 187 183 176 173 172 184 182 177 169 210 167 168 147 142 141 128 313 241 242 231 225 222 226 228 218 227 219 224 223 215 214 211 212 216 217 238 230 232 240 239 220 139 140 108 106 107 3 12 8 9 16 18 25 19 17 20 24 27 26 103 23 28 15 : 555.059
4 1 
1 2 6 7 10 11 15 103 21 22 29 30 31 32 33 104 45 40 316 317 49 48 50 55 56 59 105 57 54 51 47 44 41 42 43 46 52 53 58 61 60 66 65 172 173 176 183 187 188 190 87 88 70 69 63 62 64 67 68 71 78 82 83 85 91 92 96 97 101 102 93 86 84 79 77 72 80 76 73 74 75 81 89 90 98 99 95 94 100 207 206 202 201 197 196 198 203 204 195 194 191 189 184 182 177 169 178 181 185 186 180 179 174 175 193 192 199 200 205 312 311 307 306 302 301 296 299 300 303 308 309 310 305 304 298 297 276 275 318 270 271 280 279 284 285 291 290 286 283 282 287 289 294 295 293 292 288 281 171 277 278 274 315 170 166 165 269 258 313 232 228 230 218 214 224 223 215 245 244 248 249 239 241 229 219 226 236 238 255 260 143 242 234 231 222 233 237 235 243 139 140 216 113 108 120 112 111 107 106 4 115 117 123 130 131 121 122 114 129 132 124 125 133 128 208 141 142 314 246 247 213 212 220 118 119 110 211 109 217 116 221 225 240 144 250 253 257 256 254 251 252 227 259 265 262 266 263 261 268 272 273 267 264 147 146 148 151 157 158 163 156 152 149 167 168 159 162 210 164 161 160 155 153 154 39 38 145 150 209 138 135 136 137 34 35 37 36 134 127 126 13 14 5 9 8 17 16 18 25 26 19 24 27 20 23 28 12 3 : 665.116
4 2 
1 2 6 7 10 11 15 21 22 29 30 31 32 33 27 24 19 16 17 18 25 26 37 36 104 40 49 316 317 59 105 56 55 50 48 45 57 54 51 47 44 41 42 43 46 52 53 58 62 64 69 70 74 75 81 90 89 80 76 73 72 67 68 71 78 82 83 85 84 77 79 86 91 92 96 97 101 102 93 98 99 88 87 196 197 94 95 100 207 206 202 201 198 203 204 195 194 186 180 179 175 174 178 181 185 191 189 190 188 187 183 184 182 177 169 172 173 176 65 66 63 61 60 164 161 160 155 153 150 154 39 38 145 209 149 146 147 148 151 157 158 163 152 156 159 162 210 167 168 166 165 170 171 292 288 281 277 278 287 289 283 290 296 299 300 309 308 303 301 302 306 307 311 312 205 200 199 193 192 295 293 294 282 274 286 284 285 280 272 271 270 247 229 218 244 267 261 248 245 253 256 250 118 222 258 264 255 314 252 275 297 304 310 305 318 298 276 291 279 273 315 265 269 266 262 257 260 268 263 249 228 246 235 226 243 238 313 241 242 139 231 234 211 109 213 237 214 227 119 121 123 131 142 141 144 143 140 236 215 216 110 220 232 221 239 240 230 219 259 254 251 223 233 225 224 217 212 138 132 129 124 122 130 114 113 117 125 128 133 136 137 134 135 34 35 126 208 127 4 5 14 13 116 115 112 111 108 106 107 120 9 8 3 12 20 23 28 103 : 749.915
4 3 
1 2 6 7 10 11 15 103 21 22 29 30 31 32 33 28 23 20 12 19 24 27 16 17 18 25 26 37 36 104 44 47 51 54 57 56 55 50 48 45 40 49 316 317 59 105 64 67 68 71 78 82 83 85 91 92 96 97 101 102 93 98 99 90 89 86 84 79 77 72 73 76 80 81 75 74 69 70 63 62 58 53 52 46 43 41 42 39 38 35 34 137 136 135 138 132 129 124 121 122 123 130 131 142 141 209 145 154 150 153 155 160 161 164 60 61 65 66 87 88 94 95 100 207 206 202 201 197 196 191 198 203 204 195 194 186 180 179 175 174 178 181 185 177 182 184 189 190 188 187 183 176 173 172 169 210 162 159 156 152 149 146 147 148 151 157 158 163 167 168 166 165 144 143 140 139 242 119 118 220 221 225 231 232 239 240 241 314 259 258 255 257 261 267 254 256 262 264 251 263 268 273 280 290 304 305 297 279 298 287 277 299 300 301 192 281 294 289 296 291 309 308 312 311 307 306 302 199 205 200 193 288 171 170 303 284 286 282 283 285 276 310 271 275 295 292 315 269 293 278 266 253 274 260 270 250 265 252 272 248 249 318 223 246 227 229 218 215 214 222 237 226 236 243 238 233 230 313 228 234 247 219 224 244 245 235 213 211 212 109 216 217 110 114 113 111 112 106 108 115 120 116 13 134 127 126 208 117 125 128 133 14 107 4 5 9 8 3 : 692.967
5 0 
1 2 6 7 10 11 15 21 22 29 103 20 23 28 30 31 32 33 27 24 19 16 17 18 25 26 36 37 114 216 221 113 230 271 291 282 279 310 302 270 286 170 195 188 87 101 91 61 202 154 156 119 265 248 262 143 253 222 132 117 139 208 126 219 273 160 155 306 58 57 64 274 82 49 85 200 206 242 186 123 278 307 267 229 175 281 185 254 305 292 157 234 243 257 120 233 13 5 272 225 149 236 34 35 133 138 141 318 311 244 190 315 238 277 110 231 140 300 297 269 303 284 178 177 176 97 52 207 191 145 173 159 136 121 211 209 210 204 172 194 304 309 287 266 153 66 167 42 41 43 99 74 54 316 71 187 63 80 78 92 73 86 88 76 79 56 55 40 67 94 197 237 203 146 261 112 111 116 129 258 295 227 283 95 68 47 51 84 90 59 317 184 268 183 53 96 198 205 151 298 144 240 312 260 246 131 171 193 180 162 60 168 289 128 127 135 226 314 263 181 65 100 93 169 293 150 275 152 148 255 125 109 245 239 174 70 102 83 81 46 104 45 44 48 77 72 50 105 201 75 294 196 158 313 235 259 213 108 217 285 38 299 192 182 296 98 166 249 308 224 163 137 250 301 89 288 241 276 214 252 264 165 215 130 179 122 223 232 134 14 39 164 218 161 189 62 69 199 147 228 280 212 220 118 247 251 256 290 142 124 115 107 106 4 9 8 12 3 : 3295.16
5 1 
1 9 76 100 136 46 118 272 238 308 126 14 228 254 266 180 243 59 172 190 101 234 267 123 290 294 261 4 119 165 281 205 108 213 239 208 39 170 295 206 202 98 183 89 97 91 188 200 317 29 23 27 304 314 249 223 236 191 78 48 74 60 185 43 11 40 105 16 279 93 210 66 34 224 139 90 138 69 299 245 63 149 125 3 44 160 38 37 289 270 227 212 232 287 55 45 31 151 184 231 145 263 109 198 144 18 36 233 257 80 131 305 122 64 292 5 112 163 277 157 19 104 54 61 94 155 152 159 186 252 229 240 220 303 315 141 250 199 316 79 195 158 171 296 215 219 262 312 117 121 265 197 88 247 217 146 114 218 87 291 102 32 21 15 53 83 201 140 143 50 33 124 70 148 214 280 307 20 28 30 72 174 84 85 253 241 237 309 264 134 26 67 203 24 115 216 92 293 62 258 99 242 284 306 246 147 52 276 251 156 41 169 137 248 297 244 211 111 154 274 57 56 221 35 65 162 116 187 173 207 75 283 275 161 22 42 17 7 153 168 12 204 271 313 268 226 196 47 179 49 222 177 77 193 318 8 10 71 51 181 209 25 106 278 255 164 127 286 167 73 230 260 288 58 133 6 235 301 2 13 103 269 129 273 68 311 310 300 150 135 175 107 225 166 302 142 132 128 176 256 285 298 194 113 259 130 282 82 178 96 95 110 86 182 81 192 189 120 : 4880.46
5 2 
1 2 6 7 10 11 21 22 29 46 153 163 250 223 235 218 309 203 302 299 169 307 197 189 100 76 73 79 57 51 47 43 99 97 93 207 263 257 258 148 113 215 128 39 145 313 222 275 273 281 287 292 74 75 101 96 62 201 256 108 27 23 28 19 33 44 260 26 63 295 315 185 118 231 115 134 225 253 144 171 198 289 293 56 272 216 188 162 199 105 282 224 259 160 146 266 184 283 304 192 95 175 310 155 147 102 55 84 89 49 40 170 167 173 130 232 158 269 80 316 52 277 140 270 195 233 311 196 106 83 92 229 241 252 264 255 246 138 244 53 94 303 133 91 164 168 202 206 5 132 219 183 87 317 90 50 67 213 4 248 37 296 151 120 156 249 300 72 71 104 154 68 136 280 286 301 35 254 98 59 77 61 205 279 172 88 182 217 288 312 200 58 86 69 81 141 245 290 284 82 165 204 36 135 181 221 41 157 239 271 291 251 261 166 16 137 247 238 305 139 107 209 161 125 220 240 14 13 242 297 54 143 64 110 159 208 111 306 34 294 178 85 236 187 152 227 60 127 314 78 179 48 308 70 228 109 268 194 12 274 212 112 276 38 114 121 210 42 214 211 126 265 298 193 191 131 124 129 24 17 234 142 267 230 243 66 180 65 177 262 117 285 278 190 174 149 226 122 119 116 20 8 3 25 237 18 9 318 186 150 123 45 176 32 31 30 103 15 : 4323.39
5 3 
1 2 6 7 10 11 15 103 21 22 29 32 31 30 28 23 20 12 19 24 27 33 36 37 42 41 43 47 44 104 40 49 45 48 50 55 56 316 317 59 105 57 54 51 46 52 53 58 63 62 64 67 68 71 78 82 83 85 84 72 77 79 86 80 76 73 69 70 74 75 81 89 93 91 92 96 97 101 102 98 99 90 95 94 196 197 201 202 100 207 206 198 35 108 132 134 127 126 117 129 110 217 226 225 227 140 239 251 267 144 246 254 218 266 281 269 276 310 295 205 274 296 199 312 305 304 273 278 193 192 293 277 237 165 186 172 177 182 181 174 211 125 121 209 61 60 292 190 188 187 169 210 152 255 283 249 261 318 229 214 130 139 213 244 236 260 314 300 308 268 264 284 294 298 194 195 179 168 156 161 160 155 164 180 250 143 141 262 224 234 212 219 241 232 119 114 113 107 115 128 138 131 231 271 215 120 116 112 4 111 13 14 208 136 135 228 245 315 303 147 170 265 242 279 280 307 285 299 248 289 222 230 216 123 133 137 34 38 154 39 263 167 158 153 150 149 146 148 221 220 109 157 151 233 223 118 257 258 243 253 270 166 286 301 302 306 204 291 290 159 162 272 256 259 309 200 171 282 287 297 311 124 122 252 142 313 238 235 203 288 175 178 185 189 184 183 88 87 65 66 173 176 191 163 275 247 240 145 106 16 17 18 25 26 5 9 8 3 : 1687.49
