0 0 
1 6 7 20 23 15 11 19 26 134 126 136 135 115 120 117 116 146 174 173 190 87 204 203 202 65 60 177 156 127 138 210 70 95 195 306 199 194 148 17 16 27 12 18 9 129 111 13 141 144 222 238 212 313 227 241 239 233 217 220 221 216 109 110 119 230 243 140 143 152 151 181 76 68 67 71 53 58 82 197 207 206 294 309 295 248 247 242 139 225 130 34 35 38 153 161 166 277 296 205 308 271 270 275 276 299 300 297 286 279 290 266 169 208 114 232 298 312 303 278 264 258 259 285 287 154 160 145 209 159 186 178 185 189 176 98 164 46 42 182 171 288 282 289 244 226 214 215 224 219 213 107 106 4 5 137 157 168 149 132 113 118 237 235 223 252 257 246 236 245 314 228 240 254 265 280 310 305 291 249 318 273 293 170 301 200 193 283 304 260 165 269 311 292 198 191 184 183 187 188 179 163 150 162 155 61 69 90 73 75 81 72 24 36 39 175 192 172 167 307 302 94 201 102 63 49 48 105 77 83 85 99 89 92 96 101 78 100 97 84 91 93 62 56 59 50 64 44 41 54 52 80 79 86 88 180 37 316 317 43 47 104 31 28 33 25 103 21 30 32 22 29 40 45 55 57 51 74 66 196 281 284 268 267 256 262 261 253 315 274 263 255 250 229 251 158 272 147 234 231 124 128 125 14 108 133 121 122 131 142 218 211 123 112 8 3 10 2 : 1736.52
0 1 
1 40 316 64 129 109 216 247 251 313 242 132 138 133 125 16 27 23 28 19 24 160 37 53 96 76 74 73 79 77 84 83 97 102 90 95 100 207 192 301 278 272 289 280 250 157 210 169 180 182 198 88 81 60 147 143 253 314 271 270 291 297 273 248 214 268 245 218 122 130 117 112 107 4 5 14 49 20 15 12 48 67 78 50 55 72 68 92 101 85 75 56 59 71 86 105 69 201 197 87 65 202 66 183 188 181 189 204 287 307 309 308 304 305 254 239 318 224 228 219 212 222 213 211 230 231 241 237 226 223 118 119 110 220 221 244 252 269 296 282 283 275 262 215 232 144 266 260 277 179 196 173 128 136 120 13 106 116 108 113 140 236 267 52 43 151 123 131 217 172 187 203 195 249 256 227 225 238 243 235 240 259 184 89 82 93 54 51 63 62 46 70 80 91 98 99 44 58 36 33 104 32 30 29 21 103 57 175 135 111 208 126 121 124 127 141 148 152 146 145 155 153 159 162 178 61 154 115 134 156 142 279 274 171 295 286 315 166 294 281 312 303 290 293 299 167 186 302 311 199 288 170 292 306 205 200 190 94 206 191 185 174 177 38 42 41 161 150 209 163 137 35 8 25 47 317 45 31 11 10 6 7 22 18 17 34 26 39 149 158 246 234 263 276 310 284 298 300 285 194 168 193 176 164 255 264 165 258 257 261 265 139 229 233 114 9 3 2 : 1829.46
0 2 
1 21 103 30 28 58 62 23 120 127 126 148 146 121 113 119 220 240 231 218 257 275 270 258 140 165 171 175 162 159 137 60 188 203 61 69 82 52 27 12 8 124 123 131 143 230 223 242 222 118 313 236 245 253 239 229 212 211 216 227 214 243 215 226 219 246 252 267 251 235 224 247 255 265 248 261 262 249 318 129 139 254 268 314 241 238 271 289 292 306 312 299 278 300 179 169 164 160 112 115 13 14 133 161 185 287 288 225 213 221 130 208 147 134 122 217 109 233 144 234 228 114 110 128 125 259 290 157 35 34 187 195 86 57 56 48 50 78 83 95 196 194 178 167 197 88 189 193 302 182 202 206 191 201 180 183 170 311 286 283 269 166 181 173 152 177 176 296 280 256 291 260 250 272 264 205 301 284 295 282 279 294 298 276 277 315 263 266 293 307 174 158 163 149 155 153 210 168 141 237 244 232 186 184 94 100 150 41 55 40 32 31 29 15 7 6 2 3 9 5 36 4 209 142 151 138 145 154 172 65 190 99 90 77 59 85 89 98 87 70 71 93 97 96 84 76 79 105 46 43 37 47 63 68 91 92 80 67 316 49 317 54 51 81 74 42 20 22 104 24 11 10 25 18 16 17 107 156 136 39 38 132 135 108 116 111 106 117 304 305 199 281 285 309 297 273 274 192 308 310 303 200 204 198 207 66 72 101 102 64 73 75 44 53 45 33 26 19 : 1892.94
0 3 
1 225 238 290 289 295 193 294 278 302 185 207 179 184 80 65 102 98 76 93 91 83 101 201 176 52 46 51 26 37 105 53 54 59 90 96 92 73 63 94 72 95 206 202 169 71 97 183 66 100 191 194 197 198 190 188 88 284 192 161 210 175 174 167 163 159 145 242 237 245 258 275 299 279 273 228 226 236 216 217 220 118 13 120 121 123 165 272 171 246 234 239 232 110 231 280 309 180 178 205 281 282 311 312 300 291 286 186 172 288 296 277 168 182 173 61 60 68 85 99 70 69 62 49 56 50 48 104 33 27 19 16 36 136 126 34 128 125 130 84 67 86 79 42 55 30 23 29 22 21 32 45 77 81 74 87 181 39 41 43 57 10 2 3 8 116 113 129 138 135 142 134 35 38 156 160 150 155 143 259 251 253 266 247 244 227 211 122 235 139 109 313 212 213 224 223 219 260 267 222 144 151 132 133 127 124 107 108 106 12 15 103 20 28 40 44 47 24 25 18 17 141 112 5 4 9 111 14 115 117 131 218 221 233 254 271 305 297 310 292 170 308 199 196 187 162 177 82 64 317 316 78 89 75 314 166 285 204 200 203 195 293 274 287 269 250 255 261 303 318 298 270 304 276 164 262 249 248 240 243 140 265 257 256 283 306 301 307 189 147 146 157 158 149 268 241 214 264 263 252 315 215 229 230 114 119 208 137 152 154 148 153 209 58 31 11 7 6 : 1913.63
1 0 
1 7 6 10 11 103 21 23 29 30 32 22 317 316 50 56 76 307 205 202 65 181 87 169 145 153 121 254 258 267 245 310 264 251 242 246 225 250 275 256 253 236 235 247 262 289 282 274 318 273 263 265 240 257 259 166 172 189 184 177 295 293 296 281 287 196 198 180 174 175 191 52 63 54 57 62 42 86 89 93 79 82 69 47 104 53 105 67 72 68 28 37 36 26 19 33 12 24 16 113 216 217 118 252 234 313 151 162 140 143 136 14 9 8 3 15 46 164 61 60 75 74 81 73 77 80 78 64 55 48 44 45 41 51 102 203 171 170 269 165 192 272 271 270 298 304 301 195 194 186 66 311 309 305 299 284 297 280 285 290 283 193 199 312 303 294 278 288 292 308 200 260 168 286 291 315 243 261 137 152 148 157 237 233 117 130 119 215 214 227 231 139 131 129 133 125 128 134 43 188 204 277 268 279 249 238 222 220 144 255 266 178 190 187 161 163 176 173 185 182 210 155 96 84 83 85 101 207 88 90 70 92 99 197 95 58 71 97 91 98 94 201 206 100 183 179 160 59 49 40 25 122 228 213 221 212 112 115 116 120 39 38 150 159 158 147 142 209 146 229 232 239 124 111 106 4 5 107 108 110 241 141 248 314 276 300 302 306 167 149 156 154 35 135 138 208 126 31 20 27 109 211 219 224 244 223 218 226 230 114 123 132 127 34 13 17 18 2 : 1741.21
1 1 
1 6 22 29 30 32 59 53 34 133 125 208 135 38 42 11 10 24 33 191 61 176 169 167 3 8 9 12 25 18 36 17 122 114 138 123 150 131 121 116 115 107 108 35 5 4 132 120 106 117 127 134 128 141 163 162 295 276 236 234 250 262 252 214 245 226 228 292 192 205 307 249 222 313 263 248 232 231 165 303 200 199 201 94 98 92 74 88 95 81 76 51 44 43 146 159 156 158 157 151 147 142 110 109 218 211 212 213 118 119 219 247 215 224 251 253 268 258 257 237 225 216 314 254 312 309 300 193 305 170 186 181 178 202 203 195 294 289 283 290 308 275 298 279 266 246 244 233 129 26 136 160 39 153 154 112 111 209 137 14 113 149 148 293 296 177 206 188 164 161 185 183 65 172 189 179 66 184 60 187 204 196 86 85 91 78 77 83 80 207 58 48 46 64 68 99 67 55 45 49 316 317 97 79 82 93 101 102 71 259 235 221 223 284 304 310 299 261 256 264 315 272 274 171 175 87 288 267 282 277 190 100 90 75 56 47 52 41 63 73 84 197 166 241 318 242 139 144 243 229 140 143 260 301 302 306 311 281 278 286 285 291 280 297 271 270 273 255 265 269 130 124 13 16 54 182 194 210 217 220 227 240 230 238 239 126 145 152 174 168 180 287 198 173 155 27 19 20 28 23 31 21 15 104 57 96 89 72 69 70 105 50 62 37 40 103 7 2 : 1842
1 2 
1 82 83 98 95 81 64 67 85 97 207 172 210 158 181 148 136 137 141 121 246 248 236 200 193 194 168 143 144 314 261 170 166 268 266 254 264 265 228 229 209 156 304 297 275 318 241 247 223 213 221 111 116 13 5 107 4 124 212 153 154 192 205 303 293 289 263 260 163 177 185 202 196 191 203 197 80 93 89 91 86 92 102 96 73 62 53 105 50 25 26 17 27 23 19 36 43 52 164 88 87 195 180 178 198 190 160 157 37 33 22 28 20 103 31 104 45 55 44 41 60 159 174 179 186 138 130 129 127 120 117 208 128 126 133 125 114 145 150 152 199 311 307 286 292 278 294 296 256 231 222 139 232 225 239 238 253 245 244 309 308 224 215 227 226 118 131 112 8 3 10 11 15 29 32 317 48 316 76 68 56 38 61 312 288 162 151 182 167 295 310 306 287 301 281 279 305 276 270 285 282 284 273 315 113 108 106 211 216 313 243 140 171 204 100 201 176 173 66 184 155 146 147 277 267 255 280 274 258 233 214 219 110 220 217 218 235 237 14 18 16 12 35 169 187 183 65 47 6 7 39 34 135 42 161 70 69 74 75 94 206 101 78 51 77 71 84 90 99 79 59 54 63 58 57 46 24 21 30 9 40 49 72 189 175 188 149 259 251 283 291 249 271 252 242 269 165 272 290 302 299 300 298 262 257 234 240 122 123 109 134 132 115 119 250 230 142 2 : 1862
1 3 
1 176 206 90 95 101 97 93 80 72 79 83 96 92 78 71 67 64 58 105 68 91 102 317 316 59 45 82 89 70 69 252 256 313 229 217 222 218 219 270 285 315 151 158 182 87 188 177 172 169 164 191 297 305 298 308 192 173 201 190 88 203 94 197 189 265 179 153 161 185 174 186 312 309 296 301 194 202 53 43 46 47 44 50 51 52 74 60 160 154 39 145 141 149 187 63 73 86 85 84 77 48 55 49 103 23 15 11 12 18 37 134 138 125 152 157 199 311 306 181 198 204 75 66 196 100 184 178 193 294 295 304 276 280 310 248 258 259 260 236 244 245 239 231 240 238 144 123 130 133 136 126 208 120 221 215 226 234 235 233 237 228 261 275 271 267 253 266 165 171 168 147 146 163 195 99 56 57 33 20 3 16 26 25 41 28 30 34 135 119 211 142 122 124 127 108 5 9 8 17 24 19 62 81 98 76 183 65 61 42 54 14 13 107 106 111 112 113 109 212 139 250 166 257 291 289 200 207 205 170 175 279 264 246 241 143 132 128 243 249 223 247 262 268 254 272 299 284 263 318 214 213 230 225 251 232 140 137 129 121 38 210 156 150 117 118 110 220 242 307 293 273 277 281 292 282 180 302 300 303 278 288 283 274 224 227 216 114 131 4 116 115 159 209 148 287 290 314 255 286 269 162 167 155 35 36 27 29 22 2 7 6 10 40 104 21 31 32 : 1774.36
2 0 
1 227 266 141 110 241 315 206 45 317 316 33 284 190 191 297 265 220 300 312 289 23 12 5 293 24 67 250 65 42 180 70 98 167 164 213 211 222 219 114 305 60 116 3 7 38 290 209 165 112 186 144 171 22 140 267 205 303 155 263 201 149 151 248 118 84 218 229 271 215 172 104 309 202 56 126 264 117 69 310 194 225 125 15 100 295 292 74 299 224 138 34 301 277 318 16 306 18 286 178 228 92 20 9 29 21 83 254 108 238 119 130 8 147 133 73 58 217 269 262 31 81 77 79 25 2 280 231 11 169 94 189 35 26 132 36 276 246 285 203 274 282 249 296 208 183 90 170 14 111 93 145 175 196 193 40 113 288 127 55 237 128 6 124 210 185 187 214 105 131 294 298 268 240 168 152 136 173 48 260 253 109 255 195 226 221 37 72 64 30 135 314 287 41 158 179 87 43 75 44 53 192 204 71 97 99 311 129 233 142 242 235 13 78 174 59 61 256 291 122 76 259 160 32 279 304 17 28 62 216 63 163 148 123 302 184 156 68 57 10 159 102 199 308 278 198 86 19 181 182 177 143 223 283 281 137 243 313 46 161 121 153 272 236 252 245 239 157 101 85 96 166 275 200 82 188 66 244 50 230 273 106 115 88 197 47 257 103 150 80 89 91 261 270 207 212 258 39 27 49 54 51 52 307 95 176 146 162 139 234 232 154 247 251 120 134 4 107 : 4909.68
2 1 
1 45 59 173 197 42 93 207 277 96 76 40 264 224 141 248 296 269 311 35 191 261 236 271 5 14 4 24 44 317 29 15 11 79 104 17 38 179 125 53 50 226 284 291 221 136 124 259 171 80 234 199 303 159 147 239 204 263 294 99 106 215 211 102 304 222 51 315 237 68 67 216 129 182 253 279 241 183 74 133 6 200 193 165 272 146 39 62 282 301 103 31 12 22 33 219 274 32 286 281 167 218 46 198 71 13 184 58 77 72 23 212 172 113 246 70 275 254 117 300 105 26 112 61 100 177 257 111 174 115 16 144 161 194 131 84 157 65 249 120 251 295 229 231 108 168 162 227 143 137 185 73 66 92 134 240 151 310 178 276 305 270 25 97 302 202 64 209 217 187 233 135 153 121 244 55 83 28 228 267 37 48 181 309 149 101 186 127 188 245 252 242 154 81 54 75 316 313 60 210 203 94 43 52 273 293 142 208 175 2 166 114 85 95 196 299 160 287 201 10 107 82 214 243 126 118 289 307 155 138 148 19 247 225 56 47 36 57 27 256 265 86 195 116 30 49 220 34 63 89 150 213 283 235 250 314 122 98 156 232 288 140 278 180 308 164 280 258 238 130 128 119 158 230 18 88 169 139 90 306 290 318 145 292 123 223 91 262 205 260 152 255 170 176 190 266 268 297 8 69 192 189 298 285 163 132 206 7 21 78 87 312 3 20 9 109 110 41 : 5056.27
2 2 
1 253 123 116 247 221 81 189 161 92 73 156 109 269 279 318 309 157 193 275 300 237 111 107 128 133 314 258 199 233 155 45 68 179 270 312 196 100 54 58 97 36 10 48 93 63 170 85 175 240 55 303 39 214 167 60 201 41 255 178 292 29 136 145 266 38 230 215 265 281 67 3 13 103 72 62 98 289 273 163 194 216 42 135 315 225 165 137 231 249 192 227 9 8 20 6 27 46 110 208 127 257 286 302 242 143 213 124 224 287 254 243 126 146 108 14 131 153 190 184 89 317 121 206 16 76 142 77 4 150 24 51 105 164 168 32 132 61 272 278 86 50 316 211 291 197 84 18 22 186 49 12 17 177 117 106 64 78 34 259 267 264 87 79 101 174 149 244 223 285 118 31 26 44 207 148 263 141 120 71 313 268 262 90 228 256 151 261 293 307 306 220 171 284 222 217 282 30 88 82 35 212 160 134 180 235 252 301 173 159 154 25 69 294 70 147 246 226 28 181 53 47 112 182 238 191 114 152 298 66 169 202 11 5 158 304 305 119 99 23 290 52 104 2 236 205 311 239 95 297 113 56 219 65 283 296 80 102 271 91 276 162 125 96 75 83 140 210 166 310 308 251 250 232 277 33 129 122 19 229 37 248 203 280 144 299 74 295 59 130 139 241 43 198 7 57 218 40 15 200 115 94 185 188 195 172 234 138 274 183 245 260 21 187 288 176 209 204 : 5034.19
2 3 
1 188 99 101 31 156 112 41 130 248 265 250 236 115 211 224 153 229 218 279 237 245 302 291 258 119 61 160 261 92 29 303 127 148 159 57 40 282 196 71 49 45 51 255 290 204 88 270 310 227 55 67 46 203 267 107 106 244 96 137 120 222 124 144 39 94 82 19 110 146 121 221 254 228 252 266 311 306 142 318 259 60 76 53 126 131 166 206 171 193 257 247 264 239 276 157 209 138 233 269 315 178 155 173 177 186 249 217 117 114 212 235 273 294 199 75 91 103 21 317 72 182 8 298 37 145 287 74 169 288 181 85 81 47 48 54 80 64 84 100 93 190 87 58 70 292 308 207 168 194 83 73 198 305 256 253 251 219 232 3 2 36 316 32 165 5 129 125 35 77 69 90 275 281 246 104 59 260 238 163 180 176 284 262 109 152 66 185 296 179 277 285 312 205 241 271 79 297 187 172 225 149 12 15 102 135 314 140 230 234 118 289 192 309 200 197 301 25 272 278 170 28 24 16 18 158 164 307 150 175 263 184 191 122 97 89 214 240 9 108 43 13 147 34 286 86 189 295 20 23 98 268 280 300 283 215 220 243 143 313 213 304 223 154 162 6 7 78 116 141 208 132 27 11 10 22 30 299 128 136 17 133 111 4 231 14 151 167 33 50 26 44 105 210 201 62 42 52 63 56 95 202 68 65 38 161 195 183 226 216 123 113 242 274 293 139 174 134 : 4030.9
3 0 
1 9 115 145 262 318 99 76 237 183 18 302 192 96 242 157 197 315 175 223 25 151 191 88 84 228 70 171 118 134 231 218 226 270 313 133 255 240 296 43 196 30 32 65 287 275 106 82 236 37 62 78 71 85 295 281 299 254 216 219 212 311 200 310 203 263 198 210 105 59 48 301 300 74 180 279 292 55 288 177 187 152 243 3 10 264 113 39 47 42 173 252 224 271 98 291 232 81 38 208 34 124 222 246 141 168 284 68 233 215 109 265 303 258 163 285 248 209 170 293 305 306 204 202 87 40 36 104 316 79 77 45 28 22 6 57 294 276 107 154 44 60 268 100 66 116 235 24 139 260 119 220 241 164 176 193 190 289 229 111 259 283 73 186 169 103 21 29 54 56 167 249 205 131 211 251 149 92 201 297 156 234 147 35 142 49 256 148 161 130 166 114 51 155 174 64 50 2 123 227 17 239 23 86 93 61 63 317 122 135 194 278 266 179 110 238 125 27 159 143 15 67 304 189 178 83 280 150 120 91 80 214 137 97 46 213 309 19 8 14 20 195 181 286 272 273 267 7 41 144 247 172 312 127 244 53 5 308 160 314 26 217 153 75 69 146 261 162 117 290 253 184 12 90 136 31 11 72 165 126 129 245 140 52 4 58 16 89 188 282 108 13 128 274 307 95 182 101 221 269 277 257 121 185 138 132 250 102 33 207 112 158 199 298 206 230 225 94 : 4875.05
3 1 
1 36 49 41 237 258 33 54 167 256 114 107 239 109 311 81 210 103 15 105 67 80 85 71 68 197 284 257 235 243 305 312 181 154 179 310 161 176 296 231 150 133 116 3 11 299 141 89 250 203 241 37 38 192 271 236 12 66 202 199 194 275 254 281 272 86 88 297 240 280 61 264 251 222 217 112 292 144 16 212 216 10 242 27 70 65 129 126 23 31 29 159 246 123 82 102 160 215 110 46 95 77 273 6 106 139 74 26 113 64 218 100 178 214 187 205 238 200 307 277 143 201 79 57 173 72 60 282 313 122 8 225 247 245 145 32 124 220 185 196 226 301 40 151 183 34 278 228 291 266 35 56 63 20 186 142 55 62 135 303 233 314 59 153 298 268 92 148 269 19 265 147 108 286 136 104 207 290 224 223 137 51 97 91 259 276 169 293 18 316 5 227 118 24 155 171 121 45 287 21 111 7 163 184 168 42 267 304 162 2 213 234 229 219 261 58 157 209 47 22 152 308 295 190 198 317 98 279 158 93 208 9 50 30 13 146 94 221 127 170 285 69 75 263 164 172 120 44 73 99 87 188 84 244 128 262 119 288 318 165 78 204 252 149 302 255 14 138 230 125 294 315 76 195 132 134 177 193 96 211 248 191 189 25 48 182 175 180 43 53 90 117 232 115 166 28 156 130 131 270 274 300 253 17 101 289 52 206 283 140 306 249 174 309 260 4 83 39 : 5015.6
3 2 
1 58 46 17 70 275 196 235 285 92 316 94 89 309 270 250 74 67 69 79 54 12 263 278 313 124 201 209 208 28 103 87 144 39 127 5 107 181 131 234 38 98 117 193 32 64 82 179 241 31 134 200 51 68 20 152 189 301 253 15 48 128 252 213 218 114 61 88 259 30 113 139 312 49 95 151 236 84 160 132 222 243 184 140 188 198 273 96 211 310 311 261 233 274 227 272 149 194 185 123 14 10 169 4 167 112 220 35 33 242 221 24 141 53 228 147 314 288 108 176 3 16 122 298 264 93 307 26 291 229 50 148 102 29 9 8 245 212 251 182 290 202 231 99 110 217 271 125 13 22 317 6 63 57 7 11 159 300 304 178 143 257 260 177 118 130 175 40 163 116 230 192 168 225 59 65 210 34 267 195 254 318 142 155 121 246 249 104 166 2 19 97 77 56 76 240 262 136 23 279 277 286 239 162 43 37 295 161 289 293 109 80 83 158 248 47 106 207 281 299 214 18 238 269 21 72 206 60 172 190 171 183 78 205 294 283 232 81 187 197 287 154 180 282 303 266 215 216 296 305 85 45 150 256 203 204 268 41 302 247 137 115 42 71 120 55 153 62 73 186 219 224 173 308 237 164 126 138 111 170 145 265 36 135 244 156 284 157 25 100 27 44 280 223 255 66 105 129 133 174 258 165 315 306 297 52 91 86 119 146 75 90 191 101 199 276 292 226 : 5093.13
3 3 
1 18 24 49 71 311 288 244 267 156 253 123 116 125 184 86 76 155 229 221 280 308 180 45 92 74 176 195 302 310 298 226 219 264 242 140 138 133 128 163 257 303 312 291 262 289 196 186 151 89 80 7 6 10 11 15 300 101 99 63 47 103 21 166 222 225 149 287 315 26 105 65 100 2 3 266 212 275 233 236 255 258 148 146 66 75 284 78 260 241 189 167 256 281 39 270 153 238 108 9 12 104 31 197 85 52 309 305 20 33 209 263 240 129 135 5 112 107 121 171 306 269 245 295 231 199 137 54 168 178 179 246 188 214 213 228 119 115 278 193 227 297 252 35 120 243 277 143 307 94 82 190 56 268 251 279 8 73 64 152 131 139 211 141 144 293 286 122 55 316 91 90 117 247 215 109 111 37 59 32 50 98 81 4 206 69 161 159 58 22 173 142 170 40 29 28 296 87 313 124 42 172 174 237 130 19 25 17 282 272 230 220 113 175 158 205 43 53 187 96 61 145 160 210 254 250 114 110 249 239 232 218 95 30 84 182 162 36 274 62 154 60 202 292 223 235 48 88 147 165 16 23 183 207 136 41 198 301 38 261 265 234 27 185 304 181 200 192 77 68 204 34 118 271 203 248 177 217 132 70 273 150 13 134 44 283 318 285 157 201 194 79 46 169 164 51 317 299 106 216 276 290 294 191 93 67 102 97 83 72 57 14 127 126 208 224 314 259 : 4120.49
4 0 
1 6 7 12 16 18 25 26 37 60 177 65 188 70 64 53 44 51 58 76 59 316 77 99 97 84 86 79 69 83 78 71 174 187 198 164 311 302 301 303 260 265 254 122 63 47 48 49 55 52 50 45 132 124 118 141 130 156 162 210 87 181 185 295 284 310 290 200 175 190 88 169 204 288 287 251 276 223 214 244 261 259 236 231 222 218 229 227 243 263 253 304 300 283 273 275 297 279 285 277 165 166 42 145 154 161 155 147 149 160 153 167 163 140 256 252 314 235 109 142 131 121 123 114 126 134 137 135 133 138 106 4 5 8 3 11 103 15 22 21 29 20 28 40 33 32 30 31 46 67 82 92 93 98 81 112 111 108 220 225 234 241 237 264 267 318 282 281 274 286 192 289 296 309 312 197 203 307 158 159 152 151 125 34 208 117 115 116 13 120 136 209 157 150 38 43 72 317 56 100 95 207 176 66 182 186 308 171 168 146 144 242 143 249 271 258 170 193 189 262 291 270 298 305 299 205 306 278 294 272 224 245 226 211 216 217 313 239 139 119 221 230 238 233 213 212 255 128 129 127 35 17 14 36 41 148 39 61 240 110 113 107 9 10 23 104 57 105 75 179 199 178 195 266 250 247 248 215 246 257 269 228 219 232 268 280 315 293 292 194 206 89 102 91 85 90 68 74 73 80 96 101 94 172 173 202 191 180 201 196 183 184 62 54 27 24 19 2 : 1732.13
4 1 
1 7 6 10 11 31 208 225 224 223 313 118 143 147 167 92 85 83 79 74 88 174 169 284 310 318 280 222 227 253 314 254 233 228 213 217 218 239 255 261 315 272 305 273 276 215 226 231 212 109 220 115 116 111 120 125 133 130 119 242 240 110 132 121 141 156 159 158 163 191 161 164 154 39 62 75 73 69 86 72 55 58 38 37 36 24 17 25 16 27 19 45 136 211 216 221 229 219 238 245 248 252 262 249 256 140 129 137 160 44 54 49 40 28 26 18 103 15 12 20 29 30 33 48 316 53 43 46 66 42 34 35 145 153 155 60 151 168 61 105 64 56 57 50 51 52 63 183 65 165 292 303 293 302 300 170 277 258 184 177 162 135 142 246 237 144 232 250 271 282 298 297 299 270 295 288 283 294 308 202 90 81 70 47 41 104 173 204 188 199 205 306 311 287 259 152 146 235 108 106 3 8 9 5 4 107 112 14 13 126 134 114 139 241 243 230 257 244 268 251 166 194 203 181 189 172 266 260 236 247 214 264 285 274 275 296 281 180 206 94 95 195 278 291 304 289 286 200 178 185 176 182 100 101 96 97 93 80 98 102 82 71 91 68 67 317 32 59 77 84 78 76 89 124 113 117 127 128 148 131 138 123 122 234 265 263 279 269 267 290 193 309 210 186 187 87 197 99 198 190 196 201 207 312 307 192 301 179 171 149 157 175 150 209 23 22 2 21 : 1792.33
4 2 
1 48 44 42 109 212 217 211 240 237 252 266 298 280 295 156 159 150 154 145 204 312 310 304 297 259 146 153 305 292 207 201 100 196 88 75 74 82 101 80 172 311 157 158 243 262 291 303 315 267 286 308 300 314 119 114 113 124 131 129 133 128 141 38 47 78 197 97 53 210 155 24 19 108 117 234 269 182 61 60 176 183 87 99 178 192 264 287 301 200 293 169 162 151 147 134 137 35 8 3 9 5 106 4 14 13 163 174 173 164 69 81 90 62 105 56 64 79 71 102 68 67 76 77 59 50 33 37 39 127 107 111 112 120 208 122 132 110 216 221 118 219 224 245 249 260 140 265 238 143 209 180 148 160 161 168 282 250 271 284 290 299 186 177 187 283 279 285 277 281 306 205 309 276 318 248 144 142 233 231 255 256 253 272 273 258 242 239 241 139 274 275 307 302 199 175 203 202 206 95 191 89 261 263 193 278 170 171 165 270 268 257 236 228 235 214 313 225 247 226 246 254 244 222 218 232 229 230 213 223 215 220 227 251 296 294 166 152 149 181 179 185 94 198 184 167 194 66 70 86 84 96 93 85 73 98 188 189 190 65 63 51 16 26 18 17 43 46 28 104 45 49 22 29 21 103 58 54 72 57 52 83 92 91 36 23 34 41 31 317 55 27 25 195 288 289 138 125 130 121 123 136 135 126 115 116 12 11 10 7 6 2 15 40 316 32 30 20 : 1846.46
4 3 
1 247 246 144 130 121 131 125 126 120 127 13 115 134 209 231 233 242 235 219 238 251 245 271 171 166 288 280 275 260 255 314 243 229 224 216 306 178 66 207 183 172 63 101 68 72 92 91 79 42 52 54 58 69 85 84 51 56 59 317 316 49 96 98 199 293 276 230 221 226 234 110 212 241 225 146 140 237 239 119 109 213 227 215 218 253 266 147 160 163 295 301 308 291 300 270 256 263 264 167 168 170 129 133 208 117 114 107 5 9 8 3 2 10 23 19 24 18 17 294 310 192 205 290 296 287 285 292 258 313 220 113 217 211 240 232 254 315 284 309 299 88 81 73 99 100 90 74 86 64 67 45 150 157 158 176 182 190 195 180 203 185 196 87 189 174 303 204 200 307 282 312 281 265 223 244 222 228 236 214 248 249 252 268 279 304 297 298 257 318 272 274 278 273 193 175 181 70 40 32 20 161 164 201 75 57 31 30 44 12 35 38 135 142 132 138 122 141 34 206 83 97 78 71 62 89 102 80 77 82 93 76 47 55 50 48 46 105 186 250 267 289 261 139 14 137 39 53 43 36 197 188 198 194 202 179 311 302 277 305 152 162 262 286 283 259 143 169 191 154 37 16 25 26 106 4 112 111 108 123 118 269 124 116 136 128 159 151 149 145 148 153 156 210 155 27 28 33 165 184 173 187 94 95 177 65 60 61 41 104 103 29 22 21 15 11 7 6 : 1907.21
5 0 
1 236 254 231 66 144 34 314 203 16 82 99 107 131 250 241 313 151 248 184 247 245 205 201 77 69 40 49 32 47 301 212 300 158 133 24 20 6 274 120 124 220 10 154 13 208 302 83 240 145 165 103 7 119 305 288 310 246 294 88 141 298 269 281 8 265 255 257 259 270 289 272 279 17 104 29 21 117 221 114 187 252 146 227 186 100 73 62 128 225 202 173 4 26 35 155 307 149 135 126 44 64 166 217 5 261 101 68 180 207 194 192 65 228 297 72 161 19 78 113 238 280 209 273 284 234 71 125 140 239 243 193 199 200 271 215 179 195 317 316 22 15 28 130 38 106 132 129 318 70 56 235 185 143 81 18 139 242 233 244 50 89 41 211 108 267 97 134 115 43 157 54 85 80 214 276 304 260 175 23 219 216 224 223 312 137 182 36 31 59 52 98 93 181 230 164 2 86 210 51 27 308 282 105 277 249 262 142 306 168 176 213 11 90 177 167 256 293 290 232 169 76 60 74 147 33 283 237 138 153 191 171 111 197 309 285 299 53 92 121 63 12 9 295 189 148 253 163 196 79 58 116 287 14 55 57 48 222 25 278 266 296 127 183 91 178 264 3 112 95 251 152 160 123 150 46 172 315 162 303 42 268 67 170 174 311 75 122 96 229 118 87 94 84 188 206 39 218 263 291 190 61 102 292 156 258 136 286 110 226 159 37 45 204 275 198 109 30 : 4902.18
5 1 
1 185 199 35 120 133 129 130 24 317 63 224 215 48 107 228 264 74 91 84 127 143 272 245 259 276 171 26 17 285 72 54 18 102 81 248 295 298 267 142 174 29 31 140 65 160 38 7 2 57 167 311 168 178 139 157 288 235 166 41 156 262 290 258 312 103 293 53 114 249 271 97 299 190 161 209 205 66 263 131 98 294 62 238 5 301 308 241 256 11 83 76 44 163 132 217 113 225 305 52 128 137 310 145 268 117 23 49 141 135 170 109 34 33 43 152 106 216 281 88 191 292 226 306 210 121 318 246 247 206 100 188 122 86 213 64 25 203 78 278 61 59 47 269 110 75 70 19 15 230 261 39 12 46 254 195 207 222 282 68 201 119 250 60 172 211 223 316 85 173 101 92 89 82 286 275 94 291 13 51 180 126 236 118 16 289 42 219 208 4 108 6 116 36 77 304 284 123 197 265 194 198 169 56 22 32 280 177 30 153 67 37 69 266 229 45 55 179 187 149 309 220 221 150 158 307 186 183 184 239 147 146 148 155 274 218 255 40 273 253 93 252 99 96 232 251 234 233 257 189 202 87 58 314 212 20 50 27 80 95 204 28 297 151 237 231 279 287 134 164 10 165 112 181 79 71 138 111 154 73 196 240 214 192 300 270 144 182 242 296 260 315 159 243 227 302 313 303 244 277 200 125 90 175 136 8 105 14 193 9 21 104 124 115 3 176 283 162 : 5011.92
5 2 
1 63 206 207 67 96 164 152 242 232 122 229 162 3 20 248 110 265 208 71 58 240 38 291 13 59 312 203 136 151 270 313 82 263 301 290 188 316 149 210 201 168 92 221 31 155 93 103 225 74 296 198 189 179 273 100 43 49 35 228 236 109 268 80 107 196 141 27 235 115 26 160 94 16 15 89 245 266 144 170 52 4 317 116 126 123 39 55 190 113 171 252 61 64 174 159 231 178 257 127 84 86 29 125 137 260 181 227 173 294 318 305 200 223 183 42 5 169 293 148 243 280 129 120 130 237 288 104 163 271 244 310 60 78 132 119 56 45 272 241 262 199 239 124 95 185 133 114 283 172 285 298 315 135 180 66 23 161 299 308 62 186 88 276 264 300 216 147 256 230 259 40 117 41 101 281 108 53 91 284 246 143 131 98 156 11 14 303 19 166 274 250 192 118 153 311 158 97 220 195 187 261 215 112 267 222 254 70 36 111 140 184 50 102 47 37 139 226 212 217 234 81 65 33 7 6 44 314 105 138 32 146 176 202 306 302 249 275 128 193 213 289 57 34 46 175 150 295 282 211 165 251 258 87 73 205 134 18 10 8 154 145 286 72 48 24 12 307 278 279 214 106 75 197 167 233 247 292 224 297 304 83 269 142 238 79 218 191 69 255 277 54 76 253 219 17 182 204 309 287 77 30 25 68 28 21 194 157 22 209 90 121 99 9 177 51 85 2 : 5090.69
5 3 
1 132 226 116 120 247 244 296 297 307 272 146 149 156 278 295 100 176 220 215 230 125 298 273 130 38 209 197 274 175 189 94 148 192 41 61 56 317 55 64 89 194 102 163 225 242 248 252 126 17 18 45 154 178 264 5 141 257 202 87 182 314 170 311 23 22 21 10 6 2 7 12 14 151 270 123 265 99 135 35 310 60 304 260 190 20 15 29 103 28 30 188 232 258 227 169 218 312 160 210 285 288 201 171 293 200 224 214 217 140 286 66 92 82 105 67 128 134 267 234 238 276 186 299 281 206 245 145 235 300 241 236 117 106 138 133 107 4 207 302 161 269 253 268 256 249 262 179 91 115 280 305 309 287 243 233 221 229 129 208 237 153 180 212 50 49 77 51 79 191 195 306 43 36 33 250 24 284 255 240 108 111 119 275 263 127 199 196 65 166 142 139 144 259 143 231 184 112 155 58 53 83 59 71 84 74 98 124 122 313 205 34 26 16 32 96 291 31 47 46 316 165 25 137 187 292 9 131 19 173 52 44 223 251 228 308 159 172 174 283 158 40 76 177 62 90 203 271 290 54 157 136 185 104 239 118 246 318 113 211 75 73 81 95 101 68 70 86 204 222 303 37 39 289 294 3 8 181 109 150 63 48 97 183 198 168 88 85 72 69 164 167 78 266 193 42 93 152 13 114 301 80 11 162 261 219 254 279 277 213 315 282 57 216 147 27 110 121 : 4095.25
