0 0 
1 2 21 12 23 32 3 30 55 47 105 76 85 68 69 78 80 99 101 92 45 317 77 70 63 57 58 158 156 186 179 185 174 182 189 37 26 15 25 9 39 42 124 121 136 118 234 140 242 142 137 135 120 112 4 5 126 127 117 116 8 27 33 31 41 48 153 145 209 163 149 210 161 150 160 167 171 170 288 281 195 168 95 94 207 203 198 100 89 67 83 74 82 91 102 96 86 59 52 54 50 316 51 46 44 64 88 71 72 75 60 104 40 56 97 84 73 155 133 111 115 128 125 14 20 11 29 22 103 10 28 61 66 172 62 79 90 98 93 196 191 176 177 204 200 312 302 301 308 285 276 271 270 297 305 299 275 318 251 245 224 214 225 239 119 241 264 259 199 205 175 180 183 197 206 202 201 87 187 190 184 181 194 303 309 310 280 298 252 248 249 230 226 238 313 235 227 243 257 260 274 283 286 293 306 261 269 250 314 255 247 228 244 229 221 232 139 144 130 123 107 24 36 16 18 19 49 53 43 81 173 169 34 131 152 154 35 13 147 148 166 165 151 141 240 213 110 109 217 220 218 215 223 219 212 211 216 233 237 256 253 263 267 268 315 284 272 143 258 231 222 236 246 262 254 266 273 287 307 304 290 300 292 192 311 289 282 296 291 277 278 265 279 193 295 294 164 162 178 188 65 159 157 146 138 122 114 113 108 106 208 134 132 129 38 17 7 6 : 1517.36
0 1 
1 7 10 22 29 31 23 16 25 26 17 138 142 151 65 183 74 56 47 46 58 77 91 79 64 73 82 78 84 85 67 76 90 87 89 99 70 316 317 57 59 55 12 11 103 30 6 20 44 51 42 53 43 71 80 24 33 27 104 32 13 141 157 146 149 60 185 81 69 98 101 102 86 97 96 92 93 83 72 68 40 105 152 156 148 150 167 250 314 247 284 279 291 283 273 275 318 290 280 285 300 299 256 242 241 232 139 229 252 258 166 294 199 204 194 198 203 176 177 191 173 182 164 155 269 315 263 257 254 253 261 162 163 158 160 153 154 208 145 210 192 309 270 245 219 214 248 223 215 236 235 226 109 212 114 125 110 220 211 231 230 240 239 251 237 244 249 224 313 216 222 218 213 221 217 267 255 259 268 262 234 246 243 227 228 233 238 144 143 34 126 35 159 147 165 288 293 281 170 171 287 282 274 278 292 277 295 303 311 312 306 307 302 308 310 304 305 276 271 298 297 286 296 289 264 272 266 260 265 209 136 132 122 111 4 112 18 37 41 75 202 95 187 188 88 196 201 190 184 161 61 169 168 175 174 193 301 205 200 195 207 100 206 94 197 172 178 181 189 186 180 179 66 63 62 54 52 36 48 50 49 45 38 39 127 137 117 116 113 108 107 106 121 129 5 14 135 128 131 124 130 123 140 118 225 119 133 134 120 115 9 8 3 2 28 21 15 19 : 1340.37
0 2 
1 12 33 28 32 17 21 37 41 60 164 155 150 172 94 191 178 177 194 203 204 207 100 190 70 62 63 59 58 48 40 27 104 103 22 49 54 51 53 50 317 316 29 31 30 9 16 8 18 3 11 6 7 24 25 153 142 139 130 121 108 124 134 137 208 209 149 151 160 154 39 38 52 46 57 56 182 183 187 65 81 84 64 101 96 67 77 76 73 74 75 82 79 85 80 71 105 68 83 72 78 97 102 91 98 99 87 180 181 169 162 61 43 36 44 66 90 201 202 206 197 184 88 95 92 93 86 89 69 55 47 45 42 125 132 128 116 120 135 13 4 5 106 111 34 35 127 133 126 159 148 243 236 214 235 234 230 119 237 233 140 143 266 259 166 171 293 288 286 284 291 290 170 274 253 261 250 179 175 185 195 200 301 303 277 306 205 302 280 310 308 309 298 304 270 273 272 279 292 296 294 295 305 300 299 285 287 289 312 199 198 186 173 174 163 158 168 189 188 196 311 307 267 255 318 275 297 276 283 282 278 281 269 268 263 264 246 258 114 117 115 112 107 14 131 113 231 240 242 144 210 152 265 254 262 251 256 260 147 146 239 225 241 216 218 213 247 271 249 252 314 165 141 138 123 129 122 238 227 245 248 244 223 118 221 232 217 220 211 212 110 109 219 215 224 228 229 313 226 222 257 315 192 193 176 156 157 167 161 145 136 26 19 23 20 15 10 2 : 1351.32
0 3 
1 104 39 163 174 180 187 100 206 176 172 200 193 289 282 291 304 318 271 275 298 280 253 260 144 264 247 222 109 119 113 225 118 242 231 240 215 214 223 219 229 237 218 213 217 110 212 221 230 233 228 122 124 108 112 9 3 25 36 28 30 27 24 18 41 89 83 77 67 98 86 43 57 58 52 54 51 40 317 316 53 105 68 79 72 78 85 64 42 16 17 19 5 120 208 125 132 129 143 139 147 148 167 210 161 154 162 153 156 165 266 258 250 239 241 227 220 168 175 198 195 194 205 312 311 307 199 294 278 277 281 265 268 262 254 170 296 286 283 300 309 303 308 269 166 295 292 293 301 305 310 297 276 256 251 234 243 238 236 246 249 272 263 255 252 273 270 248 244 245 224 235 226 216 211 232 313 314 257 279 284 299 306 288 261 267 274 171 287 302 192 285 290 315 259 151 190 177 188 183 182 65 66 164 157 145 160 209 137 115 106 14 37 47 48 56 59 62 55 46 44 50 49 45 76 81 90 197 196 95 74 82 97 96 101 93 102 92 91 84 71 75 80 73 69 181 169 99 202 94 207 201 88 61 60 173 184 189 191 204 87 203 185 179 178 186 159 150 38 35 127 134 128 135 136 34 133 130 121 126 123 116 117 131 142 141 70 63 155 158 152 149 146 140 114 138 107 111 4 13 8 26 12 7 2 15 10 11 21 32 31 20 22 29 103 33 23 6 : 1297.14
1 0 
1 15 31 33 54 36 126 137 134 128 122 281 288 286 192 193 280 282 299 303 305 297 304 310 298 283 296 289 290 272 144 265 264 269 315 245 250 314 247 249 248 244 246 235 234 236 237 251 242 238 225 231 229 228 219 227 226 215 224 223 214 211 233 239 139 313 230 119 218 240 140 143 142 127 133 39 103 25 16 27 18 161 160 159 165 261 263 256 252 254 266 222 213 220 216 267 271 284 295 294 259 270 275 279 278 308 293 262 255 260 170 277 276 300 309 199 302 307 200 205 194 202 88 201 198 190 189 197 207 196 100 99 93 101 85 317 316 28 22 21 7 6 12 2 10 29 20 24 8 17 32 30 11 9 4 111 208 123 146 145 150 178 184 287 274 166 171 177 173 176 164 149 151 141 136 135 13 14 125 106 116 115 5 108 114 118 109 110 217 221 212 121 130 124 131 148 152 129 154 60 61 87 94 95 74 76 97 91 92 78 67 58 37 19 23 34 38 35 48 44 51 53 57 73 68 72 206 195 180 182 169 209 138 241 232 243 257 268 258 185 188 155 52 50 40 56 105 43 47 46 96 84 79 64 62 65 66 172 183 191 175 181 306 312 292 273 253 318 285 291 301 311 203 204 162 163 156 158 157 147 113 117 107 120 132 112 153 210 174 168 167 179 186 187 89 80 69 63 70 55 77 83 71 86 90 98 102 81 75 82 59 45 49 42 41 104 26 3 : 1411.61
1 1 
1 9 107 4 108 111 112 116 128 209 145 61 36 33 32 23 20 25 7 3 48 49 45 53 42 28 41 44 47 43 52 57 64 92 102 97 96 101 91 73 70 75 58 46 39 154 149 147 165 166 266 261 267 263 305 304 288 315 269 258 139 313 109 216 217 221 220 110 213 114 113 133 126 115 120 208 134 124 138 135 137 130 122 142 131 148 158 141 136 127 132 129 123 119 118 144 259 253 252 268 254 246 264 276 279 286 280 171 170 292 274 295 291 285 270 271 272 284 251 255 314 247 241 232 238 211 227 215 214 224 249 275 318 248 245 244 223 229 228 235 231 140 143 243 250 265 260 306 307 200 301 303 311 294 287 282 308 298 297 310 309 299 290 289 278 281 277 283 256 257 262 273 300 296 293 185 187 188 175 167 157 146 151 160 155 156 168 182 172 88 196 197 87 94 207 176 181 184 60 66 62 59 55 54 317 63 51 104 50 84 93 98 76 68 71 78 80 81 74 83 85 77 201 202 65 198 195 302 199 312 205 204 203 194 193 192 180 186 174 169 173 189 191 179 162 163 152 164 105 86 95 206 89 90 72 79 82 67 69 99 100 190 178 183 177 159 161 153 150 210 38 16 27 29 21 103 8 26 106 5 125 24 30 316 56 40 10 15 12 19 37 35 14 13 121 239 240 236 219 218 212 222 230 237 226 234 225 233 242 117 34 18 17 22 31 6 11 2 : 1232.92
1 2 
1 15 6 7 2 10 103 28 20 31 40 45 21 32 104 47 102 96 85 71 54 105 56 79 63 62 90 81 75 84 70 73 74 86 98 93 97 89 78 67 37 51 23 8 112 116 111 120 4 127 35 38 19 25 14 34 131 117 132 156 167 61 188 190 39 147 148 138 58 57 55 53 41 46 17 27 26 16 18 30 59 49 33 11 44 52 87 189 187 162 65 172 257 247 250 254 265 274 279 275 276 318 267 264 256 249 140 143 144 231 238 230 233 237 235 218 211 214 246 243 240 229 227 245 252 272 251 269 177 173 312 306 296 263 259 225 118 221 241 314 226 213 113 108 212 110 228 236 242 234 219 271 291 283 282 297 285 171 308 311 284 280 268 258 215 223 224 244 248 261 239 130 128 149 158 146 157 262 253 266 255 139 220 109 122 124 136 135 125 163 151 150 142 209 155 210 145 164 174 80 99 206 207 101 91 77 154 133 134 129 126 208 121 114 141 315 166 260 270 304 305 295 292 277 294 288 287 299 302 159 161 60 82 92 76 95 198 204 194 203 202 100 88 94 201 195 169 191 184 176 175 168 186 170 290 286 200 301 193 192 199 307 303 300 298 310 309 289 273 165 293 180 179 178 185 66 69 50 48 22 68 83 72 64 317 316 43 36 12 29 3 9 137 24 42 152 160 153 181 182 183 197 196 205 278 281 222 313 119 217 232 216 123 107 5 106 115 13 : 1602.96
1 3 
1 3 2 24 28 15 29 21 32 23 31 22 10 7 20 34 111 115 13 124 159 156 186 294 284 262 257 249 276 275 280 283 308 305 310 297 289 302 199 309 271 263 261 267 250 139 256 244 245 248 227 228 236 224 223 219 235 247 246 265 253 315 264 268 252 318 270 299 296 304 300 298 279 273 274 290 286 292 278 295 307 312 311 205 169 210 146 163 152 158 105 62 64 75 77 72 67 78 79 70 73 80 89 88 206 100 202 95 198 207 194 204 179 177 87 68 83 71 69 82 85 96 97 101 84 86 92 99 91 58 76 102 98 196 183 172 189 182 176 160 153 154 133 145 161 148 147 192 285 165 259 178 175 191 181 168 167 38 157 239 238 222 118 109 221 229 226 216 217 211 116 4 5 120 142 107 14 125 117 208 134 126 150 143 254 166 269 251 233 220 230 313 237 218 114 110 212 144 170 282 288 266 255 314 225 232 258 260 272 291 293 303 301 287 277 200 195 174 46 42 52 55 316 49 104 36 37 19 18 25 26 9 8 12 16 17 27 33 103 30 51 44 54 57 48 112 106 128 127 136 113 135 209 132 122 108 138 137 140 119 241 243 234 240 214 215 213 242 231 131 129 141 149 35 39 155 203 197 94 63 50 40 53 43 56 317 81 65 185 93 188 90 41 47 59 45 74 190 164 121 123 130 151 162 171 281 193 306 180 201 187 184 173 66 61 60 11 6 : 1478.06
2 0 
1 121 298 309 240 122 29 25 48 79 201 42 31 281 76 253 197 211 176 168 28 241 308 215 110 153 149 182 259 56 63 163 125 87 59 37 194 247 43 166 266 93 89 67 94 245 90 282 20 106 49 69 86 116 162 131 46 128 203 60 255 267 314 14 73 315 195 208 102 40 92 318 200 264 52 104 286 130 124 220 134 148 136 24 107 105 15 80 248 238 157 2 65 311 302 300 231 97 191 36 280 118 229 234 114 120 19 103 3 285 44 38 109 177 165 137 239 224 142 263 283 276 218 293 98 51 74 41 174 246 159 161 77 233 284 297 189 207 190 317 147 288 186 167 47 313 33 61 173 213 219 226 8 5 141 184 275 249 269 274 296 145 278 265 209 251 180 199 272 299 64 236 13 171 250 35 55 34 17 57 16 273 223 216 164 156 152 295 151 243 257 222 221 181 115 113 53 91 95 96 88 289 230 287 127 140 217 146 179 81 261 256 210 232 242 268 193 78 68 258 252 172 45 143 244 262 260 26 99 22 198 175 32 126 112 192 54 310 294 135 111 316 100 303 212 39 21 138 150 66 228 279 158 254 270 305 119 227 123 83 290 237 155 27 7 12 301 307 132 139 214 183 117 133 204 196 225 185 71 85 306 205 170 70 58 23 188 101 50 4 30 82 206 277 271 108 292 178 304 144 18 9 154 160 235 291 312 72 62 187 129 10 202 169 75 84 6 11 : 4879.68
2 1 
1 116 216 24 20 27 36 297 29 39 81 165 5 142 153 257 240 59 52 26 312 186 249 292 44 67 302 122 38 159 64 194 161 66 138 87 316 307 214 174 251 140 124 188 42 213 227 89 229 14 99 203 182 183 101 148 88 149 268 219 109 71 32 136 3 22 19 72 43 137 187 304 291 284 305 261 267 223 63 47 108 293 76 79 55 139 104 130 272 177 77 315 260 35 37 56 30 184 226 95 255 242 41 123 231 252 298 150 60 310 208 8 93 65 145 205 225 211 276 248 253 157 198 309 10 23 160 83 282 164 31 94 300 234 290 200 258 273 173 13 115 175 286 294 90 75 308 289 171 195 222 235 277 113 250 246 141 57 106 54 45 135 202 204 279 241 318 147 190 12 51 78 201 166 68 125 185 172 129 303 245 288 237 224 264 263 215 275 121 299 119 107 15 239 111 179 151 206 98 281 285 4 228 306 254 48 49 91 178 209 154 218 278 163 131 196 156 265 247 169 207 74 199 61 221 128 126 146 236 73 212 53 102 120 217 181 70 105 287 170 62 18 33 210 82 100 114 193 6 317 50 256 270 269 313 262 86 103 92 34 97 259 220 132 16 192 7 232 96 46 162 301 296 274 85 9 180 134 110 167 191 233 230 311 80 176 168 144 152 118 295 243 133 21 17 58 11 2 40 84 266 280 283 244 117 189 127 314 155 197 28 143 271 69 238 112 158 25 : 5060.24
2 2 
1 24 211 232 80 195 89 241 308 124 253 159 274 11 131 176 184 175 140 163 117 284 88 12 69 8 249 248 236 63 194 40 6 198 271 254 208 178 56 3 299 205 291 110 196 41 180 162 210 15 87 173 270 309 283 22 23 109 314 251 55 316 75 132 315 152 126 275 256 260 289 60 29 172 161 185 70 85 104 21 247 297 298 138 129 282 168 305 200 239 226 71 98 133 169 153 288 263 304 215 186 48 191 267 278 167 31 268 68 57 65 221 183 250 252 209 293 202 230 235 38 164 306 300 181 122 102 72 37 130 107 257 52 84 19 108 171 177 228 246 100 97 2 46 148 116 262 243 212 118 32 115 28 213 264 269 137 214 276 313 272 149 4 258 79 7 280 273 188 14 114 125 265 287 216 33 144 101 78 301 307 277 35 189 112 27 317 197 91 119 53 310 281 165 179 261 238 16 83 240 279 233 44 136 141 106 146 224 77 51 39 218 199 66 17 154 73 95 237 227 193 62 25 303 94 158 166 143 234 229 128 266 187 170 286 127 45 145 43 49 74 58 18 42 76 302 81 82 54 219 155 9 150 26 151 103 113 64 123 182 318 223 13 36 203 220 47 311 312 190 99 30 34 5 111 201 242 50 120 255 147 139 174 96 86 61 10 67 292 296 142 135 90 192 157 121 156 245 285 217 207 93 206 259 290 204 160 20 134 92 231 244 105 225 295 294 222 59 : 5143.93
2 3 
1 103 216 211 237 250 267 279 99 78 70 174 80 92 62 89 206 295 302 306 303 312 313 246 309 318 311 110 227 252 143 165 63 59 198 55 28 21 74 26 8 268 310 141 129 235 228 238 193 202 180 130 223 222 305 126 40 134 163 188 181 157 191 240 125 207 273 236 220 234 255 253 230 111 212 164 199 287 297 213 217 243 155 100 197 9 15 52 271 249 298 251 314 142 239 151 225 34 20 265 299 158 7 196 72 278 144 307 145 284 148 192 132 12 86 210 60 224 219 214 256 114 139 108 138 5 4 69 71 168 248 245 118 277 247 272 131 115 16 136 289 166 19 10 2 107 190 186 67 98 81 76 172 283 154 169 39 257 288 205 147 61 215 127 58 204 54 171 152 194 137 43 41 13 133 112 116 280 308 203 162 146 229 244 291 281 286 285 304 218 232 119 128 135 29 261 259 293 266 150 32 79 82 140 38 90 149 37 46 117 124 315 260 105 25 182 209 183 65 254 275 301 300 276 263 242 292 64 68 97 94 201 6 11 156 160 14 113 189 231 274 123 233 269 179 178 195 101 85 159 53 104 84 96 77 173 57 294 35 47 102 316 56 30 75 200 170 66 88 153 36 31 317 44 91 83 177 17 208 121 262 167 175 185 290 258 241 109 33 184 93 50 27 187 73 176 42 87 226 120 122 221 296 22 51 24 23 45 161 48 49 95 264 270 282 18 106 3 : 3936.53
3 0 
1 208 216 204 54 142 301 285 122 147 39 253 117 17 34 121 160 264 255 6 96 289 151 68 182 286 149 143 246 278 210 153 235 200 79 317 174 158 140 170 64 141 267 252 126 152 43 5 61 279 236 144 302 296 265 85 167 244 183 193 75 13 266 73 238 250 288 176 57 171 248 55 111 95 314 251 87 72 257 163 164 90 284 313 98 70 28 53 161 166 23 24 100 128 190 189 295 207 120 131 124 298 312 283 199 177 245 259 106 129 154 91 294 277 45 99 97 52 7 37 137 206 11 130 146 187 297 229 316 213 299 80 162 185 20 12 47 38 155 230 303 205 300 169 150 173 168 138 145 58 198 78 83 29 60 237 209 311 195 310 197 115 156 104 81 226 172 234 133 89 180 179 46 41 242 192 3 125 268 109 276 306 307 88 44 92 102 59 135 112 27 175 239 262 272 113 31 30 159 22 107 211 247 4 215 254 157 62 290 116 241 221 218 148 123 260 25 165 56 217 2 188 108 15 42 258 273 118 186 203 67 263 256 249 280 305 110 220 74 194 26 51 19 304 270 212 287 309 21 16 225 261 223 222 240 291 114 134 184 293 318 196 181 94 50 77 271 214 119 269 232 127 274 49 93 105 86 219 227 224 66 76 178 233 231 282 71 243 136 14 9 202 201 308 139 35 18 103 281 191 292 33 32 275 48 8 10 36 132 228 315 40 84 82 69 63 65 101 : 4958.07
3 1 
1 20 7 252 242 183 193 195 157 161 115 73 164 55 174 230 286 40 100 125 91 34 261 247 235 138 280 177 92 309 141 136 52 58 81 160 6 126 109 5 103 84 108 211 197 297 262 121 190 283 298 36 146 130 282 253 231 148 48 64 132 227 246 218 267 102 299 135 158 14 295 274 264 51 43 139 116 49 113 23 131 187 56 72 53 219 312 257 291 200 95 47 301 184 31 60 188 202 147 278 315 155 169 65 127 248 232 228 44 152 224 237 179 191 101 206 214 204 21 15 68 99 154 192 76 59 118 245 63 90 80 4 67 316 57 119 145 180 74 70 94 89 29 178 122 163 273 213 215 234 117 318 303 296 114 175 181 254 3 22 142 307 107 310 287 196 244 54 93 194 159 61 150 290 176 28 233 208 223 24 249 313 240 123 238 185 86 259 314 317 199 241 172 186 153 166 292 105 45 79 294 255 10 120 112 38 143 269 243 124 128 311 83 87 209 96 104 275 144 260 225 212 251 27 133 149 13 134 156 170 46 140 151 137 19 210 265 304 284 168 17 50 165 33 198 201 281 270 226 110 220 12 129 167 32 39 300 279 216 106 98 250 258 236 203 289 162 263 111 26 2 18 205 305 35 88 62 293 268 171 271 285 256 239 308 229 288 182 85 221 276 189 272 217 222 37 277 25 9 30 16 302 41 69 266 173 82 78 42 207 97 8 71 75 66 11 77 306 : 5004.15
3 2 
1 200 225 150 257 287 12 85 259 209 42 111 98 116 13 217 246 74 195 235 234 6 23 89 231 119 238 99 182 229 151 118 186 245 308 279 280 196 174 215 315 34 117 240 57 47 124 152 114 39 121 9 175 78 93 135 145 273 260 298 61 35 64 92 5 129 306 168 127 291 160 258 163 188 299 207 199 155 28 25 46 251 75 69 20 230 77 40 103 90 67 233 36 29 181 165 309 278 176 292 198 113 242 274 261 95 83 30 290 250 11 173 219 275 286 43 197 206 53 88 162 265 243 212 266 211 171 267 269 249 282 60 138 232 105 112 179 66 73 71 79 27 256 302 310 144 62 311 4 50 141 167 241 285 248 142 107 187 264 303 214 244 294 24 33 140 304 72 16 68 221 136 222 270 70 166 17 63 31 149 65 126 254 37 220 227 224 307 101 15 51 106 314 158 128 289 100 94 26 202 313 284 190 7 59 96 253 170 2 131 153 48 55 22 205 189 226 38 86 91 130 137 192 283 19 109 297 296 203 157 147 236 216 277 293 228 213 123 185 316 104 272 263 208 120 252 148 204 146 276 255 262 122 10 317 110 161 102 14 237 156 305 210 143 133 32 271 300 312 281 193 97 84 218 18 139 247 41 56 178 172 223 3 295 159 87 184 21 76 82 54 132 115 8 169 183 239 318 194 80 81 44 58 134 191 164 108 154 45 177 180 288 301 268 125 49 52 201 : 5102.15
3 3 
1 29 20 85 36 173 306 278 155 113 170 199 307 313 189 205 203 43 8 15 22 156 304 232 235 161 60 208 2 147 292 261 140 257 13 14 5 148 149 130 177 264 274 236 227 222 266 260 217 114 223 286 280 159 186 90 196 35 73 105 191 231 163 100 46 316 39 34 118 308 295 226 216 229 131 246 253 254 220 233 215 18 82 172 51 102 83 124 111 228 209 37 45 41 78 204 182 219 272 164 239 259 265 146 17 180 162 143 139 52 28 104 187 81 44 47 230 242 314 270 250 214 300 225 243 178 317 120 137 55 101 31 10 54 288 70 40 79 255 63 12 275 169 88 145 23 4 27 210 197 299 298 271 65 190 32 89 258 252 284 309 244 119 212 218 247 285 315 293 312 311 192 193 132 129 158 141 151 123 241 168 160 61 67 290 291 269 109 157 166 125 6 25 24 38 16 53 117 127 7 112 76 59 69 71 98 301 303 194 302 126 116 9 106 136 153 211 251 213 11 3 33 57 49 154 115 200 238 294 175 174 152 135 234 94 48 42 66 267 184 171 279 310 289 19 26 176 201 202 95 91 77 103 68 75 262 224 134 30 128 181 185 74 122 108 110 221 248 276 282 263 297 249 318 167 21 92 80 97 72 50 96 183 93 198 99 121 237 305 87 138 133 107 240 142 165 287 268 277 188 195 144 273 86 84 64 207 58 56 296 283 179 206 281 256 245 150 62 : 3853.5
4 0 
1 7 19 37 46 18 20 29 16 17 8 25 26 104 50 45 317 64 48 54 59 55 105 316 92 96 97 67 83 85 84 82 68 78 91 102 101 98 99 93 184 188 176 185 180 166 141 177 178 179 186 167 192 193 288 295 297 304 300 306 199 205 311 299 309 305 310 308 285 279 249 251 254 262 253 248 318 271 298 276 275 270 237 222 215 214 223 227 238 234 236 226 109 224 244 219 211 118 220 221 231 230 240 229 235 243 314 250 140 315 252 290 283 268 256 245 263 267 261 264 246 247 228 213 218 239 225 216 113 61 189 183 182 190 191 197 175 269 259 138 209 58 63 44 35 137 121 34 14 5 120 13 39 41 42 52 47 49 56 40 51 60 172 173 65 206 202 196 204 203 87 66 70 73 76 62 57 75 72 71 53 43 36 136 128 208 133 111 4 112 150 134 124 122 147 143 144 233 241 242 158 162 152 156 149 130 212 110 119 232 139 313 217 132 146 148 171 277 281 302 312 293 195 194 201 198 100 94 88 169 168 174 294 307 301 286 284 280 296 292 289 291 273 255 258 265 257 272 303 200 207 69 74 80 89 86 79 77 81 90 95 187 181 159 157 154 210 161 155 153 164 151 160 145 38 9 106 108 107 127 126 125 135 142 163 170 287 282 278 274 165 266 260 114 123 131 129 117 116 115 12 22 103 32 28 23 27 24 33 15 10 11 21 30 31 3 6 2 : 1304.86
4 1 
1 7 8 42 105 56 104 44 72 55 316 57 58 53 91 85 83 102 101 84 82 77 97 96 92 93 98 89 86 64 71 81 73 173 176 169 161 187 65 87 188 189 177 184 94 95 186 178 185 170 171 282 249 276 298 297 271 270 272 285 286 300 309 308 299 199 302 301 295 288 287 289 278 277 210 163 167 174 175 158 147 149 151 146 140 240 234 246 236 220 221 218 232 233 241 313 225 230 121 129 124 120 13 136 113 131 128 138 145 155 168 157 148 141 160 152 156 159 195 179 181 293 193 292 290 291 279 283 284 280 310 312 198 182 194 204 190 70 66 154 39 38 35 34 164 153 134 217 216 213 228 222 229 243 226 245 215 110 212 109 122 130 208 142 238 235 242 119 118 239 144 259 261 256 318 275 305 304 262 251 250 258 257 263 268 267 248 227 219 223 214 244 224 237 247 252 253 273 274 315 269 265 314 139 255 264 254 260 165 281 143 231 211 114 112 5 107 4 125 135 133 127 123 137 132 117 111 116 108 106 115 14 126 3 33 40 45 48 317 59 52 54 51 62 63 74 196 202 100 207 88 75 90 80 67 68 69 206 201 183 172 191 180 200 307 205 311 306 303 294 296 192 203 197 99 76 79 78 50 28 24 19 27 9 12 15 10 2 6 11 103 30 23 32 29 31 26 17 18 36 49 37 46 150 166 266 162 209 61 60 43 47 41 25 16 22 20 21 : 1276.32
4 2 
1 8 108 4 107 5 9 28 29 33 27 32 103 6 10 7 2 11 12 25 37 42 47 55 48 44 64 71 76 134 129 123 131 126 154 39 153 152 161 209 144 266 257 267 263 256 251 318 248 270 245 244 224 219 110 242 313 241 230 220 237 235 236 232 229 218 213 227 223 214 215 243 238 250 255 258 252 262 247 234 239 221 119 211 216 109 212 217 226 233 222 225 140 231 122 124 113 117 46 63 75 70 74 189 185 178 194 202 201 87 180 186 174 169 164 149 156 147 146 130 132 137 135 148 151 139 314 246 228 268 253 254 261 272 249 264 273 284 291 279 298 276 305 310 304 297 299 296 306 205 308 300 271 275 285 283 289 286 290 309 293 282 265 168 210 60 69 92 102 89 197 183 176 182 172 61 66 188 187 198 206 207 177 179 193 287 295 259 260 143 141 133 136 43 58 57 14 35 34 160 155 150 162 159 163 191 312 311 302 294 278 280 315 240 118 121 208 115 112 138 125 128 116 106 114 142 158 166 303 288 274 165 269 277 170 281 292 171 200 301 307 199 192 204 203 195 184 181 175 167 157 145 59 80 84 81 98 90 99 100 196 94 95 65 173 190 88 62 105 67 72 96 85 97 68 78 86 91 79 82 83 93 101 77 73 53 51 104 40 41 54 56 45 23 19 16 18 22 20 21 24 26 17 111 120 127 13 38 52 317 316 49 50 36 31 30 15 3 : 1274.86
4 3 
1 7 107 120 209 142 113 114 108 127 5 3 19 36 42 159 151 170 168 179 174 180 186 182 187 87 190 188 189 169 60 66 161 155 210 160 163 162 164 65 61 62 70 63 82 64 71 80 79 98 93 77 75 84 83 72 69 76 73 89 197 201 206 202 88 99 90 86 68 67 91 97 96 102 101 92 85 78 55 50 104 43 58 53 46 51 48 45 57 105 56 54 44 17 35 37 33 30 31 29 12 22 21 32 23 103 40 49 317 316 74 81 59 47 52 41 38 39 34 148 145 136 123 117 128 125 115 112 126 137 134 153 154 94 95 207 100 196 198 203 194 181 176 177 172 184 175 204 195 185 191 166 165 260 254 251 272 280 273 286 274 293 290 277 287 297 276 275 247 246 314 250 261 266 281 289 278 282 283 288 292 301 294 285 284 279 263 257 252 248 244 249 318 223 224 214 215 109 213 218 222 219 228 245 271 270 291 295 302 306 199 205 192 193 312 311 200 269 268 256 140 239 231 235 237 259 315 265 264 144 234 227 236 226 229 233 232 225 220 217 118 110 211 212 216 221 313 230 119 240 238 139 147 146 152 149 158 157 171 296 308 303 299 300 304 298 310 305 309 307 167 178 173 183 156 150 130 241 242 243 267 262 253 255 258 143 131 122 129 141 138 208 132 124 133 121 135 14 13 116 4 111 106 9 16 20 28 24 26 18 15 10 8 27 25 11 6 2 : 1106.83
5 0 
1 48 269 226 223 295 26 60 204 267 50 7 61 81 315 270 276 235 143 297 274 128 228 136 114 210 121 59 70 82 225 221 131 239 307 96 11 125 217 198 113 152 140 122 277 303 142 80 283 30 254 214 159 112 149 127 103 236 24 207 95 27 117 253 279 86 191 312 110 251 248 43 54 29 111 132 261 36 190 123 129 188 146 124 271 101 216 2 71 163 151 45 211 192 317 316 49 13 301 79 168 18 105 203 66 194 8 262 311 268 237 241 167 64 150 46 119 284 68 93 107 240 56 52 19 148 196 65 6 208 134 202 35 116 314 91 73 145 215 250 298 180 44 258 137 222 260 300 278 90 75 179 288 266 39 72 22 58 74 76 309 102 259 144 160 94 244 304 280 285 200 108 83 305 154 14 219 232 252 164 55 53 182 187 199 296 21 88 69 98 84 147 175 242 155 209 272 162 85 201 97 172 186 193 57 118 133 28 313 299 195 291 40 135 62 78 104 256 289 281 115 173 212 42 197 12 100 171 184 41 25 92 185 234 87 34 230 247 224 165 287 257 310 139 238 282 38 156 130 220 231 227 181 141 318 106 264 286 158 206 166 169 308 176 183 15 10 157 153 4 265 263 245 302 170 3 89 292 290 293 178 16 138 63 120 275 109 243 233 205 306 31 32 218 249 174 161 9 213 246 255 229 5 33 99 47 189 294 23 67 77 51 37 20 126 17 273 177 : 5012.28
5 1 
1 89 65 196 226 300 54 107 132 265 126 187 183 95 101 26 142 151 103 5 136 211 112 158 76 93 41 240 109 81 221 172 199 269 113 90 161 59 105 312 262 122 125 74 264 111 259 52 82 210 133 110 215 130 294 171 18 4 274 15 64 120 121 159 134 162 209 276 244 271 153 80 67 7 256 216 267 229 217 115 61 60 180 184 173 317 225 245 246 169 309 310 305 177 86 35 3 66 143 45 78 174 198 87 303 223 289 194 49 31 70 189 69 91 84 124 25 104 139 299 212 238 135 53 213 11 190 10 140 206 175 202 62 165 311 131 160 150 233 108 298 295 248 32 46 252 48 293 286 200 203 224 145 44 85 247 232 288 307 273 261 260 281 40 128 106 250 92 287 314 34 164 188 129 42 17 100 6 214 50 23 56 20 156 57 47 170 16 163 255 239 236 166 201 266 29 19 205 258 167 191 249 114 9 116 275 28 73 33 241 268 152 27 14 68 83 237 8 58 186 290 251 296 176 96 243 138 282 285 277 185 155 97 51 179 192 149 197 13 77 144 280 283 316 2 207 318 257 99 291 313 141 227 242 306 204 181 218 220 119 231 55 72 222 253 148 22 137 127 304 263 228 297 292 272 301 234 208 219 182 118 315 146 230 75 37 30 36 157 278 88 79 168 94 38 98 270 308 195 279 302 102 123 24 178 63 147 284 254 71 39 193 117 235 12 21 43 154 : 5029.59
5 2 
1 2 59 50 213 275 285 246 303 283 228 170 236 318 88 205 87 61 23 71 93 98 183 43 81 311 78 83 173 145 230 8 60 36 16 75 7 54 190 309 66 37 101 112 182 120 209 137 143 216 214 4 106 146 20 92 160 289 304 261 262 312 46 48 175 123 257 168 33 141 131 247 172 44 159 316 86 152 295 307 132 221 32 82 282 277 203 208 107 28 138 284 192 251 256 260 113 296 118 176 117 12 6 74 150 94 126 194 272 286 162 64 73 41 10 171 103 313 219 204 116 62 279 124 52 298 229 238 95 188 200 187 218 119 317 266 305 271 79 49 179 225 53 240 223 241 242 122 226 235 57 154 115 185 140 5 51 34 133 308 89 139 47 161 25 128 21 102 29 91 30 105 197 180 111 96 306 302 196 201 149 253 198 184 80 14 186 268 77 97 158 63 135 163 69 310 142 18 206 300 147 220 202 294 56 104 191 165 239 255 232 114 157 287 189 45 290 68 3 153 174 110 90 195 136 212 264 297 243 15 270 250 249 134 164 181 156 193 288 280 278 167 58 42 76 177 13 100 217 84 169 27 281 222 72 248 292 121 233 263 109 314 55 244 293 199 129 148 151 38 31 245 237 65 315 265 125 274 299 22 39 211 155 267 224 130 17 9 40 35 127 231 259 144 291 85 301 215 234 252 166 273 276 99 24 210 258 178 26 207 227 254 108 70 269 67 19 11 : 5070.9
5 3 
1 7 45 71 77 80 112 220 233 254 247 235 60 61 164 187 264 144 18 51 37 31 13 271 263 111 122 147 173 171 284 300 236 213 23 2 58 175 96 119 129 42 95 283 253 6 36 106 140 153 203 196 208 114 98 83 53 52 79 199 299 246 241 244 161 68 165 82 91 101 90 184 139 155 210 243 259 314 117 290 289 178 223 318 172 20 73 183 242 237 216 75 28 19 14 149 205 168 133 257 296 146 232 92 313 277 256 56 15 26 49 50 85 48 74 145 103 33 8 11 25 109 239 88 186 151 4 17 41 32 113 217 215 105 86 292 190 317 179 192 195 252 99 204 197 274 22 226 120 134 138 214 238 3 127 121 294 201 87 267 166 16 9 67 78 177 198 302 287 211 123 228 76 180 193 207 310 200 270 251 181 206 131 142 152 304 298 10 29 59 63 47 30 62 160 209 27 43 260 185 189 108 110 107 38 137 5 128 225 265 21 191 222 250 280 272 245 261 248 249 268 306 291 273 301 305 276 169 115 174 279 309 311 194 69 312 188 34 135 282 281 143 275 154 35 24 12 102 316 44 176 159 118 269 93 94 148 221 130 229 157 70 202 303 258 285 307 66 89 97 81 84 104 65 156 39 57 46 182 266 100 293 295 315 278 262 136 219 227 234 125 124 126 116 132 72 55 64 40 308 231 240 158 170 297 288 218 224 255 230 212 141 162 54 167 286 150 163 : 3997.45
