0 0 
1 107 110 19 52 267 59 202 206 129 51 200 180 34 118 207 170 266 50 67 94 278 176 173 140 279 92 55 274 315 240 149 191 47 219 244 301 158 81 63 99 4 228 249 212 313 109 256 222 153 76 41 309 172 243 213 147 290 277 60 17 283 148 241 190 133 29 21 42 196 22 49 262 295 184 214 2 33 242 7 292 23 84 165 261 35 235 85 317 68 231 218 82 16 168 102 75 128 302 56 116 90 203 44 192 285 120 306 188 237 185 98 91 96 77 258 299 25 308 20 64 293 48 124 125 247 227 199 226 174 305 189 166 239 106 288 297 259 284 282 265 209 238 268 171 254 139 264 216 246 248 93 225 11 167 130 5 80 14 144 221 318 169 201 66 132 271 205 291 157 193 289 54 122 236 37 72 78 195 269 134 45 294 230 142 298 234 280 3 260 210 245 112 286 287 131 232 18 113 156 27 138 100 197 252 311 163 151 307 117 270 24 145 135 224 300 183 187 43 104 58 62 178 57 175 310 272 150 73 12 257 108 114 211 83 13 70 101 223 215 143 229 220 39 314 97 186 105 198 141 95 179 79 9 137 164 204 251 255 182 74 46 119 194 115 276 177 154 69 28 15 146 26 161 275 121 71 208 31 36 126 123 296 281 32 61 181 159 30 316 86 38 88 136 103 65 152 253 263 40 160 304 303 155 250 111 8 6 10 127 89 87 233 217 312 162 53 273 : 5268.12
0 1 
1 289 2 187 40 82 94 107 232 120 48 11 27 137 122 246 227 58 91 68 98 160 231 223 170 140 241 41 38 204 186 130 89 44 181 95 97 307 128 184 88 76 50 242 61 45 21 56 114 144 214 105 198 280 36 75 272 282 121 173 70 317 193 182 67 136 167 150 17 238 139 315 295 106 297 5 35 64 69 300 268 149 229 309 172 213 258 31 57 225 256 162 209 156 257 269 168 207 190 263 261 165 116 217 216 100 201 66 118 274 7 248 266 65 239 270 211 312 161 158 8 228 20 55 212 103 277 313 163 293 115 14 4 220 175 63 286 142 153 83 202 71 51 15 306 155 188 129 171 265 78 296 275 233 39 32 196 255 178 12 303 60 108 30 49 169 235 273 318 87 148 13 276 222 206 16 205 164 93 34 28 310 73 179 125 145 244 9 77 101 29 135 141 237 291 247 251 253 90 243 299 159 134 236 154 254 298 96 199 252 283 177 84 240 314 192 194 46 25 109 305 43 316 6 52 104 80 191 157 59 260 250 221 3 42 208 279 151 259 143 304 74 292 147 288 126 224 166 92 62 85 138 10 203 271 267 183 113 234 281 174 99 33 124 72 37 19 54 24 219 290 53 102 245 218 112 189 301 249 146 23 18 26 110 132 285 294 311 210 133 152 302 22 185 197 176 119 287 123 47 81 195 131 215 278 180 230 86 262 284 308 111 117 226 127 264 79 200 : 5336.81
0 2 
1 275 58 68 27 26 88 279 21 55 270 110 152 171 201 188 135 18 4 284 204 169 296 260 227 253 72 117 160 303 195 316 271 216 33 139 242 143 56 205 156 78 164 255 150 182 73 185 202 129 276 94 192 167 42 189 294 85 113 95 187 318 244 193 168 259 149 154 161 44 91 35 170 159 210 141 3 48 257 77 52 53 305 251 268 199 215 307 197 89 175 191 231 69 194 229 134 282 136 262 11 107 59 121 261 265 200 272 256 86 295 174 20 50 196 127 226 254 277 133 243 9 45 24 22 93 221 238 232 203 309 6 246 206 281 179 252 108 34 23 128 240 218 190 225 311 101 302 176 79 84 278 123 292 301 214 40 285 104 17 126 120 233 158 263 269 142 245 291 172 181 184 157 64 7 82 173 287 258 165 209 36 274 224 186 138 74 236 96 60 5 293 46 208 180 75 15 14 57 43 112 87 234 183 140 166 106 124 239 298 312 155 81 111 37 65 38 151 102 212 273 306 63 177 288 29 12 105 250 66 248 100 99 98 308 153 163 97 313 235 297 67 54 144 145 32 10 125 222 122 178 114 283 19 30 228 315 211 147 267 146 90 300 304 289 241 314 25 8 39 80 49 217 118 13 119 299 198 247 286 132 249 148 317 62 28 51 31 103 115 280 207 310 61 213 76 70 266 230 41 264 137 290 130 83 47 219 220 116 131 92 16 162 237 109 223 71 2 : 5337.08
0 3 
1 67 175 269 260 181 275 39 118 198 233 143 215 279 30 78 57 182 136 65 104 91 161 162 54 139 253 235 313 107 176 122 106 270 165 206 237 203 155 92 56 53 212 68 150 146 119 179 305 304 299 133 84 204 200 45 35 127 27 13 186 135 5 271 88 158 17 274 75 234 311 236 224 290 163 142 32 120 115 173 251 283 189 149 217 144 277 49 8 16 169 51 312 20 102 112 55 59 14 214 208 129 137 316 188 295 4 310 10 58 222 76 223 44 225 293 180 130 285 159 147 184 23 121 31 207 38 292 314 174 282 267 205 318 221 281 308 272 286 95 12 33 24 309 196 218 194 36 240 244 245 257 296 287 124 170 72 48 108 243 153 99 178 185 25 298 263 241 220 266 268 41 166 60 126 46 192 193 288 256 250 97 111 227 69 164 177 254 187 89 226 134 94 246 231 264 259 317 19 2 172 96 86 70 247 211 219 199 29 28 21 80 258 202 183 201 210 34 61 47 113 152 9 7 6 37 52 213 273 255 74 148 230 228 303 265 63 262 100 191 93 302 289 315 307 114 85 229 171 239 195 140 209 301 151 66 105 216 300 109 291 117 82 77 128 116 26 167 103 278 248 132 123 141 18 297 138 157 83 168 125 156 62 90 79 81 43 101 50 73 197 3 232 238 294 98 261 160 154 64 252 242 110 11 71 284 280 190 306 276 145 249 87 22 42 131 40 15 : 5177.01
1 0 
1 49 30 61 66 277 4 131 302 252 248 186 188 300 202 221 217 182 15 157 84 214 230 260 238 129 284 268 318 165 291 104 263 155 149 223 133 273 172 305 128 96 14 22 279 281 226 264 153 103 210 65 82 208 242 243 158 111 58 249 190 265 201 3 40 127 194 287 211 316 77 177 295 23 74 137 250 184 92 88 169 11 106 109 275 126 100 256 48 317 212 21 237 309 234 205 298 259 147 255 283 176 91 206 95 220 81 160 219 224 181 304 274 12 288 285 232 299 122 228 29 57 261 301 207 5 110 139 231 198 154 246 297 199 8 26 152 189 123 121 68 117 59 87 197 272 276 90 79 9 222 173 254 185 18 130 52 25 10 156 43 216 270 151 179 32 24 134 37 44 215 161 34 314 63 240 94 159 168 282 115 241 233 262 132 27 170 166 278 125 116 178 13 36 93 60 290 39 64 303 89 28 192 213 239 86 105 196 245 269 73 306 193 47 67 119 146 138 315 62 75 102 296 293 280 225 6 98 56 247 80 209 145 53 46 292 200 70 141 114 191 258 16 163 72 78 45 17 144 289 310 183 311 307 108 118 271 267 312 180 253 171 101 99 83 136 227 148 294 235 71 50 195 33 41 203 251 97 167 38 164 244 124 35 286 162 51 175 204 20 2 54 107 7 120 174 76 266 229 112 218 31 313 142 150 257 143 69 135 85 19 113 42 140 236 55 187 308 : 5379.08
1 1 
1 128 81 34 107 126 99 62 50 32 94 58 234 255 294 127 305 298 132 197 95 176 198 239 237 275 106 49 31 236 91 44 55 38 247 157 140 184 3 191 207 240 178 155 92 243 231 84 67 273 182 117 93 199 13 306 315 170 48 53 56 131 75 65 181 61 266 302 11 18 254 257 115 233 57 143 28 98 64 289 103 144 110 2 151 145 101 54 220 272 291 260 6 161 59 73 100 290 300 136 72 22 45 288 109 138 111 169 286 311 208 160 152 304 60 16 218 203 25 299 292 51 63 295 87 70 86 154 312 195 196 174 20 242 263 125 217 213 307 187 229 259 227 210 165 74 202 147 9 303 179 85 264 163 142 33 167 35 256 245 134 271 270 21 316 283 172 77 186 129 36 204 79 112 226 42 250 173 230 200 252 253 189 297 47 123 274 248 139 287 278 222 219 148 52 228 118 232 133 124 146 317 269 212 175 24 150 14 284 205 258 121 279 244 251 114 68 120 26 27 7 301 104 71 158 90 268 235 149 188 137 41 166 171 277 96 190 17 108 66 296 183 78 249 238 262 116 308 180 80 29 281 280 310 211 5 267 276 282 141 37 119 89 130 113 40 43 30 105 83 46 223 185 10 19 12 39 309 135 285 261 216 224 225 206 177 76 265 214 168 4 314 82 156 159 241 313 221 97 194 246 15 209 122 88 201 153 192 164 23 8 69 102 215 318 162 193 293 : 5334.84
1 2 
1 170 65 127 74 161 80 4 112 251 87 318 189 309 255 278 178 149 202 122 187 303 104 260 167 7 137 277 17 273 169 146 121 125 113 136 34 72 259 192 163 287 90 308 311 315 69 211 76 86 155 48 23 147 14 28 88 269 223 305 123 275 313 232 89 245 12 263 124 63 261 83 193 300 68 268 292 199 21 179 71 210 291 64 297 37 197 217 143 144 158 56 27 270 237 99 190 206 29 60 46 182 31 20 304 32 40 75 19 234 109 114 154 176 24 242 43 201 92 26 238 165 101 184 42 110 314 250 153 257 45 196 288 307 310 281 231 203 95 73 70 298 117 119 280 265 229 67 235 221 256 264 8 212 50 44 133 286 301 10 15 188 47 317 241 118 134 148 61 2 13 55 186 172 194 162 18 139 11 252 77 62 262 126 174 53 79 173 100 185 66 41 141 180 299 132 266 57 316 39 51 142 36 33 22 111 115 16 9 284 94 181 129 58 105 222 25 156 236 271 160 209 218 246 283 216 302 224 228 97 208 312 213 240 131 145 130 274 166 98 52 135 295 289 233 293 82 106 120 140 214 107 239 159 103 102 116 108 247 279 81 226 227 151 183 3 96 84 150 54 85 219 253 215 138 249 200 30 164 306 205 177 49 59 93 207 78 220 243 267 258 6 195 198 38 282 285 191 128 152 276 254 204 171 157 294 230 168 35 248 244 175 91 290 5 272 296 225 : 5348.33
1 3 
1 26 171 273 173 159 318 300 243 31 97 201 125 282 270 116 192 59 72 42 55 88 313 103 255 196 194 115 154 27 266 152 238 277 252 56 24 275 79 64 137 34 157 231 302 96 193 210 61 315 274 22 19 199 191 108 310 279 253 44 99 74 51 138 250 269 110 13 4 247 251 304 190 123 160 8 249 216 189 289 211 36 6 158 54 271 257 53 308 118 292 156 215 163 145 11 37 226 264 172 206 311 244 209 301 93 307 294 132 260 246 169 139 225 167 272 290 119 283 233 134 50 155 317 71 14 262 133 122 198 177 98 287 38 293 162 281 230 5 303 235 232 29 70 164 48 263 63 73 32 174 175 85 312 136 68 66 221 213 127 185 12 165 114 16 9 168 195 204 147 214 43 69 128 113 83 25 178 102 49 126 176 81 208 161 259 239 183 141 254 47 205 284 65 109 131 144 203 227 52 170 15 316 21 40 142 153 256 314 10 80 105 90 220 245 151 84 76 77 288 268 261 17 35 135 297 87 58 223 309 18 130 182 20 60 299 296 267 202 82 179 207 62 124 117 236 150 100 95 86 200 241 33 91 197 92 181 39 187 148 23 41 166 298 57 101 186 212 143 94 305 234 45 111 291 258 276 228 188 75 149 30 285 140 219 3 229 184 242 28 180 67 240 278 217 120 7 295 121 146 129 107 222 280 306 46 89 78 224 248 218 237 265 2 286 104 112 106 : 5386.23
2 0 
1 61 175 114 213 214 170 82 206 311 37 277 274 127 293 283 38 90 241 231 8 45 32 288 291 233 66 100 284 223 88 3 289 106 228 155 27 96 204 230 169 305 275 229 281 34 122 255 210 144 123 136 196 282 215 236 179 157 202 187 147 265 119 182 102 161 10 112 237 189 181 126 193 174 197 268 154 20 22 261 218 118 142 246 242 153 205 263 285 203 244 307 294 257 313 256 208 115 25 40 125 149 31 85 78 108 248 286 173 52 81 209 121 176 13 134 113 279 94 308 306 110 29 234 309 180 292 15 216 221 222 103 296 200 146 297 53 315 253 167 62 30 95 190 84 150 6 5 194 198 276 86 164 295 163 303 116 67 302 54 314 148 137 75 227 254 46 4 269 26 93 89 2 21 259 267 120 278 287 33 301 60 51 105 44 240 270 59 104 109 264 310 58 124 41 172 191 48 249 165 65 280 272 318 141 130 128 243 273 152 97 80 262 129 14 168 300 35 39 92 72 166 50 12 290 298 133 219 220 11 239 139 252 79 19 160 76 151 55 36 192 250 135 156 63 73 138 64 57 69 211 235 117 131 271 312 226 178 43 7 184 28 225 199 217 185 18 98 68 17 162 260 56 91 71 159 186 158 23 258 266 245 49 101 232 9 183 107 83 188 99 16 111 42 177 251 207 74 24 47 171 145 316 317 70 247 77 87 238 212 195 304 299 224 140 143 132 201 : 5235.12
2 1 
1 217 267 230 199 280 216 119 120 26 255 95 11 302 306 271 240 142 284 144 156 207 314 92 30 80 75 160 232 213 222 259 132 116 176 111 293 313 221 206 242 208 64 9 96 185 198 65 34 25 90 58 173 300 228 141 106 212 308 290 79 178 150 282 210 45 15 40 174 273 113 49 67 168 286 227 76 251 5 167 10 211 6 48 99 197 296 278 312 87 177 74 61 109 18 310 289 272 107 317 42 245 138 121 134 263 22 276 114 218 239 117 32 37 98 151 27 311 294 305 28 316 149 234 246 2 182 181 23 59 86 46 279 17 205 172 93 84 66 44 146 274 281 20 277 301 243 33 78 118 153 70 133 299 254 257 115 170 265 190 229 264 307 250 104 184 298 202 36 62 105 85 262 189 297 304 148 247 214 110 309 270 315 192 71 191 136 175 50 68 16 72 140 122 135 275 268 47 73 139 237 318 54 171 155 224 125 137 12 19 238 244 252 8 165 225 130 159 57 260 55 200 52 88 163 258 241 13 126 219 31 226 261 69 194 102 41 287 249 29 127 256 303 164 77 82 166 169 266 81 94 236 161 91 285 63 129 162 124 223 39 112 157 196 35 4 180 158 3 128 215 14 123 100 295 108 21 201 83 24 292 253 233 154 183 220 152 291 188 204 231 145 187 131 179 43 209 195 193 269 97 53 147 203 51 101 38 248 186 283 235 143 60 288 56 89 7 103 : 5294.3
2 2 
1 78 282 210 88 42 124 291 191 197 158 90 240 243 79 55 159 254 225 252 249 273 305 66 39 297 126 98 193 59 44 137 46 232 176 318 26 43 258 188 50 114 163 314 145 94 259 147 122 247 233 223 53 157 93 95 207 81 69 118 34 187 250 179 311 99 205 204 172 174 167 76 173 102 244 229 7 3 294 71 277 296 45 280 312 304 264 200 162 217 269 290 235 64 194 131 136 12 11 279 270 234 262 286 283 19 160 37 246 141 142 24 201 143 16 289 276 13 14 292 20 5 213 208 148 199 96 181 242 65 139 47 67 285 89 295 186 51 175 288 189 203 278 2 146 268 257 237 316 25 48 206 154 4 108 38 6 17 113 218 80 221 231 109 281 22 62 82 125 170 168 60 251 27 212 236 28 111 255 299 293 110 190 300 265 226 123 302 274 149 222 61 117 227 303 58 161 224 272 140 211 230 298 129 196 86 41 32 70 248 54 245 130 133 306 310 241 267 260 107 307 192 156 105 185 144 127 112 97 63 103 138 85 106 155 150 151 33 284 120 87 263 275 308 301 92 309 84 18 166 132 57 73 164 219 171 104 21 287 91 209 215 75 77 31 101 49 317 183 121 35 313 177 52 184 315 134 119 253 239 220 100 23 36 135 238 261 72 29 15 128 152 40 9 83 74 214 182 202 216 30 153 165 228 195 68 115 256 169 271 178 266 180 198 56 116 8 10 : 5225.41
2 3 
1 170 192 80 43 257 309 4 139 306 278 273 269 11 69 111 132 164 24 145 57 314 243 277 236 261 252 291 200 129 128 53 204 119 259 313 207 188 191 198 218 178 33 112 6 50 37 184 315 110 165 60 45 102 40 316 190 253 5 177 97 152 23 99 121 232 199 250 59 182 29 233 264 285 162 55 79 36 142 14 35 140 3 238 52 120 222 210 86 147 144 25 125 10 38 310 203 317 68 56 174 148 72 117 187 101 26 215 71 268 109 96 130 287 303 95 294 282 288 135 173 172 206 34 126 88 195 137 213 141 189 73 89 246 41 47 70 163 167 113 115 30 150 158 8 39 16 2 62 75 153 17 254 157 293 245 160 42 166 183 289 258 271 156 32 64 181 305 118 100 263 197 298 216 28 74 256 220 87 66 93 241 230 237 225 123 149 105 94 151 185 76 244 159 91 84 104 272 255 234 301 155 231 274 283 122 134 138 83 300 196 311 240 247 205 168 13 295 146 212 27 275 49 221 292 176 299 90 217 284 318 106 270 307 124 65 58 116 131 78 211 262 266 186 279 154 227 296 214 235 21 54 179 267 31 201 193 169 136 251 276 20 92 48 242 63 209 304 223 248 208 290 77 12 224 219 226 265 281 85 7 175 81 260 61 108 133 312 249 297 202 280 229 103 15 228 239 302 18 180 308 286 194 82 171 44 9 19 143 161 98 114 46 67 51 107 127 22 : 5296.15
3 0 
1 161 256 133 27 215 128 125 151 129 176 286 112 226 171 64 79 242 164 84 81 44 144 163 281 35 255 75 69 210 313 172 314 191 124 265 55 111 110 282 272 26 86 216 45 59 208 9 311 143 62 209 204 195 127 267 7 105 120 92 90 230 99 310 277 130 253 93 2 29 280 165 262 264 274 101 167 20 24 94 53 13 235 154 220 32 243 268 283 168 294 152 96 91 266 258 251 158 290 4 273 300 43 76 63 156 223 46 146 66 303 288 73 48 126 270 42 271 306 40 218 275 217 38 18 102 6 71 228 155 302 233 202 237 219 214 279 254 118 301 147 149 213 188 182 231 121 241 61 197 14 123 103 136 37 238 198 88 98 85 28 57 23 316 229 276 104 307 200 232 139 77 177 169 89 297 170 190 285 134 140 187 12 239 248 51 148 115 221 11 145 33 224 315 87 201 97 292 196 287 247 109 203 252 318 160 56 157 162 189 150 183 74 70 67 205 236 260 192 80 317 52 250 304 308 269 186 3 284 31 108 54 244 261 293 181 117 175 227 137 15 82 298 193 131 95 159 178 116 10 107 39 5 309 21 16 212 222 295 207 194 50 225 142 240 211 113 185 8 34 17 263 289 132 138 60 180 22 25 259 106 68 278 291 179 173 58 166 78 47 135 296 100 299 249 141 245 234 305 72 49 119 184 122 114 41 206 65 83 257 246 312 174 36 30 153 199 19 : 5366.88
3 1 
1 147 47 96 66 317 112 40 77 98 78 177 242 60 79 188 204 89 170 192 74 58 30 175 236 229 239 310 219 116 11 254 297 111 63 216 36 142 234 151 166 288 303 164 187 198 121 126 16 8 181 91 171 90 232 67 314 264 134 228 2 274 213 267 59 278 105 313 197 51 153 31 101 85 127 190 119 233 160 135 146 110 37 241 10 57 125 312 84 261 73 273 14 71 104 260 238 318 137 120 69 28 18 218 209 39 155 152 162 223 172 283 148 38 108 302 269 243 279 97 113 17 252 169 129 32 22 12 33 203 211 132 3 42 44 262 34 214 19 174 130 271 257 263 29 245 281 80 76 247 251 226 306 94 114 184 122 118 154 272 304 266 20 294 316 301 295 292 205 131 215 163 124 45 68 140 186 176 27 276 195 222 250 82 286 102 249 138 244 258 5 208 287 293 117 168 56 49 70 199 237 253 305 93 55 62 61 220 225 95 256 183 212 290 149 189 307 35 7 50 145 289 298 86 182 196 227 240 270 246 6 202 291 72 65 100 141 235 9 15 109 106 88 200 217 277 139 285 128 144 201 48 157 315 296 179 52 178 191 308 221 194 300 180 46 210 161 143 123 159 133 81 75 185 265 193 41 167 136 255 64 206 248 299 309 92 173 284 230 311 268 224 87 53 26 103 21 165 259 24 115 13 4 107 150 23 231 156 280 275 282 43 207 83 99 158 54 25 : 5312.53
3 2 
1 53 23 30 286 117 308 200 163 96 179 204 115 63 104 40 289 185 153 159 180 102 82 193 207 300 188 269 247 201 258 64 280 287 222 146 263 299 136 176 175 103 211 190 214 140 310 139 245 224 318 94 312 183 34 73 91 156 38 71 29 215 262 184 65 9 90 93 100 246 307 260 279 110 130 291 202 295 27 109 121 41 266 123 128 243 256 51 74 20 14 28 72 49 75 182 191 231 178 134 265 36 33 317 84 302 315 225 105 253 240 171 216 125 227 174 66 259 271 54 11 24 205 237 213 166 203 16 52 83 145 141 142 306 294 239 311 192 272 298 19 62 86 297 57 147 88 186 283 108 31 78 209 131 3 80 50 15 150 218 113 275 230 81 21 290 18 2 7 133 288 226 87 293 274 285 98 10 233 4 264 42 97 195 129 138 99 181 119 170 281 116 251 61 173 127 162 144 152 48 43 8 56 135 77 155 85 55 32 114 126 158 232 35 6 168 278 187 46 5 25 13 169 238 120 284 273 268 250 249 199 219 210 167 261 314 107 254 59 196 95 194 206 165 45 313 244 248 79 282 172 223 101 198 305 270 301 12 17 177 257 316 208 228 217 220 236 276 112 76 118 37 241 148 277 267 143 235 26 157 234 111 124 92 303 309 106 229 69 189 122 70 255 151 137 296 252 212 22 44 292 197 242 161 160 304 149 47 221 154 60 39 67 132 68 89 164 58 : 5154.28
3 3 
1 67 60 16 241 129 139 202 6 279 58 54 19 115 18 232 318 213 228 268 189 113 266 299 92 161 195 294 164 180 128 307 127 142 220 230 246 177 150 270 112 169 17 42 271 284 32 297 120 31 9 175 52 50 80 100 272 282 101 214 288 41 35 148 27 182 296 48 131 107 194 172 121 313 254 205 162 165 4 14 222 8 160 257 217 251 109 198 147 190 208 29 36 244 245 215 305 201 47 316 156 30 106 26 11 197 124 312 231 209 96 97 114 243 95 173 78 73 309 224 72 252 66 105 102 286 206 187 123 186 179 43 302 273 15 280 212 146 151 255 265 210 137 192 236 248 283 300 65 269 138 28 118 256 277 260 144 285 191 317 5 22 44 203 153 181 188 306 166 98 218 125 184 20 242 10 185 293 12 219 104 56 63 76 196 143 229 292 264 259 7 310 303 170 261 168 227 298 193 126 290 278 199 289 274 315 103 40 132 314 226 237 155 88 221 216 45 55 46 49 34 133 295 64 311 149 21 71 158 86 13 171 116 225 119 200 204 157 87 25 135 267 74 51 281 258 249 167 83 304 91 70 3 276 57 77 89 262 33 301 23 108 117 111 59 233 263 253 68 90 176 85 84 75 130 275 134 122 291 239 247 163 94 110 82 81 39 69 53 24 61 178 159 238 250 183 38 141 234 287 174 93 37 308 240 152 2 211 207 140 99 223 154 145 79 235 136 62 : 5274.98
4 0 
1 114 213 49 179 10 293 2 48 22 316 202 219 190 17 232 139 41 100 181 212 300 259 172 160 313 217 13 165 174 311 206 104 131 191 121 317 284 291 272 200 50 153 175 30 261 255 296 233 290 164 194 178 46 136 193 195 256 31 240 226 151 4 75 180 309 298 5 198 254 214 184 203 29 315 243 163 150 169 82 310 119 252 109 182 249 263 250 129 247 222 286 106 216 122 133 158 141 61 101 6 125 302 146 8 177 269 145 128 57 28 71 225 137 270 142 236 96 51 312 268 154 33 148 54 245 144 199 38 23 72 59 275 56 113 47 95 83 215 73 11 40 62 89 276 244 143 257 264 42 289 85 130 189 36 231 112 43 45 90 224 223 103 20 18 21 92 64 116 287 210 12 299 81 281 258 251 117 118 80 78 66 126 241 211 167 188 155 63 60 52 120 279 140 229 228 220 7 187 16 235 74 196 156 280 152 14 25 138 304 157 135 124 55 102 185 99 97 132 266 65 221 218 295 253 227 230 282 242 107 108 183 110 123 297 166 186 209 26 303 173 271 273 314 127 306 93 58 149 170 237 44 87 27 161 168 69 239 32 15 318 248 234 24 265 162 277 35 111 238 77 201 134 86 288 283 39 98 79 70 37 208 67 308 205 274 262 34 285 301 278 294 53 88 176 94 204 159 3 192 91 68 76 207 115 292 147 19 9 305 84 105 267 197 171 246 260 307 : 5279.06
4 1 
1 74 161 256 234 107 132 4 149 94 202 82 237 251 291 29 274 16 193 92 215 267 318 118 261 279 242 195 175 80 98 282 188 14 53 302 157 78 239 61 35 2 292 104 122 115 31 315 281 286 50 144 152 123 76 79 301 10 169 254 69 258 148 85 307 3 243 289 284 210 264 150 139 126 34 154 178 179 75 241 240 229 317 40 20 133 266 59 221 138 228 135 105 52 127 299 265 191 186 207 248 68 42 70 63 38 183 285 83 198 87 13 235 181 8 171 300 236 255 142 111 106 113 163 209 174 116 280 25 28 220 22 297 259 65 15 24 218 295 67 101 43 97 140 277 136 290 294 110 233 54 62 185 81 312 159 309 260 311 156 41 39 109 194 103 247 276 176 56 32 71 222 131 128 5 134 192 201 223 166 273 137 162 77 17 158 27 314 177 141 196 9 100 119 45 44 146 212 217 112 268 230 245 64 316 58 206 305 278 252 224 172 155 271 190 227 287 89 129 173 23 200 249 313 60 26 269 204 151 55 72 99 246 214 165 219 147 238 167 47 88 145 180 46 164 160 130 225 270 168 7 11 184 90 120 310 298 231 51 73 102 263 244 226 208 153 187 170 296 253 211 288 182 257 57 48 124 121 143 33 232 283 114 275 91 262 86 84 197 49 293 250 303 306 203 21 96 308 272 66 12 216 117 37 93 6 18 189 30 19 95 108 125 36 199 205 304 213 : 5341.58
4 2 
1 120 280 271 288 264 115 109 117 36 104 208 259 211 114 161 285 149 64 95 25 22 139 73 56 258 142 127 156 203 6 276 238 63 128 121 234 130 274 188 192 44 201 226 219 305 300 251 289 227 129 71 103 32 57 310 159 177 307 246 236 249 292 55 262 272 260 164 311 91 87 113 70 197 145 181 270 291 299 37 75 77 67 202 101 52 18 118 7 78 23 183 62 230 27 314 162 41 122 5 138 10 265 309 316 222 233 257 194 136 30 21 178 80 312 212 213 294 284 198 26 110 189 66 108 93 96 287 53 61 180 187 243 167 248 297 242 168 74 220 133 126 29 34 151 50 81 15 190 241 124 68 16 154 9 228 268 304 185 252 132 48 225 119 209 31 217 207 204 290 182 153 79 92 275 39 143 107 4 111 3 313 240 293 131 253 125 277 175 286 2 43 244 199 135 76 160 84 254 298 134 85 232 8 14 45 184 82 172 94 250 169 147 150 100 214 123 301 278 229 173 88 261 315 176 42 102 263 218 158 146 295 255 49 224 40 247 106 86 157 171 273 47 24 205 279 267 302 140 318 282 216 281 200 239 28 46 12 317 186 170 306 152 51 20 89 266 223 269 235 141 65 38 116 99 196 296 163 148 72 206 166 215 237 17 193 83 155 283 245 98 179 144 221 19 191 137 59 11 174 195 210 97 112 60 256 308 54 13 105 58 33 35 69 165 90 231 303 : 5262.02
4 3 
1 70 122 295 159 303 184 245 151 52 126 69 65 256 284 229 202 168 312 163 14 11 289 91 257 166 12 190 288 138 119 112 250 232 121 71 234 133 172 171 221 45 28 58 148 10 185 129 310 252 7 37 34 153 231 297 54 237 272 182 152 154 293 169 247 275 278 279 311 309 281 220 79 292 264 304 199 160 302 86 49 110 162 208 3 125 27 29 108 287 75 50 313 224 47 73 68 204 196 195 268 238 305 239 242 128 2 265 4 90 20 318 192 274 255 201 236 291 282 254 277 17 96 120 8 39 198 139 82 143 56 286 215 55 102 94 187 44 36 48 30 243 170 235 13 314 316 173 40 74 38 67 285 307 177 262 21 23 271 114 33 106 164 217 109 227 66 150 216 98 161 127 118 42 306 26 178 179 149 101 51 35 203 211 156 99 83 186 115 290 60 140 300 155 9 270 165 258 267 263 253 283 276 197 296 141 299 219 76 32 24 116 246 64 210 87 84 63 5 124 46 59 89 174 240 214 223 218 259 113 15 181 144 147 249 212 183 97 31 225 16 317 226 43 200 72 19 205 93 261 301 180 78 107 273 269 294 175 280 298 104 142 41 123 233 103 130 158 145 85 241 25 105 188 62 209 132 137 111 244 213 18 230 308 206 131 61 157 315 176 189 88 194 146 100 92 57 95 260 222 228 266 251 80 81 135 77 6 193 167 22 136 248 134 117 207 191 53 : 5286.39
5 0 
1 8 146 294 52 104 4 127 182 219 82 256 287 266 251 71 173 276 269 117 123 134 164 102 199 136 59 72 2 42 139 202 166 292 218 313 247 217 195 311 280 258 196 209 168 158 213 283 69 162 135 55 11 124 307 231 31 28 79 53 103 167 318 245 43 165 262 275 300 306 285 291 90 201 14 61 272 80 223 312 33 260 35 113 76 295 141 83 44 48 169 197 129 49 192 84 176 51 228 250 263 92 115 296 267 316 241 211 85 264 60 74 190 303 39 75 54 24 100 3 37 220 45 6 281 36 73 206 88 187 29 34 46 221 160 56 143 27 25 150 212 240 5 22 23 112 137 26 41 107 308 181 255 122 235 210 111 10 68 149 106 130 236 273 172 226 185 97 144 191 152 261 77 175 293 109 91 58 12 89 252 277 230 70 163 208 177 110 125 93 15 114 288 297 38 305 188 271 147 65 13 116 140 9 309 238 265 284 153 286 301 7 155 64 17 142 234 299 179 193 229 237 243 246 215 32 253 131 189 289 186 244 96 95 315 268 242 47 225 298 161 239 21 94 248 157 227 214 133 194 138 121 290 180 16 63 304 66 148 174 178 98 200 170 81 216 86 145 224 310 282 254 119 151 62 132 154 302 78 101 50 20 278 259 205 99 184 30 128 126 204 203 207 108 279 18 40 87 183 118 317 57 274 159 198 105 67 232 249 257 233 222 156 120 19 314 270 171 : 5326.56
5 1 
1 240 214 228 190 195 303 314 29 88 28 18 208 124 237 252 72 279 158 196 30 217 220 121 277 268 207 170 165 294 171 169 102 287 180 177 295 116 211 109 238 95 235 152 6 134 162 179 93 91 71 40 291 74 191 202 181 312 316 20 247 36 54 223 186 227 203 213 304 243 113 290 230 172 12 3 151 259 257 139 142 307 275 308 274 2 286 75 86 104 176 111 225 115 244 59 242 117 80 68 55 209 132 185 199 168 57 160 311 31 4 141 192 183 33 187 189 261 313 140 35 46 107 118 96 98 197 65 270 231 248 224 299 146 79 81 232 215 273 300 128 39 174 293 64 32 135 296 285 302 309 260 194 148 77 156 125 198 19 265 145 16 24 13 263 204 188 184 154 42 255 37 246 271 62 23 229 90 178 297 14 97 306 201 159 127 73 144 222 114 153 122 289 100 254 253 267 10 167 69 78 101 85 67 149 48 41 218 76 70 11 92 264 282 175 38 8 245 173 226 157 83 129 21 15 22 9 131 212 239 256 241 99 249 123 292 87 164 276 45 103 112 284 262 25 49 94 27 258 66 147 315 136 56 82 58 63 130 89 283 119 161 150 166 34 216 105 236 280 43 200 278 298 138 53 52 47 60 143 205 44 108 301 126 7 234 210 26 266 250 318 120 51 84 163 310 305 5 288 269 110 61 133 281 50 106 233 251 206 193 219 182 17 155 221 137 317 272 : 5201.65
5 2 
1 147 130 106 18 19 100 126 308 50 72 87 311 99 159 299 268 215 185 182 81 314 105 306 282 262 131 187 287 158 117 110 278 271 41 119 31 94 318 192 186 174 70 58 161 69 78 207 155 12 51 148 225 24 226 238 232 231 295 92 235 181 38 118 191 197 4 136 104 46 48 77 116 139 109 91 272 49 127 128 244 242 254 44 265 307 279 263 269 125 140 258 302 145 246 313 177 212 239 115 229 172 252 303 101 179 53 205 277 267 300 14 102 304 294 200 171 2 23 256 214 54 250 160 88 57 289 93 213 248 275 11 85 202 283 280 123 133 168 6 189 222 22 124 10 316 270 196 259 293 142 60 66 45 209 301 221 298 310 264 73 90 82 64 152 80 8 37 151 211 154 59 13 132 3 15 111 180 83 176 79 193 218 5 63 34 36 184 146 236 74 17 120 284 195 290 165 138 30 188 223 234 204 285 163 178 68 62 56 67 173 309 149 156 253 169 219 296 273 274 167 32 276 201 26 198 216 220 7 217 42 286 166 194 103 21 16 95 28 135 76 27 20 175 143 9 261 122 65 315 288 249 266 227 61 113 33 55 190 233 129 206 39 52 86 35 43 108 230 257 317 224 89 25 29 153 164 170 281 208 112 199 40 251 247 245 305 255 237 228 210 71 292 241 240 243 137 144 96 98 162 107 203 121 260 47 114 141 134 150 183 84 312 75 297 157 291 97 : 5212.71
5 3 
1 190 263 102 41 150 39 129 264 67 120 115 24 165 100 251 146 162 119 47 57 137 238 171 48 93 78 54 247 139 227 140 296 294 297 292 195 230 111 186 250 63 161 20 15 299 125 79 134 108 198 103 222 291 225 36 233 183 158 257 87 107 2 317 312 60 191 298 235 313 293 220 295 202 70 52 86 17 94 303 163 193 228 205 124 33 276 170 151 38 73 40 307 258 46 287 49 192 221 300 141 174 11 121 98 72 272 89 273 261 223 249 130 144 277 88 199 123 26 69 168 189 314 280 169 176 3 175 231 5 77 92 44 22 110 71 8 285 31 55 32 58 269 241 148 10 51 101 154 136 259 289 246 274 210 25 35 19 219 64 212 9 75 135 23 59 112 288 206 128 83 45 126 91 76 155 7 306 179 278 217 229 157 159 114 311 185 84 82 178 196 309 201 310 66 65 142 240 109 207 105 177 138 127 37 173 43 116 113 266 255 90 279 239 248 316 208 18 236 232 21 99 282 290 13 117 153 281 149 97 53 160 118 62 133 106 145 28 6 74 122 34 216 254 80 27 143 283 167 156 96 42 104 268 218 29 318 200 301 56 213 204 275 215 244 286 4 188 234 237 305 304 308 81 131 252 315 267 172 184 85 214 265 284 147 243 224 132 271 245 30 256 270 187 194 253 180 262 95 152 302 226 181 68 197 182 16 211 164 61 203 50 12 260 242 166 209 14 : 5299.2
