0 0 
1 12 28 30 103 20 15 11 31 22 29 21 19 17 25 26 18 16 27 24 37 38 134 133 137 127 125 138 128 136 210 164 153 159 158 157 151 161 162 167 168 156 152 149 160 155 60 61 73 69 74 75 64 70 63 62 65 66 169 181 186 174 178 185 180 179 175 173 176 172 182 192 193 204 203 195 194 197 198 191 177 189 190 87 88 201 206 202 207 100 95 94 196 184 183 188 187 90 89 81 76 79 77 80 72 83 85 92 98 99 93 102 96 101 97 91 84 86 78 82 67 71 68 48 55 50 45 40 47 104 41 36 33 23 32 316 59 317 105 56 49 54 57 51 43 44 52 58 53 46 42 39 154 150 145 141 142 130 122 114 113 108 216 225 231 239 213 218 219 227 226 228 229 234 235 236 222 230 232 240 241 237 252 254 250 314 246 247 253 264 249 248 215 214 224 223 245 244 257 268 274 269 166 170 258 266 265 267 315 165 171 281 288 294 293 295 278 277 292 302 306 312 311 200 205 199 301 307 303 308 309 304 305 297 310 300 299 296 290 286 283 289 287 282 272 273 291 279 284 280 285 298 276 275 270 318 271 256 262 263 251 261 259 260 255 238 242 233 221 118 119 217 212 211 109 110 220 313 243 143 140 139 144 163 148 146 147 131 129 124 121 123 132 126 34 35 209 135 117 120 208 115 116 14 13 107 106 112 111 4 5 9 8 3 6 2 10 7 : 770.91
0 1 
1 7 6 8 9 14 120 108 117 116 115 4 5 112 106 107 111 128 133 208 125 141 38 35 34 136 135 134 126 137 138 209 130 123 142 131 122 121 132 124 129 113 114 110 216 109 220 221 119 238 242 243 241 229 226 227 249 270 276 275 271 318 248 244 245 223 215 214 224 228 235 236 234 222 232 233 230 237 219 218 213 212 211 217 118 231 240 239 225 313 140 139 143 144 255 258 250 259 269 266 260 314 246 247 252 256 261 265 315 264 267 268 262 253 251 257 254 263 273 272 280 279 284 290 286 283 288 287 282 278 281 277 274 296 292 293 289 291 285 299 300 298 297 304 310 305 309 308 303 301 294 295 199 200 306 312 311 307 205 302 193 192 171 170 186 195 194 185 178 182 177 188 189 190 183 176 187 65 61 60 66 87 88 90 81 80 84 72 79 91 92 96 102 101 97 82 78 71 68 67 59 64 105 42 43 41 48 49 104 50 316 317 56 45 40 55 54 57 44 46 47 51 52 53 58 63 62 70 69 74 75 73 77 85 83 86 76 89 93 98 99 95 94 201 206 207 100 202 196 197 204 203 198 191 184 173 172 169 181 180 179 174 175 167 168 165 166 162 210 161 164 159 156 152 153 148 146 147 158 157 149 163 151 150 155 160 154 145 39 127 13 17 16 19 20 103 22 21 33 36 37 26 25 18 24 27 28 23 30 32 31 29 15 11 10 12 3 2 : 664.429
0 2 
1 12 24 18 19 41 49 316 317 40 104 50 56 51 45 48 67 83 82 72 76 64 59 62 70 69 74 75 90 86 93 97 101 102 73 80 81 65 66 61 60 154 164 210 168 165 166 289 292 287 299 303 302 200 311 307 312 306 301 199 205 193 192 195 190 182 177 187 183 189 188 185 162 159 160 161 209 158 157 156 152 155 150 153 176 173 172 88 100 207 206 197 94 87 198 204 203 194 179 186 178 180 175 174 163 167 169 181 184 191 202 196 201 95 89 99 98 96 91 92 85 78 77 79 84 71 68 63 52 44 46 42 39 37 38 145 148 147 151 149 146 138 129 142 137 34 35 136 126 124 121 132 117 114 110 109 212 211 213 143 144 255 250 252 253 257 267 315 256 262 264 261 268 251 236 219 218 229 237 235 223 214 215 227 226 228 313 230 231 222 233 247 246 314 263 273 272 280 291 279 286 290 283 284 249 248 245 224 244 254 170 171 294 296 308 309 310 304 305 297 282 278 281 288 295 293 277 285 300 298 275 270 271 318 276 274 269 266 265 258 260 259 243 234 240 241 242 238 220 216 217 221 225 140 139 239 232 119 118 123 130 122 131 108 113 125 133 135 134 127 116 106 107 115 128 13 111 112 5 14 141 208 120 4 9 8 26 25 15 103 30 32 29 11 7 6 22 21 23 33 28 31 47 43 53 54 57 105 55 58 36 17 27 20 16 3 10 2 : 864.165
0 3 
1 12 20 21 22 29 30 33 19 16 26 18 25 4 111 106 107 5 14 13 126 134 127 138 153 150 156 168 210 160 161 162 182 184 189 191 194 186 174 180 173 172 66 187 169 167 178 185 181 177 176 188 190 183 87 88 94 95 99 98 90 89 65 61 60 164 155 152 145 154 159 209 142 131 130 140 217 220 109 113 114 221 118 230 229 234 227 236 235 228 245 249 270 276 271 318 248 244 223 214 215 224 226 219 218 222 213 216 212 211 110 225 313 233 239 119 231 232 240 238 237 246 247 252 251 253 254 263 256 264 261 268 262 257 260 265 255 314 250 243 241 242 143 144 258 266 272 315 267 269 280 284 291 283 286 303 307 308 304 305 300 290 278 277 274 285 279 273 275 298 297 310 309 299 287 289 282 281 171 170 288 293 296 292 294 192 193 195 200 204 198 197 201 206 100 207 202 196 203 205 312 311 306 301 302 199 295 179 175 166 165 259 139 149 148 158 147 157 163 151 146 141 132 129 122 123 108 115 112 116 120 117 121 133 124 125 128 135 208 35 34 136 137 37 41 46 53 44 47 52 58 63 62 72 76 80 73 70 74 91 97 101 102 93 96 92 85 68 67 77 82 84 79 86 64 105 81 75 69 83 78 71 56 59 317 316 48 40 49 45 104 51 50 55 57 54 43 38 39 42 36 28 32 31 23 103 15 10 11 27 24 17 8 9 3 7 6 2 : 784.218
1 0 
1 3 25 16 24 104 50 49 56 45 48 40 37 26 18 17 8 9 127 34 151 157 160 162 159 161 164 61 179 182 173 66 88 184 185 177 174 167 168 163 158 146 148 142 141 124 135 108 111 112 115 129 123 121 119 213 216 110 212 211 217 109 113 114 131 122 132 130 144 143 118 228 222 230 240 241 243 237 234 229 235 251 253 252 247 224 219 236 227 226 245 244 249 248 218 215 214 223 246 139 140 242 221 220 225 231 238 233 232 313 239 314 255 261 256 254 264 262 267 263 272 273 285 291 290 281 282 289 295 296 287 277 278 315 269 258 265 250 259 260 266 257 268 271 270 318 276 275 298 297 280 279 284 286 274 283 171 170 166 165 288 294 293 292 303 312 311 199 200 205 193 192 175 186 181 178 180 194 195 302 309 308 299 300 310 304 305 306 307 301 204 203 198 202 207 94 201 87 197 196 188 190 187 191 176 172 183 169 210 152 149 147 150 153 156 137 133 125 138 136 134 14 13 5 107 106 4 116 126 120 117 128 208 209 154 145 155 60 189 65 62 63 64 317 316 59 74 73 89 97 92 91 101 102 96 93 76 80 72 68 71 78 67 70 75 69 81 90 95 206 100 99 98 86 79 84 82 85 77 83 105 57 47 46 58 54 52 51 55 53 42 39 38 35 43 44 41 36 28 23 103 21 22 29 31 19 27 20 15 30 32 33 12 11 10 7 6 2 : 836.46
1 1 
1 2 10 15 22 29 21 32 31 105 63 81 89 90 95 202 94 100 197 201 198 183 66 61 60 164 176 65 177 189 187 172 173 169 157 146 151 152 150 154 155 160 161 210 184 182 191 195 194 185 178 181 174 180 179 171 170 293 301 200 302 205 312 311 306 294 295 287 278 277 289 281 274 286 291 299 303 308 309 310 305 304 298 297 300 296 279 280 273 272 315 266 259 265 258 264 263 267 255 260 257 262 251 253 254 314 143 144 140 230 237 234 229 243 240 221 217 216 218 219 224 223 214 215 228 235 226 227 211 109 212 110 118 122 113 114 126 208 127 116 4 107 106 13 14 35 34 104 50 49 316 317 40 56 48 45 42 41 53 52 43 46 44 72 83 79 67 85 86 64 57 54 51 59 55 47 58 62 69 93 101 102 97 96 91 92 99 98 78 71 82 77 68 84 76 73 80 74 70 75 87 190 188 88 196 206 207 203 204 307 199 193 192 292 288 282 269 165 166 175 186 167 168 163 158 149 142 147 250 261 268 256 252 271 318 275 283 290 285 284 276 270 249 244 248 245 236 247 246 313 238 233 239 225 241 242 231 232 222 213 220 119 139 124 141 148 159 162 156 153 209 145 39 38 120 117 123 130 131 121 129 132 128 137 138 136 133 125 135 134 115 112 108 111 5 17 26 25 9 8 28 19 12 30 20 23 18 33 27 16 36 37 24 103 11 7 6 3 : 793.519
1 2 
1 11 21 30 22 31 103 20 28 26 16 18 8 9 14 13 135 126 134 127 208 120 116 112 5 111 106 4 3 12 17 24 19 36 53 54 63 105 56 317 52 37 115 107 117 108 110 113 114 122 141 130 131 123 121 118 232 240 225 231 239 247 252 315 257 255 260 265 254 263 267 268 256 251 261 264 253 262 314 250 258 259 165 269 266 144 143 142 140 139 242 241 243 229 234 237 238 222 213 211 212 313 230 233 109 216 119 221 220 217 218 219 228 226 227 235 236 246 244 245 214 215 223 224 249 248 270 273 280 279 284 285 282 274 272 318 271 276 275 297 298 304 305 310 309 308 299 291 283 290 286 289 293 193 192 301 205 312 307 200 302 199 306 311 171 281 278 277 287 292 288 294 296 303 300 295 170 166 179 186 195 194 180 174 175 185 184 182 189 173 176 172 161 38 39 145 209 150 153 154 149 151 157 163 159 158 162 148 147 146 152 156 155 160 183 87 88 65 66 62 50 55 59 64 79 73 69 70 76 80 96 91 92 102 101 97 85 84 82 78 68 71 67 72 77 83 75 81 74 86 93 98 99 89 90 95 196 202 197 100 207 206 94 201 198 187 190 191 188 177 169 181 178 203 204 168 167 210 164 60 61 128 133 125 129 124 132 138 136 137 34 35 58 42 46 43 57 51 45 48 49 316 47 41 44 104 40 32 23 27 25 33 29 15 7 6 2 10 : 773.781
1 3 
1 6 10 23 33 42 53 54 51 59 105 56 55 47 44 104 41 46 43 52 48 49 317 316 40 29 30 31 15 11 103 21 22 19 25 45 32 37 35 136 138 129 113 122 121 132 124 130 123 131 141 142 259 250 254 251 252 256 253 246 243 234 229 235 236 228 237 226 227 238 233 239 231 313 230 242 240 232 217 110 109 211 216 212 213 218 219 223 224 214 215 244 249 245 247 314 248 318 271 270 275 276 297 298 308 309 310 305 304 273 263 267 261 264 257 262 268 315 265 266 269 272 290 284 296 299 291 300 289 303 192 193 295 288 171 170 286 279 285 280 65 189 191 169 175 179 182 183 188 172 173 87 197 196 202 100 95 201 207 206 88 190 181 178 187 177 176 156 158 151 144 143 140 139 241 220 221 225 222 118 119 114 108 117 111 112 14 34 135 125 115 208 126 134 127 116 106 107 4 5 13 120 133 128 137 145 150 152 148 147 146 157 160 154 153 209 162 210 149 155 161 39 38 60 164 159 163 166 165 258 260 255 274 283 282 287 293 292 281 294 278 277 302 307 312 205 306 301 311 199 200 203 204 186 184 61 168 167 174 180 185 195 194 198 94 99 93 98 96 86 77 79 68 71 82 83 92 101 102 97 91 85 67 78 84 90 89 73 63 66 69 76 74 70 75 81 80 72 64 62 58 57 50 36 26 16 20 12 7 2 3 8 9 17 18 24 27 28 : 818.058
2 0 
1 102 301 294 223 317 64 65 150 259 38 189 247 194 43 288 280 157 246 233 225 114 155 206 76 151 312 310 56 145 8 212 290 154 49 30 121 244 211 256 61 236 29 188 254 249 270 101 185 124 113 5 264 315 168 261 204 179 164 94 160 313 242 209 87 199 47 217 231 117 13 26 55 105 306 255 226 100 135 36 146 22 27 195 221 12 19 128 106 103 126 184 215 77 51 15 58 62 187 127 21 161 170 296 178 130 271 262 122 136 258 222 318 20 169 142 260 251 34 111 108 182 292 283 112 172 220 272 33 137 198 269 147 104 205 263 243 63 70 17 88 83 99 166 158 218 149 80 298 109 177 229 230 287 309 277 32 31 2 237 52 180 200 274 175 266 311 39 273 116 25 69 250 235 140 196 193 132 314 307 202 163 201 213 4 153 123 96 41 37 73 110 48 72 97 133 232 224 281 183 171 278 186 107 282 10 6 174 214 115 131 267 291 302 79 42 216 238 23 139 284 207 9 257 275 141 125 297 279 191 134 16 66 14 304 265 203 316 3 176 227 285 303 289 181 240 84 308 219 45 50 162 253 118 40 210 89 74 138 295 18 11 24 167 67 173 35 120 197 268 239 248 245 286 228 143 92 44 53 7 85 156 119 152 46 75 81 95 60 90 98 91 129 28 234 165 68 86 208 293 159 54 71 144 78 148 241 192 305 59 57 93 82 276 299 190 252 300 : 5064.89
2 1 
1 121 116 216 24 20 27 36 297 29 39 81 165 5 142 153 257 240 59 52 26 312 186 249 292 44 67 302 122 38 34 64 194 161 138 87 316 307 214 251 140 43 72 19 22 3 136 32 71 109 219 268 149 88 148 101 183 182 203 99 14 229 227 213 42 188 124 137 187 304 291 284 305 261 267 63 47 108 293 76 79 55 139 104 130 272 177 77 315 260 35 37 56 30 271 143 28 197 155 314 127 189 117 244 283 280 266 84 40 11 58 17 21 133 243 295 118 152 144 168 176 80 311 303 230 233 191 167 110 134 180 9 85 274 296 301 162 46 96 232 7 192 16 132 220 259 97 159 92 66 103 86 262 313 269 270 256 50 317 6 193 114 100 82 210 33 18 62 170 287 105 70 181 217 120 102 53 212 73 236 146 126 128 221 61 199 74 207 169 247 265 156 196 131 163 278 218 154 209 178 91 49 48 254 228 4 285 281 98 206 151 179 111 239 15 107 119 299 275 215 263 264 224 237 288 245 129 172 185 125 68 166 201 78 51 12 190 147 318 241 279 204 202 135 45 54 106 57 141 246 250 113 277 222 195 171 289 308 75 90 294 286 175 115 13 173 273 258 200 2 223 174 306 89 234 235 290 300 94 31 164 282 83 160 23 10 309 198 157 253 248 276 211 225 205 145 65 93 8 208 310 60 150 298 252 231 123 41 242 255 95 226 184 69 238 112 158 25 : 4981.16
2 2 
1 20 24 128 137 203 192 42 11 212 245 254 256 198 214 174 161 80 78 77 159 202 163 183 87 101 55 152 31 10 134 314 6 13 50 136 81 96 38 18 63 116 187 123 206 284 219 199 309 216 150 162 195 310 9 98 86 71 2 104 135 220 23 294 145 52 191 49 105 264 280 138 315 271 158 244 92 97 269 295 263 275 47 249 227 180 218 222 155 261 205 90 318 296 303 277 190 148 311 151 307 274 170 112 53 85 172 291 56 300 149 67 176 304 276 130 91 288 175 5 15 197 188 122 226 66 209 147 240 247 292 7 125 34 127 223 37 196 306 181 200 236 243 248 186 36 48 131 107 153 83 95 273 177 30 29 61 184 173 46 99 114 194 258 286 143 106 25 297 141 139 108 229 316 251 231 242 302 160 144 146 189 8 113 4 283 33 213 140 120 3 26 16 164 70 88 185 32 75 207 65 165 285 84 72 73 234 305 255 69 62 201 89 121 28 27 12 93 215 253 221 208 19 171 156 293 210 167 272 211 44 298 154 182 60 132 204 257 82 68 278 233 94 308 58 54 21 40 193 41 225 265 252 241 313 224 262 287 299 246 230 102 289 166 142 17 79 259 57 45 124 178 133 14 228 129 317 103 279 39 237 126 281 238 157 110 111 76 51 64 117 217 43 282 266 59 100 168 22 35 312 179 267 119 270 235 250 290 239 301 115 109 268 118 232 169 260 74 : 5016.65
2 3 
1 20 39 139 268 124 84 19 93 181 275 305 235 266 42 158 210 254 292 57 17 220 212 229 227 247 252 221 125 123 14 4 30 15 194 98 76 29 258 162 180 203 119 6 156 109 137 133 129 36 114 150 31 304 273 298 299 143 222 265 293 306 311 251 216 248 246 226 219 13 127 62 245 168 183 300 23 111 132 135 255 165 287 215 5 120 159 239 309 228 110 88 312 307 259 250 217 237 318 236 144 310 303 179 276 94 103 107 145 118 149 277 99 96 48 197 55 138 315 278 295 263 280 157 297 234 314 294 82 207 153 271 224 260 274 285 272 291 166 188 121 35 233 230 313 171 242 108 115 25 43 134 154 192 163 240 270 106 27 59 49 78 77 71 185 176 189 122 261 264 283 113 117 195 53 75 173 69 198 182 38 28 89 206 193 244 200 199 301 175 148 167 187 9 214 223 211 209 131 218 201 177 174 284 155 160 164 140 232 257 130 90 68 79 73 58 136 128 116 22 317 24 8 231 289 256 267 238 213 249 141 147 95 61 100 87 47 316 33 12 11 83 70 104 26 66 34 3 126 18 65 52 63 142 186 37 46 208 91 290 286 178 190 169 45 151 152 205 170 54 51 184 288 296 269 262 279 308 282 86 56 101 72 302 281 172 202 85 241 253 161 92 32 243 225 146 2 16 41 64 60 80 191 102 196 204 21 50 40 10 7 112 67 81 97 74 105 44 : 3818.29
3 0 
1 208 2 259 126 132 162 175 114 106 215 133 300 314 168 217 55 110 292 271 207 257 216 145 160 150 288 316 218 283 305 275 26 12 68 54 148 191 91 123 181 301 245 122 234 210 206 228 261 75 61 146 111 233 67 69 159 264 232 108 93 90 96 37 295 238 117 144 244 43 270 294 128 112 109 24 23 166 19 161 53 241 65 62 86 30 81 158 164 163 88 250 266 211 225 167 76 134 125 27 22 85 5 252 184 101 79 11 267 226 251 178 186 231 278 240 307 89 297 151 309 236 281 272 209 66 192 289 165 201 193 57 40 52 180 21 42 195 137 17 136 83 187 50 35 80 169 253 6 16 47 120 36 41 243 73 107 157 4 8 3 237 306 205 312 78 39 46 227 310 25 129 34 274 282 276 149 147 286 249 280 214 219 260 97 31 277 179 152 254 173 197 71 63 304 155 317 154 194 92 20 124 131 298 204 119 113 9 221 174 142 118 318 248 269 51 45 74 49 44 33 87 70 313 222 121 135 177 235 100 273 308 279 98 176 29 196 263 138 262 220 139 199 10 203 104 223 213 265 190 77 58 172 287 153 105 14 182 141 200 188 247 202 82 198 258 293 94 130 239 28 242 140 127 116 185 95 64 302 229 296 290 60 246 256 143 13 284 170 315 103 32 84 15 115 59 72 48 7 268 299 311 285 224 189 183 230 102 18 38 156 212 171 255 291 56 99 303 : 5032.53
3 1 
1 20 7 252 242 183 193 195 157 161 115 73 164 55 174 230 286 40 100 125 91 34 261 247 235 138 280 177 92 309 141 136 52 58 81 160 6 126 109 5 103 84 108 211 197 297 262 121 190 283 298 36 146 130 282 253 231 148 48 64 132 227 246 218 267 102 299 135 158 14 295 274 264 51 43 139 116 49 113 23 131 187 56 72 53 219 312 257 291 200 95 47 301 184 31 60 188 202 147 278 315 155 169 65 127 248 232 228 44 152 224 237 179 191 101 206 214 204 21 15 68 99 154 192 76 59 118 245 63 90 80 4 67 316 57 119 145 180 74 70 94 89 29 178 122 163 273 213 215 234 117 318 303 296 114 175 181 254 3 22 142 307 107 310 287 196 244 54 93 194 159 61 150 290 176 28 233 208 223 24 249 313 240 123 238 185 86 259 314 317 199 241 172 186 153 166 292 105 45 79 294 255 10 120 112 38 143 269 243 124 128 311 83 87 209 96 104 275 144 260 225 212 251 27 133 149 13 134 156 170 46 140 151 137 19 210 265 304 284 168 17 50 165 33 198 201 281 270 226 110 220 12 129 167 32 39 300 279 216 106 98 250 258 236 203 289 162 263 111 26 2 18 205 305 35 88 62 293 268 171 271 285 256 239 308 229 288 182 85 221 276 189 272 217 222 37 277 25 9 30 16 302 41 69 266 173 82 78 42 207 97 8 71 75 66 11 77 306 : 5004.15
3 2 
1 199 134 94 289 204 202 167 102 78 93 287 9 130 296 245 37 150 75 299 205 193 174 210 7 81 45 6 307 270 39 127 271 254 266 279 312 82 227 190 149 55 316 101 219 113 298 173 160 100 300 156 97 128 172 188 268 109 318 223 120 14 129 247 308 184 141 136 283 165 20 260 12 159 246 265 114 213 192 182 195 187 76 83 123 295 171 301 198 249 179 87 248 164 305 275 95 176 104 208 112 226 80 121 132 233 256 272 169 21 124 126 229 144 31 48 10 57 30 236 285 54 13 151 154 281 251 36 61 317 11 302 170 139 239 2 27 5 230 168 221 34 292 116 70 98 155 108 18 64 218 243 17 59 74 238 235 147 60 79 67 181 253 142 133 66 33 86 228 24 255 241 216 222 304 284 277 145 65 313 146 29 72 106 35 32 315 161 56 107 8 257 215 115 62 201 196 63 294 152 232 183 267 68 178 90 73 250 225 180 4 3 212 242 143 163 297 22 175 117 122 306 162 189 148 84 158 262 217 157 291 58 105 51 310 52 197 40 50 43 261 258 89 309 234 231 264 288 49 237 131 41 140 110 111 220 303 99 15 53 259 203 240 125 311 91 23 103 26 16 69 211 38 177 244 138 263 191 19 207 92 185 71 290 206 186 194 224 119 209 42 314 282 166 280 96 278 252 28 200 85 77 88 46 153 274 273 276 118 137 135 214 293 269 286 25 47 44 : 5116.61
3 3 
1 42 180 268 318 165 139 292 200 297 133 118 257 144 298 215 217 219 132 119 166 176 155 178 13 116 122 275 293 252 183 44 39 100 145 30 316 97 260 151 146 212 299 237 235 223 170 203 263 233 276 277 64 65 47 48 24 11 2 58 34 27 201 154 77 83 149 172 95 185 258 73 62 59 54 26 106 117 163 184 88 189 313 232 234 228 213 242 87 99 291 307 250 274 127 52 306 282 158 191 303 302 147 136 208 210 35 7 57 84 15 190 130 227 247 259 249 61 82 92 101 78 103 25 10 40 4 71 70 68 205 288 164 36 195 96 72 86 45 121 159 262 265 137 3 53 49 41 63 22 141 309 255 246 222 229 267 251 270 266 294 197 289 181 169 179 124 123 135 12 67 66 56 156 160 79 69 5 211 85 150 300 280 285 226 60 111 209 301 194 202 81 305 304 290 286 283 177 129 8 162 192 193 153 46 105 142 108 113 109 231 239 216 221 261 278 112 138 38 271 240 253 295 168 143 243 238 256 218 248 75 89 182 161 14 273 284 279 199 174 94 173 120 32 20 187 175 186 269 272 287 281 196 207 308 188 241 167 80 125 140 236 110 128 29 311 214 245 244 264 204 206 91 296 148 310 55 51 28 9 115 107 152 126 314 19 50 98 93 90 317 198 131 43 102 74 16 230 225 224 171 157 315 312 134 104 37 254 220 114 76 18 23 31 33 17 6 21 : 3757.76
4 0 
1 6 7 3 8 9 20 31 30 36 37 24 33 27 16 17 25 26 18 19 12 23 29 32 53 58 60 61 150 145 209 34 35 38 137 136 208 125 138 129 121 115 120 128 117 108 107 106 112 13 14 4 5 111 116 127 126 134 135 133 122 114 123 130 39 154 153 156 210 161 149 142 147 157 144 143 265 256 253 252 314 250 255 269 315 266 259 257 254 227 213 211 113 132 124 141 131 140 231 240 241 232 313 221 110 109 212 216 220 217 118 119 139 242 239 238 237 234 230 225 243 246 249 244 245 247 235 214 215 223 224 219 218 222 233 226 229 228 236 251 248 271 270 318 275 276 273 272 258 260 263 268 262 267 261 264 279 170 274 277 278 292 171 175 179 180 174 186 204 203 311 312 205 307 303 306 200 199 302 308 309 310 304 305 297 298 280 284 291 285 286 290 289 300 299 301 195 194 66 172 176 185 190 189 191 184 183 88 94 202 207 206 100 95 201 197 196 198 178 288 293 193 192 281 294 295 296 282 287 283 165 166 151 148 162 168 167 158 155 160 159 152 146 163 164 169 173 188 182 177 181 87 187 65 90 89 76 70 73 81 62 63 51 57 42 44 46 54 47 43 55 45 40 49 50 59 105 316 317 64 69 75 74 68 71 72 77 79 86 80 85 92 96 97 101 102 99 98 93 91 83 78 84 82 67 56 48 104 52 41 28 103 15 21 22 10 11 2 : 813.375
4 1 
1 22 33 54 47 51 58 67 64 105 56 55 57 44 52 53 115 116 4 112 106 111 108 107 5 13 14 120 126 127 208 122 123 130 121 131 124 129 132 133 125 137 34 37 26 18 25 19 103 15 30 23 31 21 29 104 36 39 154 150 155 153 161 210 174 175 186 178 185 177 176 189 182 184 181 180 179 293 281 287 277 264 260 255 258 265 266 272 279 291 290 274 282 315 269 278 292 295 192 289 296 300 299 286 283 298 297 304 310 305 309 308 275 276 271 318 270 280 285 284 288 294 303 307 205 199 301 200 302 306 312 311 204 203 94 201 202 100 207 206 197 196 87 95 88 173 48 49 40 45 43 42 41 46 66 61 60 38 35 138 141 209 136 135 134 117 128 145 160 164 162 163 144 139 143 250 251 263 268 267 261 257 254 314 240 241 239 313 233 237 234 247 246 222 213 218 219 226 227 236 252 256 253 262 273 249 248 245 244 224 214 215 223 235 228 229 212 211 217 225 238 243 230 232 231 242 118 119 110 216 221 220 109 114 113 140 259 165 166 142 149 146 147 156 152 148 157 158 151 159 167 168 171 170 193 195 198 194 191 187 183 169 172 188 190 65 90 80 76 81 74 62 63 70 75 86 84 68 73 69 79 89 99 98 91 93 96 92 97 101 102 85 82 78 71 72 77 83 59 50 317 316 32 20 28 24 16 8 9 17 27 12 3 2 10 11 6 7 : 809.109
4 2 
1 2 6 12 10 7 11 29 103 15 21 27 104 44 43 41 51 46 52 53 42 39 38 137 134 135 138 142 123 124 122 118 216 217 109 110 221 119 139 231 212 213 229 225 226 263 261 266 315 267 264 268 273 272 281 294 293 278 282 287 285 280 279 300 298 275 276 318 284 291 310 305 304 297 271 270 248 249 244 245 247 246 252 257 262 256 251 253 254 314 243 234 236 235 228 227 223 215 214 224 218 219 222 237 233 230 238 313 239 241 240 232 250 260 265 255 259 258 166 165 175 194 94 201 100 95 206 97 101 102 98 99 196 88 197 207 202 198 204 203 307 306 205 301 302 296 299 303 295 288 277 274 292 200 312 311 308 309 289 290 283 286 170 171 195 193 192 199 180 174 162 167 178 179 185 181 183 191 190 188 189 184 173 66 61 81 70 74 69 71 68 78 73 80 75 93 79 86 96 91 85 92 89 90 83 82 67 72 77 84 76 64 63 62 48 50 54 57 47 58 105 55 56 316 317 59 49 45 40 23 20 28 24 13 14 5 106 111 107 108 120 117 116 115 112 4 126 127 35 34 208 136 125 140 143 269 168 186 187 182 177 65 87 169 210 158 146 147 155 172 176 60 164 163 153 161 160 152 149 156 159 157 151 148 144 242 220 211 113 114 132 129 133 128 121 130 131 141 209 145 150 154 36 37 16 25 26 33 32 31 22 30 18 17 19 8 9 3 : 863.947
4 3 
1 2 6 18 19 25 27 20 28 23 31 29 30 24 12 10 7 21 15 103 22 46 41 42 39 145 155 161 156 158 163 150 154 153 34 136 35 54 58 66 88 87 180 186 195 175 167 168 210 160 149 209 135 134 127 208 126 131 130 122 121 117 132 133 141 124 123 142 148 146 147 159 162 151 157 152 238 222 225 240 313 241 219 213 218 227 229 226 234 237 246 239 230 233 232 243 217 216 221 231 119 211 212 110 109 220 118 242 139 250 315 267 264 260 255 259 314 253 268 261 265 269 256 254 271 270 318 249 248 245 244 223 224 215 214 228 235 236 247 251 257 252 262 263 273 272 266 258 144 143 140 129 113 114 108 4 111 106 5 107 128 125 138 116 14 16 26 17 37 36 44 47 43 53 52 33 32 104 57 56 49 40 316 317 82 84 83 97 101 85 77 72 71 78 73 76 64 68 67 59 48 105 50 45 55 51 80 90 98 99 89 75 86 93 91 92 102 96 79 69 70 62 63 81 74 65 176 173 169 182 172 177 184 185 191 174 179 194 203 198 197 190 201 100 95 94 207 202 196 206 204 205 311 312 302 307 306 303 295 294 170 283 291 284 299 290 279 286 300 304 275 276 297 298 305 310 309 308 200 199 301 296 288 277 289 274 280 285 278 293 287 282 292 193 192 171 281 165 166 181 178 189 183 187 188 164 61 60 38 137 120 112 115 13 9 8 3 11 : 861.871
5 0 
1 242 281 4 238 167 3 2 28 15 176 149 72 50 48 317 144 204 218 148 270 118 21 77 73 153 284 262 233 223 228 225 257 63 165 193 57 203 11 99 231 206 267 35 288 198 280 187 130 122 250 51 109 311 93 160 6 315 102 84 188 67 306 264 45 212 136 285 286 125 147 305 301 17 299 309 220 230 235 184 253 258 199 97 70 310 289 194 302 259 272 183 85 32 94 61 145 248 150 191 300 110 296 186 178 42 146 274 95 161 298 196 303 40 185 104 127 24 53 116 162 232 58 27 151 190 9 81 265 141 216 287 273 241 316 10 82 8 87 47 88 68 263 244 249 112 107 295 132 20 137 170 291 243 117 215 201 52 59 282 271 297 69 26 210 277 119 133 25 134 278 275 247 65 307 142 246 64 19 7 108 143 266 114 5 180 208 76 54 224 260 121 172 100 74 62 290 279 261 227 179 217 139 12 158 314 181 115 177 123 22 66 13 155 49 175 202 71 86 182 229 23 41 164 91 192 60 174 205 269 189 80 207 79 96 293 157 34 135 101 222 254 138 124 31 226 29 46 131 16 105 43 252 308 89 237 163 75 56 55 159 111 312 255 294 221 239 276 169 173 33 214 219 37 256 140 251 171 83 211 313 168 268 39 304 197 38 213 245 234 236 283 113 78 90 129 240 154 120 128 92 98 156 292 195 126 152 166 200 318 14 106 103 18 209 36 30 44 : 5099.55
5 1 
1 89 65 196 226 300 54 107 132 265 126 187 183 95 101 26 142 151 103 5 136 211 112 158 76 93 41 240 109 81 221 172 199 269 113 90 161 59 105 312 262 122 125 74 264 111 259 52 82 210 133 110 215 130 294 171 18 4 274 15 64 120 121 159 134 162 209 276 244 271 153 80 67 7 256 216 267 229 217 115 61 60 180 184 173 317 225 245 246 169 309 310 305 177 86 35 3 66 143 45 78 174 198 87 303 223 289 194 49 31 70 189 69 91 84 124 25 104 139 299 212 238 135 53 213 11 190 10 140 206 175 202 62 165 311 131 160 150 233 108 298 295 248 32 46 252 48 293 286 200 203 224 145 44 85 247 232 288 307 273 261 260 281 40 128 106 250 92 287 314 34 164 188 129 42 17 100 6 214 50 23 56 20 156 57 47 170 16 163 255 239 236 166 201 266 29 19 205 258 167 191 249 114 9 116 275 28 73 33 241 268 152 27 14 68 83 237 8 58 186 290 251 296 176 96 243 138 282 285 277 185 155 97 51 179 192 149 197 13 77 144 280 283 316 2 207 318 257 99 291 313 141 227 242 306 204 181 218 220 119 231 55 72 222 253 148 22 137 127 304 263 228 297 292 272 301 234 208 219 182 118 315 146 230 75 37 30 36 157 278 88 79 168 94 38 98 270 308 195 279 302 102 123 24 178 63 147 284 254 71 39 193 117 235 12 21 43 154 : 5029.59
5 2 
1 181 308 143 49 118 64 5 26 100 309 145 313 311 302 251 129 108 266 236 140 92 48 43 135 126 146 149 301 205 176 206 288 125 122 144 173 160 189 53 293 284 158 305 30 280 214 215 243 235 286 221 232 217 191 156 62 188 2 29 257 285 253 14 123 40 98 172 72 52 56 225 230 183 4 70 73 260 202 201 279 178 182 299 51 231 258 276 94 264 168 33 69 207 38 234 114 241 185 162 63 115 117 119 10 19 262 138 240 110 16 211 101 289 204 304 314 132 174 95 90 79 177 237 31 150 252 7 198 55 81 99 295 290 233 248 244 203 161 291 179 229 238 22 91 82 273 254 84 17 6 255 39 105 80 134 141 194 312 74 85 153 34 37 76 317 77 218 18 151 239 86 127 282 116 109 36 88 265 281 269 261 213 208 196 121 250 249 296 159 111 165 66 180 294 315 164 263 256 186 274 171 12 169 75 167 25 106 268 137 23 15 247 277 142 175 152 246 222 120 128 65 157 275 318 270 89 272 267 223 124 139 154 27 297 44 113 21 130 184 166 136 287 212 224 199 192 148 271 133 112 227 219 61 24 50 195 60 316 300 210 42 45 8 68 278 292 102 57 200 59 54 155 93 71 193 306 67 9 47 87 32 13 226 209 97 83 3 78 307 58 96 11 190 131 20 303 245 242 170 103 107 259 216 283 197 35 298 104 41 187 28 163 228 147 310 46 220 : 5107.79
5 3 
1 111 115 257 265 167 51 57 79 195 194 204 123 2 24 31 317 77 88 160 187 282 315 155 150 199 298 292 293 177 33 17 138 19 53 34 28 25 316 43 70 309 268 107 132 242 198 66 92 302 251 254 248 135 166 288 182 38 27 4 209 52 56 60 14 140 141 45 120 125 21 11 13 35 231 192 181 169 161 235 118 244 245 217 240 213 108 103 3 6 10 137 130 46 16 55 153 39 202 151 184 243 284 311 174 84 73 218 277 278 312 229 236 224 219 225 189 20 36 62 59 68 76 100 89 83 67 185 173 183 188 98 101 197 64 208 126 22 133 210 134 291 119 280 264 124 12 40 69 203 175 308 310 212 216 127 5 136 131 223 271 267 305 313 239 95 164 99 49 97 93 75 72 146 154 149 81 82 158 306 90 196 87 147 74 42 104 102 44 281 159 180 145 300 48 50 172 190 163 8 26 287 249 256 276 142 116 15 255 275 252 227 109 247 94 65 304 299 178 168 193 205 296 303 80 54 162 9 30 29 7 110 106 215 237 214 200 273 206 260 279 253 294 176 157 295 286 289 201 290 226 232 262 234 246 238 122 156 186 58 152 274 261 221 207 86 91 32 41 105 47 117 179 114 222 144 143 165 297 307 128 61 37 63 23 71 85 96 78 113 211 129 112 241 139 220 258 233 191 18 283 272 269 171 285 301 228 170 250 148 121 230 266 314 270 318 263 259 : 3636.58
