0 1 50 11 45 14 88 30 24 91 28 16 46 38 8 57 89 74 4 62 34 20 22 55 86 59 75 81 3 77 43 63 73 83 69 100 10 18 17 49 60 13 97 33 98 90 27 64 35 29 61 42 19 70 12 53 95 44 6 72 41 36 31 80 92 94 58 93 52 25 66 47 71 84 23 32 15 76 7 79 2 48 5 9 78 40 51 67 39 56 65 54 87 68 85 21 96 26 82 37 99 : 801.165
0 1 50 11 45 14 7 76 15 32 20 22 86 55 74 57 89 4 62 34 88 30 24 91 28 16 46 38 8 77 43 63 73 83 69 100 10 18 3 33 17 49 60 13 97 53 95 44 6 72 41 36 31 80 92 94 58 93 39 67 47 66 52 25 42 61 29 35 64 27 90 19 70 12 98 81 75 59 71 84 23 51 40 78 9 5 79 2 48 56 65 54 87 68 85 21 96 26 82 37 99 : 790.253
0 99 65 56 1 50 48 2 79 5 9 78 40 39 67 66 47 71 84 51 23 32 15 76 7 14 45 11 88 30 24 91 28 16 34 46 38 62 4 20 22 86 55 74 89 57 8 73 63 83 43 77 10 100 69 13 60 49 17 18 3 81 75 59 98 12 33 97 53 95 44 6 72 19 70 90 27 64 35 29 61 42 25 52 93 58 94 92 80 31 36 41 68 87 54 85 21 96 26 82 37 : 804.505
0 1 56 48 2 79 5 9 78 40 51 23 32 15 76 7 50 11 45 14 88 30 24 91 28 16 34 4 62 46 38 8 57 89 74 20 22 55 86 77 43 63 73 83 69 97 13 17 60 49 100 10 18 3 81 75 59 71 84 47 66 67 39 52 25 42 61 29 35 64 27 19 70 90 98 33 12 53 95 44 6 72 41 36 93 58 94 92 31 80 68 87 54 85 21 65 96 26 82 37 99 : 794.721
0 1 50 2 79 7 76 14 45 11 88 30 24 91 28 16 34 15 32 20 22 4 62 46 38 8 73 63 83 43 77 57 89 74 55 86 59 75 81 3 18 10 100 69 13 60 49 17 97 53 95 44 6 72 41 31 80 92 94 58 93 36 19 70 12 33 98 90 27 64 35 29 61 42 25 52 39 67 66 47 71 84 23 51 40 78 9 5 48 56 65 54 87 68 85 21 96 26 82 37 99 : 798.573
0 99 37 82 26 68 87 54 85 21 96 65 56 48 2 79 5 9 7 76 15 32 34 62 4 20 22 23 84 51 40 78 39 67 52 25 93 58 94 92 80 31 36 41 72 6 44 95 53 12 70 19 90 27 64 35 29 61 42 66 47 71 59 75 81 98 3 18 17 33 97 13 60 49 10 100 69 83 73 63 43 77 86 55 74 89 57 8 38 46 16 28 91 24 30 88 14 45 11 50 1 : 781.256
0 1 50 11 45 14 88 30 24 91 28 16 34 46 38 62 4 22 20 32 15 76 7 79 2 48 5 9 78 40 51 23 59 75 81 86 55 74 89 57 8 73 63 83 43 77 3 18 10 100 69 97 13 60 49 17 33 98 71 84 47 66 67 39 52 25 42 61 29 35 64 27 90 12 53 44 95 70 19 6 72 41 36 93 58 94 92 31 80 68 87 54 85 21 26 96 65 56 82 37 99 : 802.745
0 1 50 2 48 56 65 58 93 52 25 42 61 29 35 64 19 70 12 33 17 60 49 18 3 98 90 27 71 84 47 66 67 39 78 40 51 23 59 75 81 86 55 22 20 32 15 9 5 79 7 76 14 45 11 88 30 24 91 28 16 34 4 62 46 38 89 74 57 8 77 63 73 83 43 10 100 69 13 97 53 95 44 6 72 41 36 31 80 92 94 68 87 54 85 21 96 26 82 37 99 : 815.51
0 1 50 2 79 9 78 40 67 47 66 42 61 29 35 64 27 90 19 70 12 33 17 18 3 98 81 75 59 71 84 51 23 22 20 4 62 34 32 15 76 7 14 45 11 88 30 24 91 28 16 46 38 8 57 89 74 55 86 77 43 63 73 83 69 100 10 49 60 13 97 53 95 44 6 72 41 36 31 80 92 94 58 93 25 52 39 5 48 56 65 96 21 85 54 87 68 26 82 37 99 : 785.377
0 99 37 82 26 96 21 85 68 87 54 65 56 48 5 9 78 40 51 84 23 22 20 4 62 89 57 74 55 86 81 75 59 71 90 27 64 35 29 61 42 25 52 66 47 67 39 93 58 94 92 80 31 36 41 72 6 19 70 95 44 53 12 98 3 18 17 33 97 13 60 49 10 100 69 83 73 63 43 77 8 38 46 34 32 15 16 28 91 24 30 88 11 45 14 76 7 79 2 50 1 : 816.012
0 1 50 2 79 5 48 56 39 52 25 42 61 29 47 66 67 9 78 40 51 84 23 20 4 62 34 32 15 76 7 14 45 11 88 30 24 91 28 16 46 38 8 57 89 74 22 55 86 81 75 59 71 35 64 27 90 19 70 12 98 3 18 10 100 43 77 63 73 83 69 13 60 49 17 33 97 53 95 44 6 72 41 36 31 80 92 94 93 58 68 87 54 85 21 65 96 26 82 37 99 : 815.573
0 99 37 82 26 96 21 85 54 87 68 80 31 92 94 58 93 25 52 67 39 40 78 9 5 79 7 76 15 32 20 22 55 86 81 75 59 71 84 23 51 47 66 42 61 29 35 64 27 90 70 19 36 41 72 6 44 95 53 12 98 3 18 17 33 97 13 60 49 10 100 69 83 73 63 43 77 74 89 57 8 38 46 62 4 34 16 28 91 24 30 88 14 45 11 50 2 48 56 65 1 : 790.619
0 1 56 65 54 92 94 58 93 25 52 39 67 66 47 84 23 51 40 78 9 79 5 48 2 50 11 45 14 7 76 88 30 24 91 28 16 34 15 32 20 22 86 55 74 4 62 46 38 89 57 8 77 43 63 73 83 69 100 10 49 60 13 97 33 17 18 3 98 81 75 59 71 35 29 61 42 64 27 90 19 70 12 53 95 44 6 72 41 36 31 80 68 87 85 21 96 26 82 37 99 : 800.968
0 1 50 2 79 7 32 15 76 14 45 11 88 30 24 91 28 16 34 46 38 62 4 20 22 74 89 57 8 73 63 83 43 77 55 86 81 75 59 71 84 23 51 47 66 67 39 40 78 9 5 48 56 65 58 93 52 25 42 61 29 35 64 27 90 98 3 18 33 17 60 49 10 100 69 13 97 53 44 95 12 70 19 6 72 41 36 31 80 92 94 68 87 54 85 21 96 26 82 37 99 : 804.613
0 1 50 2 79 7 76 14 45 11 88 30 24 91 28 16 46 38 62 4 34 15 32 20 22 86 55 74 89 57 8 73 63 83 69 100 10 43 77 81 75 59 23 51 40 78 9 5 48 56 65 92 94 58 93 25 52 39 67 66 47 84 71 29 61 42 35 64 27 90 12 33 98 3 18 17 49 60 13 97 53 44 95 70 19 6 72 41 36 31 80 68 87 54 85 21 96 26 82 37 99 : 804.706
0 99 37 82 26 68 87 54 85 21 96 65 56 93 58 94 92 80 31 36 41 72 6 44 95 53 12 33 97 13 60 49 17 18 10 100 69 83 73 63 43 77 3 98 81 75 59 86 55 74 89 57 8 38 46 62 4 20 22 23 84 71 27 90 70 19 64 35 29 61 42 25 52 39 67 66 47 51 40 78 9 5 48 2 79 7 76 15 32 34 16 28 91 24 30 88 14 45 11 50 1 : 790.727
0 99 37 82 26 96 21 85 54 87 68 80 31 92 94 58 93 52 25 42 61 29 35 64 27 90 70 19 36 41 72 6 44 95 53 12 98 33 17 49 60 13 97 69 100 10 18 3 77 43 83 63 73 8 57 89 74 55 86 81 75 59 71 84 23 51 47 66 67 39 40 78 9 5 79 7 76 15 32 20 22 4 62 38 46 34 16 28 91 24 30 88 14 45 11 50 2 48 56 65 1 : 783.417
0 99 37 82 26 96 21 85 54 87 68 58 93 94 92 80 31 36 41 72 6 44 95 53 97 13 69 100 10 49 60 17 18 3 98 33 12 70 19 90 27 64 35 29 61 42 25 52 67 66 47 51 23 84 71 59 75 81 86 55 74 89 57 77 43 83 63 73 8 38 46 16 28 91 24 30 88 34 62 4 22 20 32 15 76 7 14 45 11 50 2 48 5 79 9 78 40 39 65 56 1 : 807.437
0 1 48 2 50 11 45 14 88 30 24 91 28 16 34 32 15 76 7 79 5 9 78 40 51 23 22 20 4 62 46 38 89 74 57 8 77 86 55 59 75 81 98 12 33 3 18 17 60 49 10 100 43 63 73 83 69 13 97 53 95 44 6 72 41 36 19 70 90 27 64 42 61 29 35 71 84 47 66 67 39 52 25 93 58 94 92 31 80 68 87 54 85 21 26 96 65 56 82 37 99 : 814.884
0 1 56 48 2 50 11 45 14 88 30 24 91 28 16 34 4 62 46 38 8 57 89 74 20 22 55 86 59 75 81 3 77 63 73 83 43 18 10 100 69 13 60 49 17 33 97 53 12 98 90 27 71 84 23 32 15 76 7 79 5 9 78 40 51 47 66 67 39 52 25 42 61 29 35 64 19 70 95 44 6 72 41 36 31 80 92 94 93 58 68 87 54 85 21 65 96 26 82 37 99 : 815.742
0 99 37 82 26 96 21 85 54 87 68 80 31 92 94 58 93 52 25 42 61 29 35 64 36 41 72 6 44 95 53 12 70 19 90 27 71 59 75 81 98 3 18 49 60 13 17 33 97 69 100 10 43 83 73 63 77 86 55 74 89 57 8 38 46 16 28 91 24 30 88 14 45 11 50 2 48 5 40 78 9 79 7 76 15 32 34 62 4 20 22 23 51 84 47 66 67 39 56 65 1 : 811.195
0 1 50 11 45 14 7 76 15 88 30 24 91 28 16 46 38 62 4 34 32 20 22 86 55 74 89 57 8 73 63 83 43 77 3 18 17 60 49 10 100 69 13 97 53 95 44 6 72 41 36 31 80 92 94 58 93 25 52 39 67 47 66 42 61 29 35 64 27 90 19 70 12 33 98 81 75 59 71 84 23 51 40 78 9 5 79 2 48 56 65 54 87 68 85 21 96 26 82 37 99 : 781.701
0 99 37 82 26 96 21 85 54 87 68 94 92 80 31 36 41 72 6 44 95 53 97 13 60 49 69 100 10 18 17 33 12 70 19 90 27 64 35 71 84 51 23 22 74 55 86 59 75 81 98 3 77 43 83 63 73 8 57 89 38 46 62 4 20 32 15 34 16 28 91 24 30 88 11 45 14 76 7 79 5 9 78 40 39 67 66 47 29 61 42 25 52 93 58 65 56 48 2 50 1 : 817.309
0 1 56 65 58 93 25 52 67 39 40 78 9 79 5 48 2 50 11 45 14 7 76 15 32 34 88 30 24 91 28 16 46 38 8 57 89 74 4 62 20 22 55 86 81 75 59 71 84 23 51 47 66 42 61 29 35 64 27 90 19 70 12 33 98 3 77 43 63 73 83 69 100 10 18 17 49 60 13 97 53 95 44 6 72 41 36 31 80 92 94 68 87 54 85 21 96 26 82 37 99 : 802.381
0 99 37 82 26 96 21 85 54 87 68 58 93 94 92 80 31 36 41 72 6 44 53 95 19 70 90 27 64 35 29 61 42 25 52 39 67 66 47 71 59 75 81 3 98 12 33 97 13 60 49 17 18 10 100 69 83 73 63 43 77 86 55 57 8 89 74 22 20 4 62 38 46 34 16 28 91 24 30 88 14 45 11 50 2 79 7 76 15 32 23 84 51 40 78 9 5 48 56 65 1 : 788.731
0 99 37 82 26 96 21 85 87 68 94 92 80 31 36 41 72 6 19 70 90 12 95 44 53 97 13 60 49 17 33 98 59 75 81 3 18 10 100 69 83 73 63 43 77 8 57 89 74 55 86 22 20 4 62 38 46 34 16 28 91 24 30 88 14 45 11 50 2 48 5 79 7 76 15 32 9 78 40 51 23 84 71 27 64 35 29 61 42 66 47 67 39 52 25 93 58 54 65 56 1 : 805.555
0 99 37 82 26 21 85 87 68 94 92 80 31 93 58 54 96 65 56 48 2 79 5 78 9 7 76 15 32 34 62 4 20 22 23 51 40 39 67 52 25 42 61 29 64 35 66 47 84 71 59 75 81 98 12 90 27 70 19 36 41 72 6 44 95 53 97 13 60 49 17 33 3 18 10 100 69 83 73 63 43 77 86 55 74 89 57 8 38 46 16 28 91 24 30 88 14 45 11 50 1 : 812.929
0 1 50 11 45 14 7 76 88 30 24 91 28 16 46 38 62 4 34 15 32 20 22 23 59 75 81 98 90 19 70 12 33 17 18 3 43 77 86 55 74 89 57 8 73 63 83 69 100 10 49 60 13 97 53 95 44 6 72 41 31 80 92 94 58 93 36 42 61 29 35 64 27 71 84 47 66 25 52 39 67 51 40 78 9 5 79 2 48 56 65 54 87 68 85 21 96 26 82 37 99 : 806.481
0 99 37 82 26 96 21 85 68 87 54 65 56 48 2 79 5 9 7 76 15 32 34 62 4 89 57 74 55 86 22 20 23 84 51 40 78 39 67 47 66 25 52 93 58 94 92 80 31 36 41 72 6 44 95 53 12 70 19 90 27 64 42 61 29 35 71 59 75 81 98 3 18 17 33 97 13 60 49 10 100 69 83 73 63 43 77 8 38 46 16 28 91 24 30 88 14 45 11 50 1 : 796.717
0 1 50 2 79 7 76 14 45 11 88 30 24 91 28 16 34 15 32 20 22 4 62 46 38 8 57 89 74 55 86 81 75 59 23 84 71 35 64 27 19 70 90 98 3 18 10 100 43 77 63 73 83 69 97 13 60 49 17 33 12 53 95 44 6 72 41 31 80 92 94 58 93 36 42 29 61 25 52 39 67 66 47 51 40 78 9 5 48 56 65 54 87 68 85 21 96 26 82 37 99 : 800.703
