0 1 2 3 100 67 93 45 51 44 7 20 24 5 88 31 64 62 61 92 82 73 43 75 58 23 16 68 65 9 98 42 59 70 79 57 41 66 28 22 4 91 39 48 21 50 90 27 81 12 63 83 47 35 72 6 84 29 19 95 55 30 46 34 37 76 32 13 49 86 8 74 10 97 53 33 56 14 11 15 38 77 40 25 18 17 69 94 54 26 60 36 52 71 78 96 80 85 87 89 99 : 3600.58
0 1 2 3 100 95 33 77 55 31 24 45 4 82 68 21 93 99 40 16 57 84 23 90 25 36 47 74 86 79 52 70 97 63 92 69 60 87 48 59 26 72 12 10 17 13 89 29 67 75 14 8 73 71 18 50 49 53 64 6 5 11 41 62 91 76 61 27 7 88 46 66 44 43 19 9 15 39 98 65 58 81 20 34 37 85 80 22 28 30 38 32 35 51 42 54 56 78 83 94 96 : 3769.51
0 1 2 100 13 86 77 12 3 62 57 30 38 78 75 63 50 11 5 92 9 67 37 80 6 27 84 23 29 90 93 52 95 66 19 44 65 56 68 72 10 4 16 73 28 76 17 70 98 48 85 35 58 43 33 64 81 60 36 41 31 7 69 74 8 88 15 39 99 21 94 54 14 45 82 42 18 20 25 22 61 46 34 87 26 53 83 91 97 79 59 71 24 32 40 47 96 49 51 55 89 : 3756.89
0 1 2 3 100 77 13 53 84 57 33 95 79 21 36 82 26 43 63 83 38 80 24 4 91 61 90 75 11 87 64 23 16 34 29 98 42 93 69 5 51 37 31 6 54 28 30 8 97 44 73 9 41 72 12 10 7 14 15 92 62 96 67 19 35 86 55 17 78 25 70 58 68 50 45 52 18 60 48 46 20 89 59 22 32 85 81 47 27 40 74 49 39 99 56 65 66 71 94 76 88 : 3773.31
0 1 2 3 100 95 72 97 75 82 68 94 70 12 4 81 92 90 98 88 34 86 69 10 31 15 67 71 93 65 16 8 51 62 25 6 27 53 83 43 60 17 5 76 77 32 23 59 44 29 33 49 7 48 56 37 21 84 36 78 19 13 89 74 47 66 42 54 9 58 11 22 64 45 14 28 41 85 79 38 46 40 50 91 18 24 80 20 63 26 30 61 35 39 57 52 55 73 87 96 99 : 3754.22
0 1 2 3 100 57 4 5 94 19 98 23 64 67 25 96 21 83 60 18 77 36 41 6 14 28 62 39 16 20 9 45 85 29 46 37 51 81 63 73 75 43 12 69 33 40 48 78 50 87 35 58 65 47 38 15 93 95 49 31 66 56 27 90 79 7 42 91 34 22 71 68 26 54 82 84 52 10 53 76 70 13 8 32 89 30 55 24 11 17 74 44 86 61 92 59 97 72 80 88 99 : 3625.16
0 1 2 3 100 82 96 33 34 71 94 93 31 39 66 58 92 64 81 59 79 5 98 95 57 27 10 4 80 54 36 72 6 41 42 38 56 76 62 20 46 23 78 14 84 43 48 73 86 29 11 28 90 63 69 60 88 7 9 67 19 55 77 32 74 45 85 65 53 44 30 68 87 26 24 35 37 22 18 50 97 91 16 15 75 13 12 70 25 61 40 89 8 17 83 49 47 21 51 52 99 : 3715.94
0 1 2 3 100 92 47 8 83 73 10 93 72 81 70 27 44 36 15 64 25 84 98 51 62 22 76 78 43 5 4 67 79 16 12 90 77 46 53 23 34 20 40 45 50 48 6 42 96 74 66 71 55 18 13 60 97 94 49 17 7 29 9 11 32 80 19 82 33 24 91 86 21 14 37 88 57 63 95 58 52 26 69 65 56 38 28 30 89 41 59 75 31 35 39 54 61 68 87 85 99 : 3749.92
0 1 2 100 68 26 37 4 52 3 89 57 8 98 69 40 47 9 84 42 71 17 73 53 34 88 80 36 44 24 91 54 5 93 64 19 12 21 25 72 6 87 39 35 58 94 66 20 33 23 30 75 28 50 62 78 77 76 7 10 45 32 11 15 51 74 18 43 13 92 65 82 27 46 86 67 48 14 16 22 49 95 63 56 96 55 97 29 31 81 59 38 83 70 90 60 85 41 61 79 99 : 3726.58
0 1 2 3 100 89 62 66 29 79 26 87 47 64 39 9 46 27 81 97 90 22 65 70 48 72 44 31 50 28 11 7 4 68 85 58 32 34 24 91 45 80 36 67 42 16 14 52 25 55 54 12 19 10 43 76 93 21 56 77 18 71 63 8 60 69 15 17 41 73 57 13 6 5 38 49 23 82 40 30 20 35 33 98 83 59 75 37 92 84 51 88 53 86 61 74 95 78 94 96 99 : 3747.13
0 1 2 3 100 93 39 98 91 80 52 4 86 72 7 11 45 23 51 31 82 21 83 62 32 88 30 56 94 20 22 77 33 15 14 29 42 16 41 59 97 69 60 13 70 40 57 54 27 87 66 35 36 90 64 84 8 67 5 44 92 10 43 6 9 17 75 12 18 73 74 48 34 24 81 19 25 85 65 78 53 47 68 26 58 55 76 28 79 37 71 38 46 89 49 63 50 61 95 96 99 : 3755.54
0 1 2 3 100 77 10 98 51 76 55 24 28 6 53 69 33 49 5 37 47 61 16 63 86 4 43 62 91 38 70 84 82 64 40 14 79 96 44 65 12 90 67 7 34 89 83 74 75 13 46 8 9 78 20 22 59 21 32 48 19 73 11 15 66 23 81 71 42 17 18 68 25 60 26 94 50 27 41 95 80 31 39 45 30 92 29 35 36 87 52 54 58 93 56 57 72 85 88 97 99 : 3719.09
0 1 2 3 100 97 76 4 58 75 92 70 68 26 20 47 55 89 46 60 49 10 57 86 12 13 83 43 28 27 62 74 24 16 50 35 44 5 98 91 14 79 31 7 66 33 15 21 30 63 73 36 42 29 25 65 93 94 88 40 64 19 67 41 85 9 95 6 77 80 90 18 69 17 61 11 71 48 32 8 23 22 38 81 34 45 37 72 39 51 52 82 53 84 54 56 59 78 87 96 99 : 3674.84
0 1 2 3 100 49 10 70 7 82 67 69 75 19 87 21 5 35 4 81 89 62 6 47 11 79 39 85 71 12 17 83 16 45 9 8 22 36 64 57 97 55 77 37 54 25 44 60 13 93 76 58 56 84 48 32 15 26 38 34 40 80 52 78 63 29 24 46 88 66 14 28 20 23 33 90 98 53 74 91 27 30 61 72 31 43 68 41 42 50 65 51 59 73 18 86 92 94 95 96 99 : 3741.78
0 1 2 3 100 83 64 98 62 81 56 80 37 95 60 90 93 46 91 28 96 58 68 72 5 70 17 73 38 4 85 79 54 20 9 29 6 51 89 75 78 11 15 53 26 87 61 39 50 76 86 77 43 44 30 34 36 41 67 52 71 19 82 94 66 65 45 31 40 7 14 88 13 74 24 48 42 25 32 8 69 63 16 49 84 23 12 59 21 35 10 18 22 55 27 97 57 33 47 92 99 : 3668.38
0 1 2 100 77 80 36 17 33 75 23 6 96 50 86 94 84 58 48 26 98 63 13 15 32 4 3 83 16 38 93 85 25 78 82 92 47 12 60 73 20 72 30 28 11 91 79 87 70 64 62 34 46 74 88 45 67 35 5 69 56 39 22 57 7 52 55 95 53 43 81 14 89 8 68 37 41 9 97 29 59 90 10 18 19 76 65 21 24 51 27 31 40 66 42 44 49 54 61 71 99 : 3745.07
0 1 2 3 100 91 45 5 21 44 13 4 78 23 7 76 16 56 11 49 43 90 41 64 72 69 96 42 26 9 24 80 95 8 74 66 62 6 70 18 73 10 46 94 54 38 22 59 55 29 98 84 28 63 71 36 57 32 61 12 19 68 65 75 17 60 81 34 14 88 40 15 30 20 58 27 82 37 67 25 31 93 53 33 92 50 47 35 39 51 48 52 77 97 89 86 79 83 85 87 99 : 3762.14
0 1 2 3 100 69 53 6 92 79 27 86 20 15 49 22 33 13 51 95 67 81 63 29 84 24 50 65 19 90 64 23 4 76 52 40 5 25 47 18 35 89 42 16 60 75 17 71 7 70 83 8 74 61 38 12 55 9 88 30 39 44 34 36 54 32 10 59 91 46 62 11 43 56 45 14 77 66 93 85 48 21 78 96 82 73 28 57 26 31 58 37 41 72 98 97 80 68 87 94 99 : 3761.74
0 1 2 3 100 97 95 63 89 38 55 92 48 79 37 30 84 88 22 10 5 35 15 20 45 70 9 68 14 41 52 57 29 80 81 50 21 54 71 13 6 72 19 32 62 74 46 86 34 36 91 98 8 83 43 60 23 69 44 94 4 7 58 25 65 27 85 82 96 39 11 26 87 12 76 78 16 56 40 53 17 49 59 77 18 51 24 28 67 66 31 61 73 33 47 42 64 75 90 93 99 : 3687.78
0 1 2 3 100 93 94 42 39 70 7 75 13 97 95 68 79 17 20 83 98 76 15 34 96 36 9 32 14 27 5 74 11 8 91 40 29 30 28 38 77 57 10 60 4 88 24 58 92 45 26 59 84 31 62 50 48 52 46 37 12 90 43 82 16 23 56 41 25 21 72 6 63 73 18 19 22 61 44 33 89 64 47 35 49 81 69 53 80 51 55 86 67 71 65 54 66 78 85 87 99 : 3688.51
0 1 2 3 100 95 97 29 5 67 15 7 21 40 25 35 69 94 68 10 33 59 4 31 41 64 50 9 79 17 32 78 43 6 54 87 76 57 63 8 74 84 49 60 42 23 90 26 11 98 55 65 71 18 12 27 30 28 24 62 66 37 91 92 51 73 75 13 70 19 61 72 44 53 77 52 93 96 34 89 85 47 16 88 80 48 58 82 14 20 86 22 46 38 36 39 56 45 81 83 99 : 3705.51
0 1 2 3 100 73 65 51 72 19 77 34 98 70 49 69 15 31 96 67 59 24 91 88 57 29 4 83 55 84 63 33 82 26 92 53 68 21 14 74 23 75 17 61 25 39 22 20 60 12 43 27 93 62 28 5 78 46 86 47 80 30 45 52 6 18 95 64 89 7 97 71 90 48 79 56 13 10 35 16 8 9 37 11 58 42 36 94 66 32 76 38 81 40 41 44 85 50 54 87 99 : 3651.06
0 2 3 100 77 60 35 37 1 33 97 48 95 36 93 25 4 85 21 42 99 89 46 23 67 50 94 58 78 92 31 72 53 83 19 79 17 86 98 64 30 45 7 5 82 96 54 39 26 80 13 38 63 43 57 15 16 32 28 34 14 61 59 71 41 6 10 51 29 18 12 8 56 68 70 9 91 76 11 20 66 65 47 75 22 44 49 84 87 24 55 27 40 90 52 81 62 69 74 73 88 : 3706.16
0 1 2 3 100 97 74 43 29 58 90 44 84 56 78 80 26 19 27 17 55 15 6 96 82 16 32 62 34 13 25 87 41 31 95 71 63 57 28 60 8 64 48 52 30 20 76 40 88 38 51 5 42 9 66 36 68 85 50 45 22 4 10 47 37 65 7 35 98 77 18 39 93 81 21 67 79 11 12 23 14 24 69 83 33 72 49 46 53 54 91 61 59 70 73 75 86 89 92 94 99 : 3737.17
0 1 2 3 100 46 24 30 56 92 74 89 16 38 91 27 85 37 87 35 98 44 99 96 23 88 14 54 65 51 82 26 94 39 5 70 72 11 63 83 42 60 53 58 77 29 47 50 22 49 17 61 31 80 73 71 59 57 43 40 15 13 62 20 79 12 66 64 68 97 8 7 28 9 84 32 55 6 18 10 41 21 45 95 33 86 4 69 19 36 48 67 34 76 52 25 81 93 90 75 78 : 3724.62
0 1 2 3 100 98 81 84 29 96 68 43 90 19 83 8 30 40 32 4 54 72 6 16 28 74 18 25 23 97 77 12 53 44 39 7 65 80 95 50 86 22 33 79 41 36 88 93 71 55 82 70 31 64 69 13 20 24 94 27 52 21 78 51 56 5 9 57 14 15 73 10 46 76 11 67 34 61 92 17 35 66 49 91 38 26 37 48 42 47 45 58 89 62 59 60 63 75 85 87 99 : 3723.46
0 1 2 3 100 97 61 52 98 71 57 60 59 17 4 55 45 42 53 58 22 56 83 10 9 15 11 5 32 82 29 63 13 62 64 33 74 7 34 79 54 14 76 24 23 78 20 84 96 65 44 75 12 6 85 26 30 81 25 88 86 8 39 67 31 35 28 46 16 89 27 18 73 95 69 49 68 48 19 77 38 51 91 50 90 36 21 37 40 93 94 72 43 47 66 70 80 87 41 92 99 : 3707.41
0 1 2 100 93 79 56 36 9 3 10 91 62 7 40 51 6 42 22 46 38 94 21 4 89 59 64 96 72 85 29 25 54 82 84 23 37 53 8 13 60 70 92 44 14 57 16 11 5 83 27 12 39 48 50 66 63 41 35 52 31 26 32 88 30 20 67 19 80 65 58 71 18 55 33 47 34 28 95 61 87 45 15 68 75 77 43 90 24 49 97 98 17 86 69 73 74 76 78 81 99 : 3741.08
0 1 2 3 100 68 93 32 5 76 44 45 86 35 26 80 36 39 20 46 11 74 34 88 30 13 98 60 66 78 24 7 73 90 48 62 28 38 75 43 10 12 9 40 18 55 29 14 95 41 25 72 85 91 89 23 4 77 83 79 50 63 81 59 31 70 54 21 6 97 53 69 52 17 15 8 92 37 49 61 16 22 58 64 27 33 19 42 56 47 57 67 84 51 71 82 65 87 94 96 99 : 3734.79
0 1 2 3 100 83 10 4 96 26 37 12 31 35 82 9 5 86 57 24 53 49 73 90 40 65 94 34 75 22 98 59 84 27 6 28 23 92 80 11 88 46 42 72 36 61 47 51 70 63 64 25 68 21 55 85 79 32 30 13 78 15 7 45 50 29 48 8 20 14 76 41 95 91 74 16 43 97 69 17 18 19 38 39 56 33 93 66 71 44 81 52 54 58 60 62 67 77 89 87 99 : 3675.14
