0 99 39 40 84 2 48 5 9 67 66 59 81 3 17 49 97 18 60 83 73 63 8 57 89 74 22 55 86 43 77 13 10 100 69 33 12 53 95 70 19 44 6 72 36 41 80 31 58 92 93 94 54 21 87 85 68 26 96 37 82 65 1 50 79 7 14 88 30 91 24 16 32 15 76 45 11 28 20 4 62 38 46 34 51 29 52 25 35 47 61 42 64 71 27 90 98 75 23 78 56 : 1209.33
0 82 87 58 93 31 92 80 54 21 85 56 65 99 37 96 26 68 94 25 67 39 66 52 29 27 70 19 44 53 18 33 97 95 41 72 6 36 47 84 71 51 78 9 40 23 88 76 15 7 45 30 28 24 91 16 62 38 74 89 55 22 86 81 75 59 61 42 35 64 90 12 98 3 17 13 10 60 49 69 100 83 73 63 43 77 8 57 4 46 34 32 20 14 11 79 5 2 48 50 1 : 1194
0 26 54 68 87 85 21 1 11 14 50 2 76 15 32 88 30 24 91 28 16 34 38 46 62 4 89 74 22 7 45 79 9 61 42 36 31 92 80 93 94 58 41 72 6 44 95 53 12 97 69 17 13 49 18 43 73 63 83 100 10 60 33 3 90 27 19 70 98 81 75 59 86 77 8 57 20 55 71 84 47 23 40 78 51 52 25 66 64 35 29 67 39 5 48 56 99 65 96 82 37 : 1134.87
0 82 54 87 92 94 58 19 53 97 12 98 17 49 10 18 3 13 60 100 43 63 73 83 69 33 77 55 86 57 8 89 20 32 22 38 46 62 34 14 11 45 88 30 28 91 24 16 4 74 23 51 84 59 75 81 90 27 64 29 61 35 71 66 47 67 78 5 48 79 2 50 76 15 7 9 40 39 52 80 31 36 41 6 72 44 95 70 42 25 93 56 68 85 21 96 65 26 37 99 1 : 1146.38
0 99 37 82 21 85 54 92 31 25 58 94 26 68 80 72 41 36 64 42 40 78 4 62 46 38 34 32 22 23 81 75 59 20 16 89 74 8 57 86 55 77 43 83 63 73 69 18 60 49 10 100 13 17 3 98 33 97 12 53 95 44 6 19 70 90 27 71 84 51 9 15 30 24 91 28 88 14 76 11 79 5 48 50 7 45 2 1 67 47 66 35 61 29 52 93 39 56 65 87 96 : 1182.98
0 1 50 2 48 45 9 5 79 76 32 34 62 4 20 57 8 89 74 38 46 16 28 91 24 30 88 11 14 7 15 23 51 71 66 39 78 40 84 47 67 29 25 31 36 72 6 41 27 98 97 13 49 18 60 10 69 100 73 63 83 43 77 3 12 95 44 53 90 70 19 33 17 22 86 55 81 75 59 64 61 35 42 52 58 94 92 93 80 54 85 87 68 21 37 99 82 26 65 96 56 : 1148.69
0 99 56 1 50 2 5 48 9 47 35 52 67 66 51 15 14 11 79 84 71 22 55 86 20 32 30 28 76 7 45 88 91 24 16 34 62 4 46 38 89 74 57 8 77 43 63 73 10 100 83 69 17 49 60 33 97 13 18 3 75 81 59 90 98 12 53 44 95 6 41 72 31 58 92 64 70 19 27 29 23 40 78 39 61 42 25 93 36 80 94 85 54 87 96 65 21 26 68 82 37 : 1173.1
0 99 26 50 45 11 79 1 56 54 85 21 87 68 94 58 92 80 31 36 93 61 35 42 29 64 70 27 90 12 66 67 39 9 57 77 10 18 13 97 3 98 81 59 75 55 86 74 32 76 7 14 88 30 24 91 28 16 46 62 20 89 22 23 51 84 71 52 25 47 41 72 6 19 44 95 53 33 17 60 49 69 100 43 63 73 83 8 38 4 34 15 40 78 5 2 48 82 96 65 37 : 1195.32
0 1 50 2 45 5 79 11 88 30 91 24 28 15 76 7 14 9 48 39 66 59 71 84 81 75 77 86 55 89 57 74 70 44 95 53 27 64 47 78 23 20 22 32 62 34 16 4 38 46 8 73 63 83 100 43 97 33 13 17 18 49 10 69 60 3 12 98 90 19 6 72 41 67 40 51 35 42 61 52 25 29 92 58 94 93 36 31 80 21 68 26 56 65 54 87 85 82 37 99 96 : 1241.73
0 37 82 26 21 54 85 96 56 5 79 50 48 2 7 14 76 45 11 30 88 28 24 91 16 34 23 84 51 35 61 29 42 36 93 67 39 58 25 52 66 40 78 9 65 87 68 94 92 80 19 98 86 55 75 59 17 13 3 60 10 97 33 53 12 90 81 22 32 15 62 46 38 4 20 57 8 89 74 77 43 73 63 83 69 100 18 49 27 71 47 64 70 44 95 6 72 41 31 99 1 : 1214.75
0 99 26 65 48 5 2 76 7 45 14 11 50 79 9 78 51 84 59 75 81 77 83 63 73 43 10 18 13 33 17 100 60 49 97 69 53 95 72 44 6 19 70 90 27 71 47 23 20 22 57 89 74 62 34 28 30 24 91 88 16 32 15 4 38 46 8 55 86 3 98 12 61 64 66 29 42 35 52 36 25 39 40 67 93 41 31 94 92 80 68 85 87 58 54 21 56 96 37 82 1 : 1182.07
0 99 65 54 96 26 82 37 68 87 85 21 39 9 51 23 40 78 76 14 88 30 24 28 91 16 34 15 32 84 12 53 44 6 41 72 36 47 67 66 61 35 93 25 31 80 92 58 94 29 64 27 98 10 69 60 33 97 100 43 83 73 63 18 59 81 75 71 42 52 70 19 95 90 13 49 17 3 74 22 20 86 55 77 8 57 89 46 38 62 4 7 45 11 50 5 79 2 48 56 1 : 1226.63
0 1 85 68 21 54 58 36 41 72 6 44 95 53 12 59 3 98 17 33 60 49 10 13 18 97 69 100 63 83 73 43 77 71 29 25 93 52 39 67 27 42 90 19 70 64 61 35 66 51 78 32 34 20 23 22 74 57 62 4 38 16 46 89 86 8 55 81 75 84 40 9 76 7 15 28 91 24 30 88 11 45 14 50 48 56 5 79 2 47 31 80 92 94 87 26 96 82 37 65 99 : 1222.66
0 96 65 48 56 39 67 9 40 78 5 79 76 14 45 11 88 28 24 91 30 7 15 4 8 89 57 74 22 34 16 46 38 62 55 77 81 59 3 18 49 60 10 17 33 98 95 44 53 12 70 19 6 72 41 36 31 92 42 29 25 35 61 47 20 32 51 84 23 86 43 63 73 83 100 69 13 97 90 75 27 71 64 52 66 58 93 94 80 87 54 85 26 68 21 82 37 99 1 50 2 : 1197.23
0 1 2 50 45 88 14 11 7 76 15 34 28 91 24 30 16 38 46 62 8 4 71 64 27 98 90 70 19 41 72 6 44 95 12 3 69 100 73 63 83 60 18 49 13 17 97 53 33 10 43 77 75 59 81 86 20 32 40 9 25 47 67 66 78 51 84 23 74 89 57 55 22 5 79 48 56 93 39 29 42 61 35 52 36 80 31 92 87 58 94 68 85 21 96 54 65 82 37 26 99 : 1200.08
0 1 48 76 20 38 46 16 30 88 28 91 24 34 32 11 45 7 15 14 78 5 79 50 2 9 51 40 25 47 67 23 55 86 77 57 89 74 22 4 62 8 73 83 63 100 10 3 18 17 12 98 69 97 13 43 33 60 49 81 59 90 19 6 95 53 44 72 31 64 29 84 75 71 35 42 61 66 93 58 80 94 92 41 36 70 27 52 39 56 65 87 54 68 96 21 85 26 82 37 99 : 1276.26
0 26 96 85 21 37 82 99 87 54 65 56 40 84 35 42 66 71 59 81 75 90 36 72 41 31 92 68 58 80 94 93 25 61 19 97 13 69 49 17 60 10 100 18 3 98 33 12 95 44 6 53 70 27 64 29 23 78 67 74 55 77 43 83 63 73 86 8 89 57 38 46 16 28 91 24 88 30 34 4 62 20 22 15 32 76 14 7 50 45 11 79 48 39 52 47 51 9 2 5 1 : 1209.95
0 1 50 79 5 9 32 15 14 45 11 88 30 91 24 28 16 34 4 46 38 89 74 55 20 23 66 64 29 35 59 75 81 40 47 51 84 61 42 67 71 90 19 70 27 98 43 8 62 22 86 57 77 18 17 3 97 13 49 100 83 73 63 69 10 60 33 12 53 44 95 6 72 41 36 52 39 78 7 76 2 48 56 25 80 31 68 96 87 54 85 26 21 93 58 92 94 65 37 82 99 : 1174.68
0 99 37 65 56 48 5 88 30 28 91 24 20 22 81 59 3 90 98 12 60 17 100 10 43 63 73 83 13 49 69 97 33 18 77 8 38 62 4 34 32 55 86 57 74 89 46 16 11 45 14 7 15 76 9 78 79 2 50 67 36 80 58 92 31 41 72 19 6 44 53 95 70 27 25 42 64 35 29 61 84 23 51 40 47 75 71 66 52 39 93 94 68 87 54 21 26 96 85 82 1 : 1183.5
0 99 1 37 82 21 96 85 54 87 52 25 80 31 58 68 94 92 93 39 40 15 76 45 14 11 50 7 66 47 84 27 90 18 3 75 67 51 19 70 64 35 61 29 81 86 55 77 74 57 8 89 46 38 24 91 28 30 88 16 62 34 4 20 22 23 71 42 36 41 72 6 44 95 53 97 98 12 33 17 49 60 69 13 100 10 73 63 83 43 59 32 78 9 5 2 79 48 56 65 26 : 1194.29
0 99 1 56 39 52 61 42 84 71 23 51 67 47 9 76 7 15 32 16 4 62 46 91 24 28 38 34 30 88 14 45 11 50 48 2 79 5 40 78 90 59 86 55 57 8 89 20 22 74 77 73 63 83 27 70 19 36 25 66 35 29 64 12 98 81 75 10 18 60 17 3 43 100 69 49 13 97 33 53 95 44 6 72 41 31 58 92 94 21 96 87 54 93 80 65 85 68 26 37 82 : 1178.77
0 26 37 82 54 68 87 85 39 52 29 61 35 42 41 31 58 80 94 92 36 72 6 95 44 53 97 13 33 49 100 10 18 17 69 60 73 83 63 43 77 55 4 32 20 86 22 62 16 34 46 38 89 8 57 74 3 98 12 90 27 70 19 64 93 56 9 78 71 81 75 59 23 84 40 51 66 25 67 47 79 48 5 2 14 76 15 30 24 28 91 88 7 45 11 50 21 96 65 99 1 : 1206.54
0 26 21 68 58 93 56 65 82 37 96 87 85 54 80 31 92 94 52 25 67 42 35 64 27 19 70 36 72 41 6 95 44 53 63 73 83 100 43 77 3 90 12 13 97 60 69 49 17 18 10 33 98 81 75 59 22 55 86 20 74 57 89 38 8 16 88 62 4 46 34 32 15 14 7 76 45 30 91 24 28 11 9 40 78 5 48 51 39 47 71 23 84 66 29 61 79 2 50 1 99 : 1203.51
0 56 65 26 21 96 25 71 27 35 29 61 42 36 58 93 54 85 87 68 94 92 80 31 72 41 6 95 44 53 70 64 19 12 98 33 13 60 49 3 18 17 97 69 100 63 73 83 43 10 77 55 22 34 4 57 74 86 20 62 46 89 8 16 38 9 39 52 67 47 66 90 81 75 59 23 84 40 78 51 5 79 48 2 88 7 76 45 14 15 32 24 91 28 30 11 50 1 37 82 99 : 1196.7
0 99 82 54 68 21 26 96 85 87 65 52 31 92 80 94 58 25 29 35 93 39 71 67 79 7 76 15 32 34 46 38 62 28 91 30 88 24 16 8 77 4 55 86 75 81 18 60 10 33 12 90 19 53 44 95 6 72 41 36 61 59 3 100 69 13 97 49 17 43 83 73 63 57 74 89 22 20 23 84 27 70 98 64 42 78 66 47 51 40 9 50 45 14 11 2 5 48 56 1 37 : 1245.49
0 26 87 68 94 90 81 59 75 86 57 55 32 34 16 24 28 91 30 88 11 45 76 15 22 20 4 38 62 46 74 89 8 7 14 78 50 2 48 79 5 9 40 23 51 84 47 66 71 58 93 42 29 25 67 39 35 52 61 27 64 12 97 69 100 43 73 63 83 77 10 60 17 13 33 49 18 3 98 70 19 44 95 53 6 72 41 36 31 80 92 54 85 82 37 96 65 21 99 56 1 : 1200.51
0 1 56 2 5 79 50 45 11 14 76 88 30 28 91 24 16 46 38 34 4 89 22 20 81 64 27 29 61 25 52 47 71 66 51 84 23 86 55 62 74 57 77 43 83 63 73 8 15 7 32 78 39 35 42 59 75 3 18 100 69 10 98 33 60 13 17 49 97 53 95 44 12 90 70 19 6 72 41 36 93 58 94 92 31 80 68 21 96 87 54 85 26 82 37 99 65 67 40 9 48 : 1112.91
0 1 50 45 14 24 91 28 88 30 11 76 15 32 20 22 3 98 33 12 95 44 6 72 41 25 27 64 35 93 51 23 84 75 71 59 74 38 46 16 34 62 4 8 89 57 55 86 81 77 43 100 63 73 83 10 18 60 13 17 49 69 97 53 19 70 90 66 29 42 61 52 47 7 79 2 48 5 9 78 40 67 39 87 65 99 82 37 26 85 54 21 96 68 36 31 80 92 94 58 56 : 1148.03
0 65 56 79 50 11 7 2 48 9 5 1 99 85 87 37 68 31 36 93 25 71 12 90 75 29 47 42 35 27 64 61 66 84 51 78 67 52 39 59 81 18 3 98 86 74 22 20 34 15 32 4 62 46 38 16 28 24 91 30 88 14 76 45 40 23 55 89 57 8 77 73 63 83 43 60 17 13 97 33 49 69 100 10 53 95 44 6 19 70 72 41 80 92 94 58 54 21 82 96 26 : 1215.97
0 21 96 64 36 71 59 81 75 18 60 69 13 17 12 33 97 53 95 44 6 72 41 80 31 94 58 92 93 25 67 39 40 22 20 84 35 29 61 51 47 32 15 23 66 42 52 19 90 27 70 98 77 8 73 63 83 43 10 100 49 3 86 55 89 57 74 4 62 38 46 34 16 30 88 91 24 28 76 7 45 11 14 9 5 78 79 2 48 50 1 99 37 82 26 68 87 85 54 65 56 : 1165.86
