0 1 65 56 87 68 85 54 2 5 79 9 51 40 78 29 47 71 23 84 66 67 39 48 93 58 94 92 42 61 35 64 90 27 70 19 36 31 80 41 72 6 44 95 53 18 33 12 98 3 17 63 43 83 73 100 60 13 97 10 69 49 81 59 22 86 75 55 77 38 62 91 24 30 28 88 34 7 76 11 45 15 32 20 74 8 57 89 4 46 16 14 50 52 25 96 26 21 82 37 99 : 1272.04
0 54 56 48 78 40 23 71 75 59 81 3 33 98 90 27 35 29 64 19 6 72 95 44 53 12 97 17 18 100 69 10 60 49 13 70 25 52 66 47 39 61 42 21 96 65 80 31 41 36 94 58 92 1 50 14 45 11 2 79 5 9 7 76 22 16 46 28 24 91 88 30 38 57 86 55 77 63 43 83 73 8 74 89 20 34 4 62 15 32 84 51 67 93 68 87 85 26 82 37 99 : 1233.7
0 1 50 5 84 81 3 18 98 59 75 27 29 80 31 68 93 58 72 41 36 92 94 65 54 87 21 26 96 82 37 85 52 39 66 35 6 19 70 90 33 12 95 44 53 69 100 49 13 97 17 60 10 63 73 83 43 86 77 55 22 32 23 51 71 64 67 47 61 42 25 40 78 9 7 11 45 14 88 30 28 16 46 91 24 62 89 57 8 38 4 20 74 15 34 76 79 2 48 56 99 : 1253.25
0 99 1 56 29 42 64 35 61 25 52 71 33 69 63 73 83 43 100 13 10 18 12 3 77 57 89 8 4 20 16 34 32 23 84 59 75 81 17 49 60 97 95 44 53 6 19 70 90 27 98 86 55 22 62 38 74 46 28 24 91 15 88 30 11 50 48 45 76 9 47 66 51 40 79 2 7 14 5 78 67 39 96 68 36 80 31 41 72 92 94 93 58 54 85 65 37 26 21 87 82 : 1284.96
0 1 50 11 45 14 76 15 32 20 62 4 22 55 23 8 57 86 77 43 83 73 63 89 74 46 38 34 16 91 24 28 88 30 7 9 78 2 79 5 48 56 96 68 80 54 65 35 25 29 75 59 98 18 17 3 81 40 51 47 39 67 66 71 90 97 13 49 10 60 33 100 69 53 95 12 44 6 41 72 36 84 27 19 70 64 42 61 52 92 94 31 58 93 87 26 21 85 82 37 99 : 1239.05
0 1 56 48 50 11 45 14 30 88 24 28 91 76 16 62 34 46 38 74 89 4 8 57 73 63 83 77 43 49 60 98 70 19 27 71 23 59 75 3 33 97 69 10 100 13 17 18 81 22 55 86 20 32 15 7 9 78 40 66 84 51 26 65 82 37 21 68 94 87 54 85 92 58 79 5 2 39 47 61 29 35 64 36 31 80 72 41 6 44 95 53 12 90 25 52 42 67 93 96 99 : 1221.67
0 99 37 82 21 96 92 31 80 58 26 68 94 36 41 72 44 6 95 53 97 60 13 18 98 71 59 75 81 39 93 25 52 67 23 20 32 34 46 38 62 14 76 15 79 5 56 87 85 54 65 48 2 9 78 40 51 84 47 66 64 42 29 61 35 90 27 19 70 12 3 33 49 17 69 10 100 43 73 83 63 77 55 22 86 8 89 57 74 4 16 28 24 91 88 30 7 45 11 50 1 : 1122.83
0 1 99 37 65 82 26 54 96 85 87 58 56 78 9 48 5 2 79 14 7 76 50 45 11 28 24 16 30 91 88 15 34 32 20 86 57 55 74 75 81 59 47 40 51 67 64 35 27 44 69 98 100 13 49 60 33 18 97 83 73 63 77 43 8 38 46 62 89 4 22 23 84 71 42 80 92 94 93 39 66 52 25 61 29 3 10 17 90 12 53 95 19 70 72 6 41 36 31 68 21 : 1320.53
0 1 50 2 48 9 40 39 78 67 92 80 52 25 84 23 51 22 20 55 81 75 3 60 49 97 33 17 13 69 10 83 100 18 12 53 19 95 44 70 90 98 27 35 31 47 66 29 36 42 64 41 6 72 68 26 85 87 94 58 93 61 71 59 86 57 89 74 63 73 43 77 8 38 62 34 4 16 46 91 28 24 30 15 32 79 14 88 76 7 11 45 5 65 96 21 54 56 99 82 37 : 1291.21
0 82 37 56 78 9 23 84 61 52 25 67 66 40 51 47 42 93 39 58 54 85 26 87 99 1 50 2 7 48 5 79 15 76 14 11 45 34 20 62 4 22 46 32 16 24 30 88 91 28 74 89 38 57 55 86 75 59 81 71 27 12 33 90 70 19 95 53 97 13 100 10 17 49 3 60 69 83 73 8 63 77 43 18 98 29 64 35 72 44 6 41 36 31 80 92 94 68 21 65 96 : 1279.9
0 99 82 37 1 50 45 76 11 14 30 28 24 91 16 34 62 46 57 74 89 20 22 3 77 55 86 23 47 66 71 84 51 78 48 40 39 67 25 52 42 9 7 4 75 81 59 27 12 95 6 44 70 33 97 49 17 60 13 10 18 100 69 63 73 83 43 8 38 32 15 88 79 5 2 56 92 94 36 19 53 98 90 64 29 61 35 93 58 31 80 72 41 68 87 85 26 21 96 54 65 : 1255.81
0 99 96 65 56 48 50 78 9 5 79 7 11 14 45 16 46 62 89 8 57 86 22 20 32 4 55 74 34 91 38 24 28 88 30 76 15 51 23 84 47 59 81 3 18 49 100 10 77 43 63 73 83 60 69 97 53 6 72 41 31 80 68 85 26 54 21 87 58 94 92 36 29 35 42 61 93 25 66 40 39 67 71 64 33 13 17 98 75 19 70 44 12 95 27 90 52 2 1 82 37 : 1274.94
0 99 1 50 7 76 11 45 88 14 16 46 38 62 4 57 8 74 30 91 28 24 34 15 32 89 55 86 77 63 73 83 43 10 33 53 44 6 72 19 95 70 27 90 98 12 97 49 69 13 100 60 18 3 17 75 81 59 84 47 35 29 64 93 25 42 52 39 94 68 26 65 85 96 54 87 56 61 66 40 9 51 78 5 2 48 79 23 20 22 71 67 58 41 36 31 80 92 21 37 82 : 1246.39
0 99 26 54 87 80 92 31 66 29 61 35 90 75 81 55 57 8 83 73 63 43 100 33 95 44 53 70 36 42 47 67 39 25 52 32 15 16 30 91 28 24 88 11 14 45 1 50 7 76 20 4 89 86 59 84 71 51 9 79 2 48 5 78 40 23 22 34 46 38 62 74 77 18 3 17 13 69 49 97 60 10 98 12 27 64 19 72 6 41 94 58 93 82 37 96 65 56 21 68 85 : 1262.86
0 37 26 21 54 87 31 41 6 53 3 81 75 18 17 100 83 73 8 89 57 74 55 86 77 63 13 97 60 95 44 12 33 49 10 43 69 98 19 72 70 27 90 59 23 71 35 66 25 47 67 40 78 51 84 20 22 32 34 46 38 4 62 28 24 91 88 14 45 76 7 79 48 5 2 11 16 30 15 50 9 39 64 29 42 61 52 93 58 94 36 92 80 68 85 82 96 99 1 56 65 : 1273.47
0 99 1 50 2 79 39 29 64 27 90 17 60 13 69 18 43 83 63 73 77 81 75 20 34 76 32 57 86 55 74 89 62 4 46 38 8 3 98 12 33 10 49 100 97 53 95 44 6 19 70 35 42 36 41 72 31 92 94 58 80 93 59 25 52 66 61 84 71 47 22 15 16 28 24 91 30 88 14 45 11 7 78 9 5 48 56 37 82 26 87 68 21 54 85 67 40 23 51 65 96 : 1228.62
0 1 79 40 78 67 51 66 39 36 58 94 92 52 41 72 6 44 95 53 97 69 33 18 49 17 13 43 60 10 100 83 73 63 8 74 55 89 57 86 20 22 9 56 96 87 21 85 54 82 37 26 68 80 31 93 42 61 29 47 35 25 12 70 27 71 64 19 90 98 3 77 75 81 59 84 23 32 76 15 34 62 4 46 38 16 88 30 28 91 24 7 14 11 45 50 2 48 5 65 99 : 1184.54
0 1 48 5 2 79 50 76 15 32 57 8 74 89 38 46 28 14 45 11 7 88 24 91 30 16 34 62 20 4 22 23 51 61 35 42 52 25 71 59 67 39 93 80 92 87 94 31 36 68 96 58 54 56 66 47 84 29 27 64 19 70 90 6 72 41 44 95 53 97 49 17 69 13 60 100 10 98 3 18 33 12 63 83 73 43 77 55 86 75 81 40 78 9 65 99 37 82 21 85 26 : 1244.96
0 1 50 79 2 45 11 14 88 16 91 30 24 28 46 62 34 4 38 22 86 55 77 57 89 8 73 63 97 69 100 10 43 83 17 60 49 13 70 75 81 59 71 47 35 27 90 29 52 42 25 48 5 9 76 15 32 20 74 23 40 78 7 51 84 66 67 36 80 94 54 31 92 41 19 95 6 72 44 53 12 33 18 3 98 64 61 39 93 58 68 87 85 96 56 99 37 82 65 21 26 : 1260.18
0 1 39 52 66 84 40 7 15 32 34 88 76 14 45 11 50 2 79 9 5 48 96 54 58 94 65 56 26 82 93 47 29 78 51 67 25 42 61 71 59 81 75 27 35 23 55 22 20 16 24 91 28 30 62 8 46 4 38 86 74 57 89 77 73 63 43 83 100 3 10 13 69 33 60 18 44 97 17 49 98 12 53 95 70 6 90 64 19 72 41 36 80 68 87 92 31 85 21 37 99 : 1335.46
0 56 1 2 48 50 11 14 45 30 24 91 28 88 15 76 7 9 78 67 39 79 5 99 37 82 54 87 68 26 80 31 92 58 96 85 21 65 94 93 66 29 42 35 25 52 84 71 47 64 27 61 36 41 72 6 19 70 95 44 53 49 43 100 63 73 83 18 10 33 17 60 69 13 97 3 98 12 90 81 59 75 77 86 55 8 57 89 74 62 4 20 22 34 16 38 46 23 32 51 40 : 1197.66
0 1 56 92 31 94 41 72 80 6 44 95 53 12 98 86 74 77 63 83 73 43 18 49 60 69 17 13 100 10 33 97 3 81 59 75 22 55 89 57 8 38 24 28 91 46 62 4 34 88 30 16 32 15 76 11 14 45 50 2 5 79 7 48 65 85 96 58 93 36 19 71 90 27 29 25 42 52 61 70 64 35 47 78 40 51 66 39 67 84 20 23 9 87 68 26 54 21 82 37 99 : 1251.39
0 1 48 5 2 50 11 45 14 76 30 88 24 28 91 46 8 4 32 15 62 16 38 55 77 63 83 73 43 100 60 53 12 95 44 69 97 17 49 13 3 59 81 86 22 74 89 57 34 20 75 23 78 9 79 7 40 51 56 65 87 94 58 93 36 25 47 66 42 35 67 61 29 64 84 71 52 39 80 92 27 90 10 98 18 33 70 19 72 31 41 6 68 54 85 21 96 26 82 37 99 : 1306.19
0 1 99 56 65 96 54 87 82 37 26 21 85 68 94 92 80 31 58 36 41 72 6 44 53 95 12 98 90 27 19 97 13 60 49 17 3 83 73 63 100 43 77 10 69 18 33 70 61 75 59 67 9 15 40 78 79 7 5 2 50 39 52 47 25 66 29 64 71 23 51 93 42 35 84 81 55 22 86 74 32 34 30 76 11 88 28 24 91 16 62 38 20 4 89 57 8 46 14 45 48 : 1283.85
0 1 50 79 5 48 2 7 76 15 34 32 46 38 22 86 57 8 77 43 83 73 63 69 100 49 17 13 97 12 95 44 53 98 33 10 3 18 60 27 70 19 6 72 41 36 35 52 42 61 90 29 71 64 23 40 78 9 84 75 81 59 55 20 4 89 74 62 91 16 28 24 30 88 14 45 11 51 47 66 67 39 65 56 25 92 31 94 93 58 80 68 26 37 54 87 85 21 96 82 99 : 1186.12
0 37 26 65 21 52 29 35 64 90 44 95 72 6 19 53 97 13 33 70 27 98 10 100 49 12 18 3 43 69 17 60 63 83 73 77 86 75 81 59 66 47 42 67 5 50 11 24 91 88 28 30 16 62 4 20 22 55 74 57 89 8 38 46 34 32 15 76 7 14 45 48 79 2 78 9 40 71 23 84 51 25 39 31 41 92 36 94 93 61 80 58 56 87 54 68 85 96 82 99 1 : 1278.08
0 37 54 21 68 85 87 92 94 80 31 41 72 6 19 64 42 36 67 51 22 23 59 81 75 86 77 55 32 15 34 20 4 62 30 88 91 24 28 11 45 14 50 79 2 48 5 1 99 96 56 58 93 25 47 66 39 9 84 40 78 76 7 16 46 8 38 57 89 74 73 63 43 10 83 97 98 60 100 69 18 3 13 49 17 33 53 12 44 95 70 90 27 71 35 29 61 52 65 26 82 : 1244.94
0 99 1 56 82 65 21 37 96 26 54 85 87 68 41 80 31 36 58 52 93 92 94 64 70 90 98 12 27 19 72 6 44 95 53 17 13 97 60 10 49 18 33 59 42 29 35 61 23 51 40 9 78 15 62 4 34 38 46 16 91 24 28 30 88 76 11 5 48 66 25 67 47 84 39 71 75 81 3 69 43 100 63 77 73 83 8 86 55 57 89 74 22 32 20 14 45 79 7 2 50 : 1249.53
0 65 87 31 72 41 6 95 53 44 12 70 19 35 29 71 64 61 42 47 27 90 3 17 60 49 69 13 97 10 63 73 83 77 43 100 18 33 98 81 59 67 52 51 40 66 84 15 32 7 76 79 2 5 48 9 78 50 14 45 30 88 11 28 24 91 46 23 20 4 62 22 57 74 38 34 16 8 89 55 86 75 36 80 94 92 58 39 25 93 26 96 85 68 54 21 82 37 99 56 1 : 1267.26
0 1 50 48 7 76 45 14 88 11 30 28 91 24 16 46 38 89 8 74 22 23 20 15 32 34 75 81 77 57 62 4 86 55 90 19 12 33 49 10 69 13 60 97 53 95 44 6 72 41 31 80 94 58 92 52 66 47 67 40 78 9 2 79 5 51 71 35 64 36 93 27 84 59 3 18 43 83 73 63 100 17 98 70 42 61 29 25 39 68 87 26 85 54 65 56 21 96 82 99 37 : 1168.14
