0 1 2 7 76 24 91 28 15 32 23 84 71 64 27 53 95 44 6 19 70 90 12 77 63 73 83 43 100 10 49 60 13 69 97 33 17 18 3 98 59 75 81 86 55 57 8 89 74 22 20 4 62 34 38 46 16 30 88 14 45 11 50 48 5 79 9 78 40 51 25 52 39 67 47 66 35 29 61 42 36 72 41 31 80 93 58 94 92 68 87 85 54 65 56 96 21 26 82 37 99 : 931.385
0 1 56 48 2 50 11 45 14 88 30 24 91 28 16 34 4 62 46 38 8 57 89 74 55 86 77 63 73 83 43 100 69 10 33 12 6 72 41 36 19 70 95 44 53 97 13 60 17 49 18 3 98 81 75 59 22 20 32 15 76 7 79 5 9 78 40 51 23 84 71 90 27 64 35 29 42 61 66 47 67 39 52 25 93 58 94 92 31 80 68 87 85 21 54 65 96 26 82 37 99 : 829.434
0 1 50 11 45 14 76 15 32 38 46 16 28 24 91 30 88 34 62 4 20 22 23 51 40 78 9 7 79 2 5 48 56 58 94 92 80 31 36 41 72 6 19 64 27 90 70 95 44 53 97 3 8 57 89 74 55 86 77 63 73 83 43 100 69 10 18 49 60 13 17 33 12 98 81 75 59 71 84 47 25 52 42 61 29 35 66 67 39 93 65 96 85 54 68 87 21 26 82 37 99 : 901.212
0 99 37 82 26 96 21 54 85 87 68 36 42 61 29 35 64 19 70 27 59 75 77 43 10 49 60 13 69 100 83 63 73 8 46 38 89 57 86 81 3 18 17 97 33 98 90 12 53 95 44 6 72 41 31 80 92 94 58 93 39 52 25 67 66 47 71 84 51 40 78 88 30 24 91 28 16 34 62 4 74 55 22 20 23 32 15 76 14 11 45 7 9 79 50 2 5 48 56 65 1 : 908.061
0 1 50 11 45 14 7 76 15 32 16 28 24 91 88 30 34 62 4 46 38 8 57 89 74 20 22 55 86 12 95 44 53 97 13 60 49 10 100 69 83 73 63 77 43 18 17 33 98 3 81 75 59 23 51 40 78 9 5 79 2 48 56 39 67 52 36 41 72 6 19 70 90 27 64 66 47 84 71 35 29 61 42 25 93 58 94 92 31 80 68 87 54 85 21 65 96 26 82 37 99 : 864.718
0 1 56 48 5 9 16 28 91 24 30 88 14 45 11 50 2 79 7 76 15 32 34 46 38 8 73 63 83 77 86 55 74 57 89 4 62 20 22 23 40 78 39 67 66 47 51 84 71 59 75 81 43 100 10 18 3 98 90 27 19 70 12 33 17 60 13 69 49 97 53 95 44 6 72 41 36 64 35 29 61 42 25 52 93 58 94 92 31 80 68 87 85 54 65 96 21 26 82 37 99 : 874.143
0 1 58 94 92 80 31 36 59 81 75 32 15 76 7 79 5 48 2 50 11 45 14 88 91 24 28 30 16 46 38 34 62 4 20 22 86 55 74 89 57 8 73 63 83 77 43 100 69 97 13 49 60 17 10 18 3 98 33 12 53 95 44 6 72 41 19 70 90 27 71 84 23 9 78 40 51 47 35 64 29 61 42 25 93 52 66 67 39 56 65 54 87 68 85 21 96 26 82 37 99 : 900.801
0 1 92 94 58 93 25 52 67 39 9 88 30 24 91 28 16 46 38 34 62 4 81 75 59 71 47 66 42 61 29 35 64 27 90 53 95 44 6 72 41 80 31 36 19 70 12 98 3 13 97 33 17 60 49 18 10 100 69 83 63 73 43 77 86 55 57 8 89 74 22 20 23 84 40 78 51 32 15 76 7 14 45 11 50 2 79 5 48 56 65 54 87 68 85 21 96 26 82 37 99 : 905.498
0 99 37 82 84 59 75 81 98 33 17 60 69 83 73 63 8 23 51 40 78 9 79 7 76 14 11 45 88 91 24 28 30 16 46 38 34 15 32 62 4 20 22 89 57 74 55 86 77 43 100 10 18 3 49 13 97 53 44 95 12 90 70 19 6 72 41 94 58 93 61 29 35 64 27 71 47 66 67 39 52 25 42 36 31 80 92 68 87 85 54 21 26 96 65 56 48 5 2 50 1 : 936.217
0 99 1 65 6 44 95 19 70 90 27 64 35 29 61 42 36 93 58 56 48 5 79 2 50 11 45 7 15 32 76 14 88 30 24 91 28 16 46 38 34 62 4 74 89 57 8 73 63 83 43 18 10 100 69 60 49 17 13 97 53 12 33 98 3 77 86 55 20 22 75 81 59 71 84 23 9 78 40 51 47 66 67 39 52 25 72 41 31 80 94 92 68 87 85 54 21 96 26 82 37 : 928.331
0 1 50 11 45 14 88 30 91 24 28 63 73 83 69 100 10 43 77 86 55 57 8 89 74 22 20 4 62 38 46 16 34 32 15 76 7 79 2 48 5 9 78 39 80 31 36 41 72 6 44 95 53 97 13 49 60 17 18 81 59 75 3 98 33 12 70 19 90 27 64 35 29 42 61 71 84 23 51 40 67 66 47 25 52 93 58 94 92 68 87 54 85 21 26 96 65 56 37 82 99 : 892.474
0 37 82 99 74 89 57 77 43 83 63 73 8 91 24 28 46 38 62 4 88 30 16 34 32 15 76 7 14 45 11 50 2 48 5 79 84 71 3 18 10 100 69 97 13 49 60 17 33 98 81 75 59 86 55 22 20 23 51 78 9 40 39 67 66 47 35 29 61 42 25 52 93 58 94 41 72 6 44 95 53 12 90 27 64 70 19 36 31 80 92 68 87 54 85 21 26 96 65 56 1 : 977.432
0 1 50 45 24 91 28 30 88 11 14 7 76 15 32 23 51 40 78 9 79 2 5 48 36 41 72 6 19 70 71 84 86 55 22 20 34 16 46 38 62 4 74 89 57 8 77 43 73 63 83 69 100 10 13 97 53 44 95 12 33 17 60 49 18 3 81 75 59 98 90 27 64 35 29 61 66 47 42 31 80 92 94 58 93 25 52 67 39 56 65 96 21 85 54 87 68 26 82 37 99 : 912.661
0 99 37 82 26 96 21 54 85 87 68 92 94 58 93 19 70 95 44 6 72 41 80 31 36 52 25 42 61 29 35 64 27 90 12 53 97 33 98 81 75 59 57 8 73 63 83 69 100 10 60 13 17 49 18 3 43 77 86 55 16 28 91 24 30 88 14 11 45 7 76 15 32 34 46 38 62 4 89 74 22 20 23 66 47 71 84 51 67 39 40 78 9 5 79 2 50 48 56 65 1 : 895.229
0 1 56 65 36 41 72 6 44 95 53 97 13 18 86 55 22 20 34 16 24 91 28 30 7 9 79 5 48 2 50 11 45 14 88 76 15 32 4 62 46 38 89 74 57 8 77 63 73 83 43 10 100 69 60 49 17 33 12 19 70 27 90 98 3 81 75 59 71 84 23 51 40 78 39 61 42 29 35 64 47 66 67 52 25 93 58 94 92 80 31 68 87 54 85 21 96 26 82 37 99 : 888.764
0 1 50 91 24 28 46 38 8 57 89 74 55 86 59 75 81 77 43 73 63 83 69 100 10 18 49 60 97 13 17 33 3 98 12 53 44 95 70 93 58 94 92 80 31 36 41 72 6 19 90 27 64 35 42 29 61 25 52 67 39 47 66 71 84 20 22 4 62 34 16 30 88 11 45 14 7 76 15 32 23 51 40 78 9 5 79 2 48 56 65 54 87 68 85 21 96 26 82 37 99 : 884.478
0 68 41 72 6 44 95 53 77 63 73 83 43 100 69 10 49 60 13 97 17 18 3 98 33 12 70 19 90 27 64 36 31 80 92 93 61 29 35 42 25 52 39 67 66 47 71 59 75 81 86 55 74 89 57 8 91 24 28 88 30 16 46 38 62 4 22 20 34 32 15 76 7 14 45 11 50 2 79 9 51 84 23 40 78 5 48 56 65 58 94 54 87 85 21 96 26 82 37 99 1 : 930.232
0 68 70 17 60 13 69 83 63 73 8 57 89 74 55 86 77 43 100 10 49 18 3 98 33 97 53 44 95 12 90 27 75 81 59 22 20 4 62 38 46 34 16 91 24 28 30 88 14 11 45 7 76 15 32 23 84 71 61 42 29 35 64 19 6 72 41 36 31 80 92 94 65 56 1 50 2 79 48 5 9 78 40 51 47 66 67 39 25 52 93 58 87 85 21 54 96 26 82 37 99 : 917.943
0 1 56 65 87 68 44 95 53 12 27 71 84 23 51 40 78 9 24 91 28 16 46 38 62 4 34 30 88 14 45 11 50 2 48 5 79 7 76 15 32 20 74 89 57 8 3 33 97 69 83 73 63 18 17 60 13 49 10 100 43 77 86 55 22 59 75 81 98 90 70 19 6 72 41 36 31 80 92 94 58 93 52 25 42 35 64 29 61 47 66 67 39 54 85 21 96 26 82 37 99 : 949.716
0 1 9 78 40 51 27 90 98 83 73 63 77 43 10 100 69 97 13 60 49 17 18 3 33 12 70 19 53 95 44 6 72 41 36 31 80 92 94 58 93 29 61 42 25 52 39 67 66 47 35 64 71 84 59 75 81 86 55 74 89 57 8 30 88 24 91 28 16 46 38 62 4 34 20 22 23 32 15 76 7 14 45 11 50 2 79 5 48 56 65 54 87 68 85 21 96 26 82 37 99 : 892.575
0 1 93 58 94 92 80 31 36 41 72 6 44 95 53 12 33 3 74 89 57 8 73 63 83 69 97 13 60 49 17 18 10 100 43 77 86 55 59 75 81 98 90 70 19 27 64 47 66 67 39 52 25 42 29 61 35 71 84 51 40 78 50 11 45 14 88 30 24 91 28 16 46 38 4 62 34 20 22 23 32 15 76 7 9 5 79 2 48 56 65 68 87 85 54 21 96 26 82 37 99 : 869.052
0 1 50 24 91 28 30 88 11 45 14 7 76 15 32 22 20 4 62 34 16 46 38 89 74 55 86 81 75 57 8 73 63 83 43 77 3 18 10 100 69 13 60 49 17 97 53 44 95 12 33 98 90 70 19 6 72 41 36 64 27 59 71 84 23 51 40 78 9 2 79 48 5 39 67 66 47 35 29 61 42 25 52 93 58 94 92 31 80 68 87 85 96 56 65 54 21 26 82 37 99 : 887.795
0 37 82 26 96 21 54 85 87 68 41 72 6 83 73 63 43 100 10 69 13 60 49 18 3 81 75 59 62 4 46 38 89 57 8 77 86 55 74 22 20 23 51 84 71 27 90 98 33 17 97 53 44 95 12 70 19 36 31 80 92 94 58 93 64 35 29 61 42 25 52 66 47 67 39 40 78 9 15 32 34 16 28 91 24 30 88 76 7 14 45 11 50 2 79 5 48 56 65 1 99 : 924.939
0 99 37 82 26 68 87 54 85 21 96 65 56 88 24 91 28 30 16 46 38 89 57 8 73 63 83 43 77 3 18 10 100 69 49 60 13 97 17 33 98 64 41 72 6 44 95 53 12 70 19 90 27 71 47 66 93 58 94 92 80 31 36 35 29 61 42 25 52 67 39 9 78 40 51 23 84 59 75 81 86 55 74 22 20 4 62 34 32 15 76 14 11 45 7 79 5 48 2 50 1 : 889.41
0 99 26 68 80 31 41 72 6 44 95 53 12 98 3 18 73 63 83 69 13 97 33 17 49 60 10 100 43 77 8 57 89 74 55 86 22 45 11 14 88 24 91 28 30 78 40 39 93 58 94 92 36 19 70 90 81 75 59 27 64 35 29 61 42 25 52 67 66 47 71 84 51 23 20 4 62 38 46 16 34 32 15 76 7 9 79 5 2 48 50 1 56 65 54 87 85 21 96 82 37 : 919.001
0 99 65 56 1 50 15 32 20 77 63 73 83 43 100 10 18 3 33 17 49 60 13 69 97 53 95 44 6 72 41 36 27 90 98 12 70 19 42 61 29 35 64 59 75 81 86 55 22 74 89 57 8 38 46 4 62 34 16 28 91 24 30 88 11 45 14 76 7 79 2 48 5 9 78 40 51 23 84 71 47 66 67 39 52 25 93 58 94 92 31 80 68 87 85 54 21 96 26 82 37 : 855.654
0 99 37 82 48 5 79 2 50 11 45 14 7 76 15 32 34 30 88 91 24 28 16 46 38 62 4 89 57 8 73 63 83 69 53 95 44 6 72 41 19 70 77 43 100 10 13 60 49 17 97 33 12 98 18 3 86 55 74 20 22 75 81 59 90 27 71 84 23 9 78 40 51 47 66 67 39 52 25 29 64 35 61 42 36 31 80 93 58 94 92 68 87 54 85 21 26 96 65 56 1 : 922.813
0 1 56 48 2 79 7 24 91 28 30 88 14 11 50 45 76 55 86 98 12 95 44 53 97 69 83 73 63 49 60 13 17 33 3 18 10 100 43 77 8 38 46 16 34 62 4 89 57 74 22 20 32 15 9 5 78 40 51 23 81 75 59 29 61 42 25 52 39 67 66 47 84 71 35 64 27 90 70 19 6 72 41 36 31 80 58 93 92 94 68 87 54 85 21 96 26 82 37 65 99 : 949.036
0 99 37 82 51 23 57 8 73 63 83 43 77 86 55 22 20 74 89 28 91 24 88 30 16 46 38 62 4 34 32 15 76 7 14 45 11 50 2 79 40 78 9 5 48 39 36 41 72 6 44 95 53 12 33 97 69 100 10 13 60 49 17 18 3 98 90 70 19 27 64 61 29 42 35 71 75 81 59 84 47 66 67 25 52 93 31 80 92 94 58 68 87 54 85 21 26 96 65 56 1 : 928.667
0 99 37 82 68 72 6 44 95 53 97 69 83 73 63 86 55 74 89 57 8 77 43 49 60 13 100 10 18 17 33 12 70 19 90 98 3 81 75 59 22 20 4 38 46 62 34 16 28 91 24 30 88 11 45 14 32 15 76 7 9 78 40 51 23 84 71 27 64 35 47 66 67 39 52 25 29 61 42 36 41 31 80 92 94 93 58 54 87 85 21 26 96 65 56 48 5 79 2 50 1 : 887.205
