0 1 48 2 50 11 45 14 7 79 5 9 78 32 15 76 88 30 24 91 28 16 34 46 38 8 73 63 83 18 98 90 12 33 97 53 95 44 6 72 41 80 92 94 58 93 31 36 19 70 27 64 35 29 61 42 25 52 67 66 47 84 71 59 86 55 74 57 89 62 4 20 22 75 81 3 17 49 60 13 69 100 10 43 77 23 51 40 39 54 87 68 85 21 26 96 65 56 82 37 99 : 921.701
0 37 26 21 85 54 87 68 80 31 92 94 93 25 52 39 67 66 35 64 27 70 19 72 41 36 58 65 96 82 99 56 48 2 79 5 9 78 40 51 47 61 42 29 71 84 23 32 34 4 62 46 38 89 74 55 77 43 18 3 59 81 75 98 90 12 33 17 60 13 97 53 44 6 95 49 10 100 69 83 63 73 8 57 86 22 20 15 76 7 45 14 30 16 28 91 24 88 11 50 1 : 954.654
0 1 50 76 34 46 16 28 91 24 30 88 11 45 14 7 51 84 47 66 29 61 42 36 31 80 92 94 58 93 25 52 67 39 54 85 87 68 41 72 6 44 53 95 19 70 90 98 75 59 23 15 32 20 57 8 73 63 83 43 81 71 35 64 27 12 33 17 49 60 13 97 69 100 10 18 3 77 86 55 4 62 38 89 74 22 40 78 9 5 79 2 48 56 65 96 21 26 82 37 99 : 969.315
0 99 65 94 92 80 68 87 54 85 21 96 26 82 37 56 48 2 79 5 9 39 67 52 25 93 58 31 36 41 72 6 44 95 53 97 69 83 63 73 8 46 91 24 28 62 4 34 76 14 45 11 88 30 16 38 89 57 77 86 55 74 22 20 32 15 23 84 47 66 42 61 29 35 71 59 75 98 90 27 64 19 70 12 33 17 13 60 49 10 100 43 18 3 81 51 40 78 7 50 1 : 964.912
0 1 50 11 24 91 28 62 4 86 77 3 18 10 100 69 13 60 49 17 33 97 53 95 44 6 72 41 80 68 85 21 26 82 37 96 54 87 94 58 65 56 48 2 5 9 79 7 45 14 76 15 32 20 22 55 74 89 38 46 34 16 30 88 78 40 51 47 66 42 61 29 35 84 23 57 8 73 63 83 43 70 19 36 31 92 93 67 71 59 75 81 98 12 90 27 64 25 52 39 99 : 1037.42
0 99 37 82 26 68 80 31 41 72 6 44 95 53 12 98 3 43 83 63 73 8 57 32 15 7 79 9 78 40 5 48 2 50 11 45 14 76 20 74 89 38 46 16 28 91 24 30 88 34 62 4 22 55 86 77 18 33 17 13 60 49 10 100 69 97 19 70 90 27 64 35 25 52 93 58 94 92 36 42 61 29 66 47 84 71 59 75 81 23 51 67 39 56 65 54 87 85 21 96 1 : 933.672
0 99 96 21 54 92 94 58 65 56 1 50 11 45 14 76 15 32 20 22 4 46 38 8 57 59 75 81 3 10 100 69 83 73 63 43 77 86 55 74 89 62 34 16 28 91 24 30 88 7 79 2 48 5 9 78 40 39 67 51 23 84 71 47 66 25 52 93 80 31 41 72 6 44 95 53 97 13 60 49 18 17 33 12 98 90 27 35 29 61 42 64 70 19 36 68 87 85 26 82 37 : 891.329
0 1 48 67 66 47 51 40 78 9 2 50 11 45 14 76 15 32 34 62 4 55 86 77 43 100 69 83 63 73 8 91 24 28 46 38 89 57 74 22 23 84 71 93 58 94 92 80 31 42 35 64 27 90 98 33 17 97 13 60 49 10 18 3 81 75 59 20 16 30 88 7 79 5 39 52 36 41 72 6 44 95 53 12 70 19 29 61 25 56 65 96 54 87 68 85 21 26 82 37 99 : 976.113
0 1 56 48 5 79 7 76 15 20 22 55 86 77 43 3 18 10 100 60 49 13 17 33 98 81 75 59 71 35 29 61 42 64 27 90 70 12 53 97 69 83 63 73 8 57 89 74 23 51 84 47 66 25 52 93 92 94 58 39 32 34 4 62 38 46 16 28 91 24 30 88 14 45 11 50 2 9 78 40 67 36 19 95 44 6 72 41 31 80 68 87 54 85 21 65 96 26 82 37 99 : 899.893
0 1 50 2 48 5 79 9 78 51 84 35 19 6 72 41 68 87 54 94 92 80 31 36 64 27 90 98 17 13 97 53 44 95 70 12 33 60 49 10 77 74 55 86 75 81 3 18 63 73 83 69 100 43 8 57 89 62 38 46 91 24 28 16 34 32 15 76 7 14 45 11 88 30 4 20 22 23 59 71 47 66 67 40 39 52 25 61 29 42 93 58 56 65 96 21 85 26 82 37 99 : 981.636
0 1 48 2 7 15 34 46 38 62 4 20 22 23 66 67 93 58 94 92 87 54 21 96 65 56 50 11 45 14 76 88 30 24 91 28 16 32 51 40 78 9 79 5 39 52 25 36 19 70 12 90 27 64 42 61 29 35 59 86 55 74 89 57 8 77 81 75 84 47 71 98 3 18 33 17 13 60 49 10 100 43 63 73 83 69 97 53 95 44 6 72 41 31 80 68 85 26 82 37 99 : 939.376
0 1 99 96 21 85 87 54 65 56 48 5 9 78 39 67 52 25 61 29 35 71 84 51 23 59 75 81 95 44 53 97 33 17 49 60 13 69 100 10 18 3 43 83 73 63 77 74 89 57 8 38 46 91 24 28 16 34 62 4 55 86 22 20 32 15 76 30 88 14 45 11 50 2 79 7 40 47 66 64 27 19 6 72 41 31 93 42 90 98 12 70 36 80 92 94 58 68 26 82 37 : 962.738
0 99 37 82 26 21 65 56 5 9 78 40 39 93 58 94 92 87 54 96 85 68 80 31 41 72 36 42 61 47 66 67 52 25 29 35 64 27 81 75 59 71 84 51 23 4 62 38 46 91 24 28 16 34 55 86 3 98 12 90 70 19 6 44 95 53 97 33 17 13 60 49 18 10 100 69 83 73 63 43 77 8 57 89 74 22 20 32 15 30 88 11 45 14 76 7 79 2 48 50 1 : 900.785
0 37 82 26 94 92 80 31 36 42 61 29 67 66 47 23 4 62 16 28 91 24 30 88 76 15 32 20 22 74 77 43 18 3 33 12 98 81 75 86 55 59 90 72 41 68 87 54 65 56 1 50 11 45 14 7 34 46 38 89 57 8 73 63 83 69 100 10 49 60 17 13 97 53 95 44 6 19 70 27 64 35 71 84 51 40 78 9 5 79 2 48 39 52 25 93 58 85 21 96 99 : 960.065
0 99 37 82 26 21 85 54 87 92 94 58 93 29 61 71 84 51 47 66 67 52 25 42 35 64 27 98 3 18 17 33 12 53 44 95 19 70 90 81 86 55 74 89 57 8 77 63 73 83 43 10 49 60 13 97 69 100 75 59 40 78 9 79 5 39 36 6 72 41 31 80 68 96 65 56 50 11 45 76 15 32 23 22 20 4 34 62 38 46 16 28 91 24 30 88 14 7 2 48 1 : 947.395
0 1 48 2 79 5 40 51 59 3 10 100 69 60 13 97 53 95 44 6 72 41 31 92 94 58 39 67 52 25 61 29 66 47 78 9 7 76 14 88 30 24 91 28 16 34 62 32 15 45 11 50 56 65 96 21 85 87 68 80 36 42 35 71 84 23 22 20 4 46 38 89 77 18 49 17 33 12 70 19 90 98 43 83 63 73 8 57 74 55 86 81 75 27 64 93 54 26 82 37 99 : 978.878
0 1 2 79 5 9 78 40 23 81 75 59 71 84 51 47 66 67 25 42 61 29 35 64 27 90 70 19 95 44 53 97 69 13 60 49 17 33 12 6 72 41 36 31 80 68 92 94 58 93 52 39 32 20 22 74 89 57 77 43 100 10 18 3 98 86 55 83 63 73 8 28 91 24 88 30 16 46 38 62 4 34 15 76 7 14 45 11 50 48 56 65 96 54 87 85 21 26 82 37 99 : 925.027
0 99 37 82 26 21 85 87 68 92 94 25 52 93 58 80 31 41 72 36 42 61 29 35 64 27 69 100 10 3 81 75 98 33 17 97 13 60 49 18 77 43 83 63 73 8 57 89 74 55 86 59 70 19 6 44 95 53 12 90 71 84 51 23 32 15 76 7 9 78 40 47 66 67 39 54 96 65 56 48 2 5 79 45 14 46 38 62 4 22 20 34 16 28 91 24 30 88 11 50 1 : 959.109
0 1 48 5 78 40 39 67 52 93 58 36 72 41 31 80 92 94 68 87 65 56 50 11 45 14 7 76 88 30 24 91 28 16 20 22 74 89 57 8 73 63 83 69 100 10 49 60 13 97 17 33 3 55 4 62 38 46 34 32 15 79 2 9 51 23 86 77 43 18 98 90 70 12 53 95 44 6 19 27 64 71 59 81 75 84 47 66 35 29 61 42 25 54 85 21 96 26 82 37 99 : 962.865
0 99 37 82 26 21 54 58 93 25 42 61 71 59 3 43 83 73 63 77 55 74 89 8 57 46 38 4 62 34 20 32 15 16 28 91 24 30 88 2 79 48 5 78 40 51 47 66 29 35 64 90 12 53 97 13 60 49 69 100 10 18 17 33 98 75 81 86 22 23 84 27 70 19 95 44 6 72 41 36 31 80 92 94 68 87 85 96 65 56 39 52 67 9 7 76 14 45 11 50 1 : 944.028
0 99 37 82 26 96 21 85 87 68 92 80 31 36 41 72 6 19 70 95 44 53 97 33 12 98 90 27 64 35 29 61 42 25 52 66 71 59 75 81 3 18 17 13 60 49 10 100 69 83 73 63 43 77 86 55 74 22 20 7 79 2 9 23 84 47 67 39 93 58 94 54 65 56 48 5 78 40 51 76 14 45 11 88 30 24 91 28 16 4 89 57 8 38 46 62 34 32 15 50 1 : 901.242
0 99 37 82 26 54 87 68 80 31 41 72 6 44 95 53 97 33 12 90 70 19 36 92 94 58 65 96 21 85 93 71 84 51 78 9 5 48 2 79 7 76 14 88 30 24 91 28 16 46 38 62 4 20 22 74 55 86 77 43 100 10 49 60 13 69 83 63 73 8 57 89 34 32 15 45 11 50 39 67 52 25 42 61 35 66 47 29 64 27 98 17 18 3 81 75 59 23 40 56 1 : 934.21
0 1 50 11 45 14 88 30 24 91 28 16 8 57 3 18 10 100 69 83 73 63 81 75 59 22 55 86 77 43 49 60 13 17 12 90 27 35 29 61 47 71 98 33 97 53 44 95 70 19 64 42 58 54 96 21 85 87 80 31 92 94 93 25 66 51 40 78 9 5 79 48 56 65 26 68 41 72 6 36 52 39 67 84 23 20 74 89 4 62 38 46 34 32 15 76 7 2 99 82 37 : 1035.61
0 99 65 93 42 61 29 35 64 27 90 98 3 18 43 63 73 83 69 97 53 95 44 6 72 41 94 58 56 1 50 2 48 5 59 75 81 86 55 32 15 76 14 11 45 7 79 9 78 22 74 57 89 62 4 20 51 40 39 67 52 25 66 47 71 84 23 34 16 28 91 24 88 30 46 38 8 77 100 10 49 60 13 17 33 12 70 19 36 31 80 92 68 87 54 85 21 96 26 82 37 : 979.955
0 21 85 54 87 68 80 31 36 25 52 66 47 84 23 32 34 16 28 91 24 30 88 11 45 79 5 56 65 96 26 82 37 99 39 42 61 29 71 59 75 81 3 98 90 70 19 27 64 35 40 78 9 7 14 76 15 20 86 77 43 100 10 18 49 97 53 44 6 72 41 95 12 33 17 60 13 69 83 63 73 8 57 89 38 46 62 4 74 55 22 51 67 93 92 94 58 48 2 50 1 : 1013.81
0 1 50 2 79 7 76 14 45 11 88 30 24 91 28 46 38 89 77 43 10 100 69 13 97 53 44 95 12 90 27 64 35 72 6 19 70 98 33 17 60 49 18 86 55 74 57 8 73 63 83 3 81 75 59 22 20 4 62 34 16 15 32 23 67 39 56 48 5 9 78 40 51 84 71 47 66 29 61 42 25 52 93 65 96 21 54 87 58 94 92 36 41 31 80 68 85 26 82 37 99 : 944.088
0 37 82 26 96 21 85 54 87 68 94 92 80 31 36 90 98 33 3 18 43 77 57 8 73 63 83 100 10 49 60 17 13 69 97 6 72 41 19 70 12 53 44 95 27 64 35 29 61 42 39 56 1 50 2 48 5 79 7 76 15 32 4 62 34 16 28 24 91 46 38 89 74 55 86 81 75 59 22 20 23 51 40 78 9 14 30 88 11 45 67 84 71 47 66 25 52 93 58 65 99 : 984.076
0 1 50 11 88 24 91 28 34 32 15 23 86 55 22 20 4 62 38 46 16 30 14 45 76 7 79 2 48 56 65 96 21 85 54 68 94 58 93 42 29 61 25 52 67 39 5 9 78 40 51 84 71 59 75 81 3 18 49 60 10 43 77 74 89 57 8 73 63 83 100 69 13 17 12 70 19 27 90 64 35 66 47 98 33 97 53 95 44 6 72 41 36 31 80 92 87 26 82 37 99 : 918.59
0 1 50 11 45 14 7 76 34 16 28 91 24 30 88 15 32 20 22 74 89 57 55 86 3 98 90 27 64 47 66 67 23 4 62 46 38 8 77 17 97 13 60 49 10 100 69 83 73 63 43 18 33 12 70 19 95 53 44 6 72 41 36 31 80 92 94 68 87 54 65 56 48 2 79 5 9 52 25 42 61 29 35 71 81 75 59 84 51 40 78 39 93 58 85 21 96 26 82 37 99 : 917.505
0 1 50 2 79 5 9 78 40 67 39 48 56 65 96 21 85 54 58 93 52 25 61 29 47 66 51 7 76 30 24 91 28 46 89 57 74 4 62 20 22 71 84 23 32 34 15 14 45 11 88 16 38 8 73 63 83 69 13 10 100 43 77 55 86 59 75 81 3 18 49 60 17 98 90 27 64 35 42 94 92 31 41 72 6 19 70 12 33 97 53 95 44 36 80 68 87 26 82 37 99 : 985.771
