0 58 54 85 41 31 94 72 53 95 13 81 15 59 78 66 80 97 17 64 61 40 86 22 55 3 10 49 100 57 43 34 14 88 16 28 5 1 99 37 39 26 82 35 74 77 20 8 42 90 33 70 65 18 75 67 87 23 71 21 79 2 51 48 6 44 83 84 12 47 98 93 56 19 52 4 24 89 9 36 46 91 73 63 60 38 62 27 76 32 45 7 30 11 25 69 29 50 96 92 68 : 3101.15
0 48 99 21 2 24 94 14 15 79 76 1 17 83 47 23 9 42 80 64 27 61 97 53 70 44 72 41 36 93 85 96 26 31 82 25 67 54 58 66 90 71 98 3 92 75 19 39 56 87 68 51 22 91 45 11 81 29 77 55 86 20 46 28 8 38 52 78 89 12 69 73 100 13 95 60 18 63 59 16 30 37 7 84 4 40 50 88 65 34 43 33 49 57 74 10 62 32 6 35 5 : 3040.76
0 68 87 25 50 9 30 79 14 38 74 18 60 13 17 44 100 32 34 62 67 15 7 2 6 72 52 93 19 10 53 33 41 78 4 55 47 58 21 43 8 84 51 86 94 59 20 22 65 96 92 82 28 89 88 91 24 69 49 57 76 99 42 36 95 80 71 12 73 63 83 35 66 40 39 16 11 45 1 48 56 98 61 29 23 5 46 81 90 75 3 85 54 77 97 70 31 64 27 26 37 : 3045.24
0 48 21 37 65 1 74 71 80 64 24 28 20 81 47 77 10 13 53 49 83 63 43 73 3 18 8 88 29 30 11 36 27 35 39 79 44 46 7 34 50 86 22 51 6 72 32 56 41 55 57 76 93 26 68 94 87 33 69 17 60 5 2 23 59 85 31 52 90 19 95 70 98 100 75 67 78 58 92 42 12 38 4 89 91 96 16 15 61 97 66 9 14 45 62 40 84 25 54 82 99 : 3079.83
0 99 82 26 92 27 51 80 79 2 15 32 83 33 89 63 73 10 13 52 1 42 98 61 69 19 31 39 35 68 85 37 96 54 25 58 94 93 48 14 71 18 60 95 97 22 9 46 16 45 30 76 74 28 24 57 12 5 62 8 20 75 43 77 3 23 70 41 21 56 64 100 65 78 88 72 36 49 86 4 59 87 7 6 53 44 40 29 47 34 81 17 55 38 11 91 50 66 84 90 67 : 3121.1
0 82 78 16 56 80 41 95 90 52 32 66 51 25 85 96 39 24 28 7 57 3 63 70 13 48 1 9 2 74 38 88 4 20 15 62 11 14 84 75 21 31 36 19 72 44 29 76 91 30 81 5 65 99 58 92 33 49 60 100 89 73 8 10 59 35 27 55 69 43 83 77 98 23 34 87 37 67 42 6 71 26 50 79 47 12 86 64 53 97 17 94 68 93 46 61 45 40 18 22 54 : 3088.42
0 90 52 93 54 65 26 87 81 59 23 24 16 74 28 39 31 96 68 92 27 5 15 89 36 50 1 84 42 97 49 17 12 78 56 11 14 88 91 41 58 29 25 21 94 9 6 3 44 33 98 77 46 79 48 51 80 85 82 99 37 47 30 45 20 22 32 64 72 40 71 35 53 75 8 63 69 10 95 60 83 57 38 4 62 66 2 67 34 55 18 19 7 100 43 73 86 76 13 70 61 : 3026.42
0 5 48 27 33 58 29 66 20 76 34 91 11 51 53 12 96 19 60 83 63 10 69 18 70 36 9 79 94 56 65 35 31 41 42 39 14 88 62 40 67 84 71 74 38 54 95 30 4 100 3 49 97 45 17 44 6 64 72 85 82 52 37 21 99 26 47 68 2 22 57 86 55 43 77 75 73 89 46 24 59 28 16 81 7 80 93 25 32 13 98 90 8 15 1 50 87 78 23 61 92 : 3097.62
0 48 29 31 25 1 56 44 99 39 14 78 43 17 100 47 3 12 54 96 37 67 64 32 50 86 40 71 13 2 98 95 87 11 27 80 9 51 90 94 92 5 52 85 21 70 33 23 55 49 83 63 73 18 69 97 72 41 35 38 57 62 46 22 79 66 20 8 74 4 89 34 36 7 91 24 30 45 15 58 28 77 81 75 59 19 6 53 10 60 84 65 82 42 76 88 16 61 93 68 26 : 3102.87
0 46 73 63 83 15 48 66 51 84 64 3 69 42 61 25 40 90 92 1 56 36 74 75 30 24 91 76 34 94 81 71 93 27 98 53 13 17 89 8 7 31 41 96 65 54 35 55 95 43 86 11 28 4 62 16 88 47 38 12 68 70 6 72 58 67 23 77 52 9 87 39 22 19 10 49 60 79 2 82 21 50 14 45 80 32 78 20 85 26 29 100 44 33 18 97 57 59 99 37 5 : 3149.63
0 65 94 95 74 14 45 16 9 92 93 66 23 22 55 30 46 59 42 96 49 60 3 43 33 51 88 4 62 83 77 34 15 38 24 54 82 21 2 58 56 8 13 10 69 86 29 61 71 64 90 100 18 63 73 89 91 28 7 40 79 72 19 68 41 12 75 85 31 35 78 53 39 80 44 99 26 52 67 27 36 84 32 76 5 48 6 87 25 98 57 11 81 70 97 47 17 20 50 1 37 : 3096.58
0 4 90 95 82 99 65 1 56 45 14 62 8 74 9 52 5 84 27 22 48 16 40 89 59 7 43 85 26 10 54 25 80 58 91 24 88 32 86 3 30 79 50 2 47 78 96 21 67 93 41 94 68 92 6 13 73 63 77 75 76 11 34 20 61 87 42 83 55 100 49 23 15 66 38 46 28 57 33 72 18 60 44 69 97 19 64 17 31 39 81 98 12 51 71 35 29 70 53 36 37 : 3078.5
0 87 56 99 79 12 78 1 88 28 97 17 18 45 34 11 16 91 24 14 5 25 54 75 22 66 100 53 38 30 32 23 84 71 48 9 29 37 31 83 49 33 3 43 93 95 59 27 41 42 68 85 82 26 2 40 35 44 6 80 55 70 19 57 46 60 69 90 47 76 74 67 39 61 64 50 20 62 7 15 52 36 51 72 98 77 86 73 8 63 13 92 58 65 96 81 10 4 89 94 21 : 3138.29
0 94 77 10 18 60 98 83 63 73 70 32 38 35 52 71 84 33 89 43 100 17 44 37 96 21 65 82 2 50 48 6 95 64 19 30 14 29 16 91 24 49 13 47 25 59 40 99 54 85 28 5 1 67 31 23 39 72 26 90 27 8 87 68 45 7 55 34 62 4 78 79 61 12 93 58 36 9 56 57 46 22 20 51 66 42 41 97 53 69 11 74 86 88 15 81 92 80 75 3 76 : 3149.78
0 48 76 9 6 72 80 61 64 34 62 28 46 8 38 86 89 88 14 42 29 74 17 81 100 69 60 57 19 31 23 97 15 20 32 27 36 21 4 58 39 47 35 84 43 53 33 77 30 93 25 22 45 67 5 51 41 70 71 3 73 13 65 96 2 94 90 10 98 49 75 7 52 59 44 63 83 18 40 11 91 24 16 82 50 54 85 92 12 95 78 66 87 56 55 26 68 37 99 79 1 : 3157.32
0 82 72 93 61 64 50 99 34 4 74 57 6 81 19 52 92 68 85 29 75 59 51 9 36 80 87 67 47 33 10 43 76 37 21 1 16 22 88 2 24 28 30 11 69 8 73 49 83 12 13 31 94 54 26 7 27 17 56 55 63 71 3 60 86 62 89 5 38 32 41 90 53 95 18 100 25 35 40 46 97 44 70 58 77 66 91 14 45 98 84 42 78 15 20 79 48 39 23 65 96 : 3161.29
0 65 31 64 78 84 98 97 13 33 86 51 82 88 62 27 58 6 25 63 53 10 34 30 3 29 39 68 21 17 69 49 60 35 42 61 92 75 46 16 1 20 47 12 93 41 43 80 36 54 37 99 50 2 79 45 38 73 4 77 8 100 18 83 57 24 91 28 32 5 89 55 22 70 26 87 96 15 48 81 59 71 95 72 94 66 67 56 9 76 74 40 90 23 44 19 11 14 7 85 52 : 3112.63
0 87 29 45 89 63 95 6 70 79 16 100 17 53 49 8 38 81 67 13 60 10 47 69 83 73 34 74 50 15 86 88 14 28 24 91 93 19 33 42 61 82 64 94 41 58 52 46 22 32 30 57 77 12 26 1 56 51 5 2 7 84 90 75 43 4 23 78 96 71 98 99 9 44 97 18 76 11 40 92 68 36 20 55 27 39 48 62 25 72 31 85 65 66 35 54 59 3 80 21 37 : 3163.69
0 90 12 44 97 69 13 25 14 20 78 87 89 5 82 81 98 33 18 17 67 59 83 73 77 100 49 3 47 61 50 66 58 40 84 29 99 96 11 23 42 31 93 70 71 62 57 10 63 43 34 32 51 60 75 65 88 30 91 28 45 79 76 38 46 15 74 86 24 22 36 95 92 53 72 39 35 6 54 94 68 26 48 9 64 7 8 21 52 19 27 41 85 56 37 80 16 55 4 2 1 : 3078.51
0 31 67 93 37 1 85 87 44 64 25 59 68 75 35 61 86 51 80 29 4 55 74 62 27 92 6 41 94 26 65 45 14 2 96 82 36 98 97 12 9 48 5 66 54 72 70 42 33 30 73 63 38 8 3 81 53 95 90 34 16 77 18 83 60 69 17 21 56 15 78 76 99 50 71 52 39 58 23 11 57 84 10 89 49 13 19 100 43 7 46 28 20 40 22 24 91 88 32 79 47 : 3029.73
0 96 26 92 68 21 50 11 88 14 7 38 76 89 18 51 45 30 91 32 59 39 5 93 82 66 80 54 99 56 94 97 33 100 84 60 23 4 57 63 83 6 19 49 13 53 71 81 29 52 95 3 44 98 77 42 75 73 17 58 67 31 61 24 47 43 86 55 34 90 35 72 41 85 1 37 16 28 36 27 64 70 87 65 22 78 48 25 10 8 62 69 46 15 79 9 2 40 20 12 74 : 3118.35
0 84 21 19 70 44 95 97 29 13 98 12 100 3 79 62 38 89 55 57 76 66 47 85 65 96 87 88 14 24 40 52 80 26 90 73 59 22 53 83 35 27 42 10 60 68 71 11 67 15 28 46 23 32 6 5 94 92 99 37 25 82 31 72 61 39 56 48 50 1 78 81 77 63 69 41 36 8 16 58 93 64 54 2 7 9 18 34 30 91 51 4 20 86 43 49 33 17 75 74 45 : 3080.7
0 78 14 40 24 28 91 12 17 47 65 52 60 33 6 95 36 59 72 87 21 11 16 8 20 98 32 84 69 10 94 41 70 13 25 1 67 5 51 93 35 56 96 90 18 58 82 42 61 71 74 38 89 86 22 92 27 64 97 100 81 53 3 80 54 68 37 99 66 62 4 77 83 49 43 15 45 88 50 46 57 2 79 85 26 44 19 9 76 7 30 48 29 34 55 23 39 31 75 63 73 : 3166.33
0 82 68 36 56 62 46 4 24 86 8 65 20 26 99 21 29 57 73 55 25 66 44 49 18 14 89 80 71 39 42 70 74 15 88 32 23 10 100 83 69 53 6 27 64 95 77 60 75 5 41 47 98 13 97 59 51 79 28 9 31 19 84 40 72 54 87 76 7 2 91 22 81 61 85 58 94 92 52 11 48 1 93 37 67 35 12 3 63 17 33 43 90 96 30 45 50 38 16 34 78 : 3096.46
0 5 78 22 3 83 73 71 84 51 60 57 89 4 88 30 91 24 14 2 87 58 92 53 44 12 17 32 55 75 10 100 98 90 6 54 20 62 48 68 85 96 99 52 25 36 31 93 37 82 80 42 97 13 86 63 64 41 19 69 72 35 23 81 26 28 45 46 34 77 59 70 94 40 66 9 56 61 67 21 47 50 76 11 43 7 16 39 95 65 29 33 15 79 38 49 18 8 27 74 1 : 3071.59
0 54 70 12 64 58 52 41 23 20 89 74 8 91 48 21 40 45 9 4 61 53 27 79 84 78 75 14 5 1 59 6 33 10 69 71 98 76 88 3 83 57 86 35 97 49 100 73 63 81 15 34 28 24 16 38 95 65 47 62 43 56 7 51 25 36 92 26 68 80 99 96 87 31 22 46 50 2 93 85 30 32 39 66 42 44 55 13 18 77 60 17 29 19 67 90 11 37 82 72 94 : 3071.45
0 26 68 80 31 41 70 97 86 38 11 59 43 81 33 71 18 95 94 85 54 96 15 34 19 12 36 92 82 47 84 56 93 73 10 53 69 13 90 75 6 7 51 72 44 52 76 20 32 23 8 45 14 2 78 46 99 30 22 74 62 16 88 5 61 3 17 55 49 100 64 25 50 21 1 4 37 87 40 35 29 48 28 79 57 91 24 89 27 67 42 63 83 77 60 98 66 9 58 65 39 : 3106.78
0 65 41 31 94 50 39 71 44 53 57 35 20 89 8 10 83 97 60 22 70 52 25 48 38 47 80 26 82 29 59 55 66 67 46 92 54 87 58 34 24 30 32 73 69 18 23 28 91 88 7 5 81 33 6 12 96 27 17 95 13 77 63 100 43 74 3 90 75 86 1 40 15 9 2 78 61 68 21 99 14 51 19 84 76 49 62 4 72 42 93 36 85 98 16 64 79 11 45 56 37 : 3046.06
0 20 75 44 70 10 69 49 17 100 81 91 38 71 86 3 32 61 64 52 23 5 65 72 6 31 74 28 27 60 19 78 4 77 15 16 57 34 55 22 8 63 73 85 39 79 40 30 46 62 14 59 89 76 24 45 2 51 42 58 29 84 12 7 11 88 18 56 41 36 97 98 13 33 53 83 43 25 96 68 54 21 35 95 93 92 80 9 26 1 99 48 50 94 67 87 66 90 47 37 82 : 3015.59
0 1 47 67 89 75 53 8 90 77 46 56 9 76 88 7 14 4 38 79 16 45 13 72 95 44 70 35 12 60 10 43 30 20 11 93 85 61 58 64 80 66 21 87 5 71 32 62 63 84 18 73 3 27 34 100 17 25 74 57 91 24 28 31 54 82 2 39 99 81 98 33 36 6 19 26 65 22 23 55 49 83 97 69 86 59 78 15 48 37 96 52 40 50 94 92 68 51 42 41 29 : 3101.72
