0 1 65 56 48 2 5 79 7 45 14 76 15 20 22 23 51 40 78 9 32 34 62 89 74 77 63 83 69 97 13 18 3 86 55 81 75 59 84 71 27 35 29 61 42 47 67 50 11 88 30 24 91 28 16 46 38 4 57 8 73 43 100 10 49 60 17 33 98 90 19 70 12 53 95 44 6 72 36 64 66 39 52 25 93 58 94 92 80 31 41 68 87 54 85 21 96 26 82 37 99 : 970.218
0 99 37 82 26 21 85 93 42 61 29 35 64 27 90 98 33 17 60 18 3 71 66 78 9 7 45 14 76 15 32 20 4 62 34 16 28 91 24 30 88 11 22 86 23 51 40 39 47 84 59 75 81 55 74 57 89 38 46 8 77 43 63 73 83 69 100 10 49 13 97 12 70 19 95 53 44 6 72 41 80 31 36 25 67 52 58 94 92 68 87 54 96 65 56 48 5 79 2 50 1 : 963.494
0 99 82 26 21 54 87 94 80 72 19 70 17 13 60 49 10 100 43 63 73 83 69 97 53 95 44 6 41 58 66 47 23 22 74 57 89 38 8 77 86 55 59 75 81 98 3 18 33 12 90 27 64 35 29 61 71 84 51 40 78 20 4 62 34 46 16 28 91 24 30 88 32 15 76 7 14 45 11 50 2 79 9 5 48 1 96 85 68 92 31 36 93 52 25 42 67 39 56 65 37 : 1010.42
0 1 50 79 7 76 14 45 11 88 30 24 91 28 16 38 62 32 20 22 55 86 81 75 59 71 84 47 66 39 61 29 64 27 90 70 12 33 17 13 3 77 8 57 89 74 4 46 34 15 23 51 40 78 9 5 2 48 56 54 94 25 52 67 35 42 36 72 6 44 95 53 97 69 83 73 63 43 100 10 60 49 18 98 19 41 31 80 92 93 58 68 87 85 21 65 96 26 82 37 99 : 963.416
0 1 50 11 45 79 9 78 67 39 5 2 48 56 21 85 94 92 80 31 36 41 72 6 44 95 53 12 33 17 97 13 60 49 10 77 8 57 89 22 20 4 62 15 14 88 30 24 91 28 16 46 38 34 32 76 7 40 51 66 25 35 64 19 70 98 3 18 100 69 83 73 63 43 86 55 74 23 59 75 81 90 27 71 84 47 29 61 42 52 93 58 68 87 54 65 96 26 82 37 99 : 968.484
0 56 65 58 94 36 72 41 31 80 68 87 21 26 99 1 48 5 9 79 2 50 11 45 14 7 76 88 24 91 28 34 46 38 8 57 89 74 20 32 15 30 16 62 4 22 55 86 81 3 43 100 10 18 49 60 13 17 33 12 90 71 84 47 67 29 35 64 27 70 19 6 44 95 53 97 69 83 73 63 77 98 75 59 23 51 40 78 39 66 61 42 25 52 93 92 54 85 96 82 37 : 978.577
0 37 82 26 54 87 92 36 6 72 41 31 80 94 93 58 68 85 21 96 1 50 48 39 78 32 34 4 62 46 38 8 77 43 100 18 3 17 33 53 97 13 60 49 10 69 83 63 73 57 74 55 86 22 20 23 15 76 7 14 45 11 88 30 24 91 28 16 89 59 71 84 47 66 67 52 25 42 61 29 35 64 27 98 12 95 44 19 70 90 81 75 51 40 9 5 79 2 56 65 99 : 1016.56
0 1 50 2 79 5 9 7 76 30 24 91 28 16 34 62 4 20 22 74 89 57 8 38 46 88 11 45 14 15 32 55 86 77 43 63 73 83 100 69 13 33 98 90 27 71 47 51 40 78 67 39 94 92 80 54 65 96 85 87 68 31 41 72 6 19 70 64 42 35 84 23 59 75 81 3 18 10 49 60 17 97 12 53 95 44 36 61 29 66 25 52 93 58 48 56 21 26 82 37 99 : 991.401
0 1 65 54 85 87 68 80 31 92 94 93 52 39 78 40 51 23 81 59 71 64 19 70 95 53 97 33 12 90 27 35 29 61 42 25 67 47 22 55 86 75 3 17 13 60 49 10 69 83 43 77 57 89 74 4 62 38 8 73 63 100 18 98 44 6 72 41 36 58 66 84 20 34 46 30 88 11 14 7 76 15 32 16 28 91 24 45 50 2 79 9 5 48 56 96 21 26 82 37 99 : 1060.46
0 37 82 26 68 85 54 21 96 1 48 5 9 79 50 45 14 88 15 32 20 22 77 43 63 73 83 69 100 10 18 3 98 90 27 70 19 72 6 44 95 12 33 17 49 60 13 97 53 41 80 31 36 25 42 61 29 35 64 71 59 75 81 86 55 74 89 57 8 38 46 62 4 34 16 28 91 24 30 11 2 7 76 23 51 84 47 66 67 40 78 39 52 93 58 94 92 87 65 56 99 : 960.345
0 1 48 2 50 11 45 14 88 7 32 34 62 4 22 20 15 76 30 24 91 28 16 46 38 8 73 63 83 69 100 18 3 12 53 95 6 72 41 31 80 68 92 94 58 93 36 44 97 13 60 49 10 43 17 33 98 90 70 19 27 64 35 42 25 39 40 51 75 81 77 57 89 74 55 86 59 23 84 71 47 66 29 61 52 67 78 9 79 5 56 65 54 87 85 21 96 26 82 37 99 : 984.152
0 1 56 39 67 66 52 25 42 61 29 35 64 70 12 33 97 17 49 60 13 69 100 18 98 90 27 19 95 53 44 6 72 41 47 40 51 23 84 71 59 86 55 74 4 62 34 46 38 89 57 8 73 63 83 10 43 77 3 81 75 22 20 78 9 79 2 50 11 45 14 76 15 32 16 28 91 24 30 88 7 5 48 65 96 85 68 80 31 36 93 58 94 92 87 54 21 26 82 37 99 : 960.846
0 1 56 65 92 94 58 93 67 25 42 61 29 35 64 27 75 81 3 18 77 63 73 83 100 13 97 53 44 12 98 59 84 23 34 16 30 88 14 76 7 50 5 39 52 66 47 71 51 40 78 32 15 9 48 2 79 45 11 24 91 28 46 38 62 4 20 22 86 55 74 89 57 8 43 10 69 60 49 17 33 90 70 19 95 6 72 41 36 31 80 68 87 54 85 21 96 26 82 37 99 : 991.721
0 99 37 82 26 68 87 54 85 21 96 65 58 94 92 80 31 41 93 39 50 88 30 76 15 23 51 84 47 66 71 90 95 44 53 12 98 81 75 59 27 70 19 64 35 29 61 42 67 52 25 36 72 6 33 3 18 10 49 60 17 13 97 69 100 83 73 63 43 77 8 57 89 74 55 86 22 20 38 46 91 24 28 16 34 62 4 32 7 14 11 45 79 9 78 40 5 2 48 56 1 : 993.69
0 1 56 48 5 79 2 50 11 45 14 7 76 88 30 24 91 28 16 34 46 38 62 4 20 22 86 55 74 89 57 8 77 3 18 33 12 90 27 70 6 44 95 53 97 60 49 10 100 43 63 73 83 69 13 17 98 81 75 59 19 64 35 71 84 23 32 15 9 78 40 51 39 67 66 47 29 61 42 25 52 93 58 94 92 36 72 41 31 80 68 87 54 85 21 65 96 26 82 37 99 : 875.009
0 1 65 56 2 50 11 45 14 76 7 79 9 51 23 20 34 46 38 8 89 57 86 40 78 5 48 39 52 67 66 47 27 90 12 17 13 60 49 10 100 69 83 73 63 43 77 74 4 62 16 28 91 24 30 88 15 32 22 55 81 75 59 84 71 35 64 19 70 98 3 18 33 97 53 95 44 6 72 41 36 42 29 61 25 93 58 94 92 31 80 68 87 54 85 21 96 26 82 37 99 : 942.473
0 99 37 82 96 58 94 31 68 87 54 85 21 26 65 48 9 40 84 19 98 33 17 49 60 13 97 53 95 6 72 41 36 80 92 93 42 61 29 35 64 70 44 12 90 27 71 59 3 77 43 63 73 83 69 100 10 18 81 75 86 55 74 89 8 4 32 23 51 78 39 67 52 25 66 47 20 22 57 38 46 62 34 16 28 91 24 30 88 15 76 7 14 45 11 50 2 79 5 56 1 : 1026.7
0 1 65 96 21 58 52 25 66 61 42 35 64 90 44 95 12 98 75 81 77 74 89 57 8 73 63 83 43 100 69 10 18 3 33 17 49 60 13 97 53 6 72 41 36 19 70 27 29 71 59 86 55 22 4 62 38 46 16 34 20 32 15 79 2 7 76 30 28 91 24 88 14 45 11 50 56 48 5 9 78 40 51 23 84 47 67 39 93 94 92 31 80 68 87 54 85 26 82 37 99 : 959.418
0 48 5 78 40 39 52 25 42 61 64 35 66 47 71 84 51 79 45 14 76 34 32 23 55 86 77 43 100 10 18 3 81 75 59 98 90 12 33 17 97 13 60 49 69 83 63 73 8 57 89 74 22 20 4 62 38 46 16 28 91 24 30 15 9 67 29 27 70 19 95 53 44 6 72 41 36 31 80 92 94 93 58 68 87 54 85 21 26 96 65 56 2 7 88 11 50 1 99 82 37 : 968.356
0 99 37 82 26 96 21 85 87 54 65 56 48 79 40 39 93 58 94 92 68 80 31 41 72 36 42 25 52 67 47 71 98 33 13 60 18 3 77 43 63 73 83 69 100 10 49 17 97 12 53 95 44 6 19 70 90 27 64 29 35 61 66 84 51 76 15 32 4 62 46 89 74 55 22 20 23 59 75 81 86 57 8 38 34 16 28 91 24 30 88 11 45 14 7 9 78 5 2 50 1 : 930.111
0 99 82 21 85 54 87 68 94 31 41 72 6 19 70 93 52 25 42 29 64 90 98 12 95 44 53 97 100 83 73 63 77 8 57 74 89 38 46 62 4 20 22 55 86 81 33 17 49 60 13 69 10 43 18 3 75 59 23 84 71 61 66 47 51 40 78 39 5 48 2 79 7 76 88 30 24 91 28 16 34 32 15 14 11 45 9 67 35 27 36 80 92 58 96 26 37 65 56 50 1 : 1012.04
0 99 37 82 26 96 21 85 54 87 68 41 72 36 31 80 92 94 58 93 61 84 47 67 39 78 9 50 11 45 14 7 76 15 32 23 20 22 86 89 16 28 91 24 30 88 34 4 62 46 38 8 57 74 55 77 63 73 83 69 100 10 18 17 33 98 59 75 81 3 43 49 60 13 97 53 95 44 6 19 70 12 90 27 64 35 29 42 25 52 66 71 51 40 5 79 2 48 56 65 1 : 926.235
0 99 37 82 26 68 87 54 85 21 96 65 93 58 94 92 80 31 36 41 72 19 70 90 27 64 42 29 35 71 84 51 78 23 59 3 49 60 13 12 6 44 95 53 69 100 18 81 75 98 33 97 17 10 83 73 63 43 77 86 55 74 89 57 8 38 46 4 34 16 28 91 24 30 88 76 9 40 15 32 62 20 22 47 66 61 25 52 67 39 56 48 2 5 79 7 14 45 11 50 1 : 975.54
0 82 26 21 85 54 87 68 92 31 36 41 72 6 44 95 90 42 61 29 47 84 75 3 18 10 100 69 13 60 49 17 33 97 53 12 70 19 64 35 27 98 59 81 77 43 83 63 73 8 57 4 62 16 28 91 24 30 88 15 34 46 38 89 74 55 86 71 51 23 22 20 32 76 14 11 45 7 79 5 9 78 40 39 67 66 25 52 93 58 94 80 96 1 50 2 48 56 65 37 99 : 977.916
0 1 56 48 5 9 78 40 15 32 34 62 46 16 28 91 24 30 88 76 14 45 11 50 2 79 7 4 20 22 55 86 77 57 74 89 38 8 73 63 83 43 69 13 18 81 75 59 23 51 84 47 67 39 58 94 92 80 31 36 72 6 44 95 53 33 98 3 10 100 49 60 17 97 12 70 27 64 35 29 61 42 25 93 52 66 71 90 19 41 68 87 54 85 21 65 96 26 82 37 99 : 963.686
0 1 48 5 39 52 61 29 35 66 47 51 84 71 64 27 90 70 19 31 68 92 94 58 93 25 36 80 41 6 44 98 33 97 13 60 49 17 18 10 100 69 83 73 63 43 77 55 74 89 57 8 38 46 34 62 4 20 22 86 23 59 75 81 3 12 53 95 72 42 67 40 78 9 32 15 76 7 45 50 11 88 30 24 91 28 16 14 79 2 56 65 54 87 85 21 96 26 82 37 99 : 1010.74
0 1 50 11 79 2 48 56 65 68 92 93 25 29 66 47 51 78 67 58 94 80 6 44 95 53 12 97 17 13 69 100 10 43 83 63 73 8 57 89 74 22 55 86 81 75 59 23 84 71 61 42 52 39 40 9 5 7 76 15 32 38 46 16 28 91 24 30 88 45 14 34 62 4 20 77 3 18 49 60 33 98 90 27 35 64 70 19 72 41 36 31 87 54 85 21 96 26 82 37 99 : 992.655
0 1 96 21 85 54 87 68 31 42 29 66 67 52 39 9 78 40 51 84 71 47 35 61 25 93 58 94 92 80 36 41 72 19 64 27 59 75 81 77 18 17 69 97 53 95 44 6 70 90 12 33 98 3 49 60 13 10 100 43 83 63 73 8 57 89 38 46 28 91 24 30 88 76 16 34 62 4 74 55 86 22 20 23 32 15 7 14 45 11 50 2 79 5 48 56 65 26 82 37 99 : 948.464
0 48 5 51 15 7 14 45 11 88 30 24 91 28 16 46 38 89 74 55 57 8 73 63 83 43 77 86 22 20 4 62 34 32 76 79 56 65 99 37 82 26 96 21 85 54 87 68 94 92 80 31 36 41 72 6 19 70 64 71 84 59 75 81 98 33 3 18 10 100 69 13 60 49 17 97 53 44 95 12 90 27 35 29 61 42 25 52 93 58 39 67 66 47 23 40 78 9 2 50 1 : 918.836
0 1 56 48 5 9 39 67 25 66 47 71 59 51 40 78 32 34 62 4 20 23 84 75 81 86 55 22 74 89 38 16 15 14 7 79 2 50 11 45 76 88 30 24 91 28 46 8 57 77 43 63 73 83 69 100 10 18 3 17 49 60 13 97 33 70 19 95 6 72 52 65 96 21 85 54 87 92 94 58 93 42 61 29 35 64 27 90 98 12 53 44 41 36 31 80 68 26 82 37 99 : 1010.74
