0 1 99 82 56 48 2 50 11 45 14 88 91 24 28 30 16 4 22 20 38 46 34 62 74 57 8 89 55 86 77 43 63 73 83 69 10 18 3 97 81 59 75 23 39 40 32 15 76 7 79 5 9 51 61 84 71 66 25 42 29 52 67 78 47 64 35 27 90 98 100 13 60 17 33 49 53 95 12 70 19 44 6 72 41 36 68 93 58 94 92 80 31 87 54 85 21 26 65 96 37 : 1086.87
0 99 37 1 56 48 79 5 78 9 15 32 20 22 62 34 4 55 86 81 75 59 77 43 10 18 33 3 49 60 13 100 69 83 73 63 74 57 8 89 38 46 16 28 24 91 88 30 76 11 50 2 45 14 7 40 52 25 39 23 51 67 6 44 95 53 97 17 12 98 90 27 64 70 19 29 35 42 47 66 71 84 61 36 72 41 80 31 92 93 58 94 68 54 85 87 21 26 96 82 65 : 1078.48
0 99 96 65 85 26 21 87 54 93 94 92 31 41 72 6 95 44 53 12 60 49 13 97 17 33 3 18 10 100 69 43 77 83 73 63 8 57 89 74 22 76 79 5 2 48 9 78 15 32 38 46 4 62 34 16 88 28 91 24 30 45 11 50 14 7 20 55 86 59 81 75 98 90 27 70 19 35 64 29 61 47 42 25 52 36 80 68 58 67 51 66 71 84 23 40 39 56 1 37 82 : 1062.39
0 37 21 87 85 54 26 96 68 92 36 58 25 29 42 61 64 35 27 90 71 66 47 52 93 94 80 31 41 72 6 12 70 19 95 44 53 97 17 49 18 100 83 63 73 43 10 69 13 60 33 98 3 75 59 81 22 77 38 46 15 32 20 89 57 8 86 55 74 4 62 34 16 28 24 91 88 30 76 7 14 45 11 50 2 79 5 48 78 40 9 51 23 84 67 39 56 65 82 99 1 : 1028.2
0 99 82 26 85 21 96 5 9 78 76 7 14 11 45 50 79 2 48 39 52 42 35 64 27 98 86 55 74 89 22 20 4 46 38 8 57 62 34 16 91 28 24 88 30 15 32 71 23 66 61 36 41 72 6 95 44 12 19 70 90 33 17 53 97 13 18 49 60 10 69 100 83 73 63 43 77 3 75 59 81 51 84 47 29 25 67 40 93 80 31 94 92 58 68 87 54 65 37 56 1 : 1093.22
0 56 65 85 68 92 36 31 41 72 6 44 95 53 12 33 49 60 17 13 97 69 100 10 18 3 98 83 73 63 43 77 86 55 38 46 16 30 11 76 88 28 24 91 34 62 8 57 74 89 4 32 15 45 50 14 7 5 2 1 48 79 9 78 40 66 52 94 80 93 58 39 47 42 61 29 25 71 51 22 20 23 84 75 81 59 27 35 90 70 19 64 67 87 54 96 21 26 37 82 99 : 1118.88
0 37 21 26 96 54 87 92 31 41 72 6 44 95 53 97 13 49 60 17 33 98 19 47 64 27 12 90 70 61 35 71 59 75 81 3 18 10 69 100 83 63 73 43 77 8 57 74 89 55 86 62 4 22 20 32 15 34 7 14 45 11 28 38 46 91 24 16 30 88 76 48 79 5 2 50 66 51 23 40 78 9 84 67 25 39 52 29 42 36 80 93 58 94 68 85 65 82 56 99 1 : 1122.7
0 99 82 37 26 85 68 87 21 54 96 1 48 2 79 5 9 78 40 67 64 29 47 39 66 71 23 20 32 16 91 24 28 88 30 14 45 11 50 7 76 15 34 62 8 38 46 4 89 74 57 86 3 81 75 59 84 51 22 55 77 73 83 43 18 17 60 49 10 63 100 69 13 97 33 98 12 53 95 44 6 72 36 35 42 27 90 70 19 61 25 52 93 94 92 31 41 80 58 65 56 : 1071.59
0 99 1 50 48 79 2 76 15 23 35 90 12 70 27 64 71 66 51 40 78 9 5 7 45 11 14 88 30 91 24 28 16 46 38 4 34 62 32 20 22 57 89 8 73 63 83 43 10 33 98 49 60 18 3 81 75 59 84 86 55 74 77 69 100 13 17 97 53 44 95 19 6 72 41 31 80 94 26 87 85 68 21 92 58 29 47 39 42 25 67 52 61 36 93 56 65 54 96 82 37 : 1093.58
0 99 65 56 50 48 2 5 79 14 7 76 11 45 9 78 40 51 66 67 52 39 25 42 64 35 29 61 47 71 23 84 22 20 88 30 28 24 91 16 34 15 32 4 62 38 46 8 57 89 55 74 86 75 59 98 43 73 63 83 100 69 10 60 97 13 17 49 12 53 44 95 6 72 41 36 19 33 3 18 77 81 90 27 70 31 80 93 58 54 21 96 85 87 94 92 68 26 82 37 1 : 1065.55
0 37 99 1 48 56 65 87 54 21 82 26 96 85 80 31 41 72 6 44 95 53 19 70 12 97 13 69 10 17 49 60 33 18 3 75 81 86 55 89 8 4 62 46 38 74 57 83 73 63 77 43 100 98 27 90 71 47 66 67 52 25 40 78 9 51 59 64 23 84 35 29 42 61 36 92 68 94 58 93 39 5 79 2 14 11 88 30 24 91 28 16 34 20 22 32 76 7 45 15 50 : 1104.72
0 85 54 65 96 21 87 26 68 58 94 80 92 36 23 51 47 40 78 67 84 71 81 75 3 10 60 13 49 17 33 59 86 77 57 74 55 22 20 89 8 73 63 83 43 18 100 69 97 12 98 90 27 64 42 35 61 25 66 29 70 19 53 95 44 6 72 41 31 93 52 39 76 34 4 32 15 62 38 46 16 28 91 24 30 88 14 11 45 7 2 5 9 79 50 48 56 1 82 37 99 : 1081.78
0 56 65 94 58 93 5 9 78 40 67 66 61 81 59 71 47 23 75 86 74 57 38 46 89 8 55 20 62 4 22 34 32 15 7 76 79 45 14 16 28 91 24 30 88 11 50 2 48 39 52 25 42 29 35 84 51 98 18 49 100 43 77 73 63 83 69 97 17 13 60 10 3 33 70 19 64 27 90 12 53 95 44 6 72 41 36 31 80 92 68 21 96 87 54 85 26 82 99 37 1 : 1079.54
0 37 65 26 21 85 68 87 54 58 93 25 67 66 27 12 98 90 70 19 59 61 29 35 64 42 52 56 99 1 2 79 50 11 45 14 7 76 88 24 30 28 91 16 32 23 51 40 9 48 5 39 78 47 84 71 75 81 3 55 57 89 62 34 15 22 20 4 38 46 8 74 86 77 43 63 73 83 69 100 10 17 49 13 60 18 33 97 53 95 44 6 41 72 36 31 80 92 94 96 82 : 1085.55
0 37 82 85 54 87 21 26 92 94 31 80 68 58 93 96 65 39 52 67 51 40 9 5 48 2 45 11 14 30 34 15 32 20 22 75 81 97 10 100 43 77 73 63 83 69 13 49 60 17 18 33 12 19 70 53 95 44 6 72 41 36 25 35 66 78 47 59 23 84 27 64 61 42 29 71 90 98 3 86 55 57 89 62 8 74 38 46 4 16 28 91 24 88 76 7 50 79 1 56 99 : 1116.64
0 65 56 50 45 11 14 76 7 2 39 67 9 40 79 48 5 78 15 32 20 22 62 38 46 16 28 24 91 30 88 34 4 86 55 74 89 8 57 3 43 77 73 63 83 100 10 18 60 69 97 49 17 13 33 98 75 81 59 84 29 36 58 94 93 92 68 80 31 41 72 6 44 95 53 12 70 19 90 27 61 64 35 71 47 51 23 66 42 25 52 1 37 87 21 85 54 96 26 82 99 : 1069.83
0 99 37 82 21 54 85 87 96 26 68 94 92 61 35 64 29 40 47 71 84 51 66 42 67 65 56 79 2 5 48 58 80 31 41 19 72 6 95 44 53 75 59 81 3 98 27 90 70 36 93 52 25 39 23 20 22 15 32 34 62 4 38 46 74 86 55 57 89 77 43 100 10 18 12 97 17 33 60 49 13 69 83 73 63 8 16 28 91 24 30 88 78 9 76 7 45 14 11 50 1 : 1128.91
0 37 1 50 11 45 14 88 30 91 24 28 16 15 76 7 32 34 62 22 81 75 59 98 3 33 12 70 90 27 35 47 66 40 79 5 48 2 9 78 23 20 4 46 38 74 89 57 8 63 73 83 100 10 69 60 13 17 18 97 49 43 77 86 55 51 84 64 29 36 31 80 92 94 65 56 99 26 21 85 58 93 42 61 25 52 39 67 71 19 53 95 44 6 72 41 87 68 54 96 82 : 1062.72
0 48 50 45 11 7 9 78 40 51 84 71 90 27 61 19 95 70 12 98 13 97 60 53 44 6 72 31 80 92 94 93 58 68 41 36 64 35 29 25 67 66 52 42 39 47 23 59 75 81 3 33 17 49 69 100 83 63 73 8 57 43 10 18 77 86 55 74 38 34 15 32 22 89 20 62 4 46 91 24 16 28 30 88 14 76 2 79 5 1 99 82 26 56 65 21 54 85 87 96 37 : 1137.04
0 1 99 82 96 87 85 26 56 65 68 58 84 71 59 81 86 75 98 53 12 33 17 97 13 10 100 3 18 49 60 69 83 73 63 43 8 77 22 20 4 34 16 15 9 79 50 5 48 2 11 45 14 7 76 32 88 30 91 28 24 46 38 62 89 57 74 55 23 40 78 51 47 66 67 39 94 92 36 31 80 41 72 6 44 95 19 70 27 90 35 52 42 61 29 64 25 93 54 21 37 : 1108.51
0 37 82 56 65 21 26 96 87 68 58 80 31 92 94 54 85 93 36 41 72 6 44 95 33 53 12 90 98 81 75 59 18 49 13 97 17 60 3 77 43 10 100 69 83 63 73 8 57 86 89 74 4 20 62 55 22 32 15 34 46 38 91 24 28 16 30 88 14 11 45 7 76 78 79 9 40 23 84 52 39 67 47 42 66 61 25 71 27 70 19 64 35 29 51 2 5 48 50 1 99 : 1081.33
0 1 50 79 2 9 5 76 15 78 48 56 93 58 94 92 52 67 39 25 27 98 3 69 97 49 17 13 60 18 81 75 35 29 61 42 64 71 59 47 66 23 84 51 40 7 14 45 11 88 30 91 24 28 16 46 38 89 57 74 22 86 55 20 32 34 62 4 8 77 63 73 43 83 100 10 33 12 90 70 53 95 19 44 6 72 41 36 31 80 68 85 21 65 96 26 54 87 82 37 99 : 1070.77
0 99 65 56 5 2 48 1 50 14 7 11 45 30 88 24 28 91 20 22 74 62 4 46 16 38 34 15 32 76 9 79 78 40 51 23 66 42 29 61 35 64 71 67 39 52 47 84 59 77 8 57 89 55 86 75 81 90 27 70 19 12 98 49 60 18 17 10 3 43 63 73 83 69 100 13 97 33 53 95 44 6 72 41 31 36 25 93 80 94 92 58 68 87 85 96 21 54 26 37 82 : 1056.59
0 26 68 85 54 56 39 23 51 40 9 78 64 42 61 25 66 67 47 71 84 35 29 27 70 12 53 95 52 93 58 21 87 92 36 94 31 80 41 72 6 44 19 90 98 33 97 13 49 100 10 83 73 63 77 43 60 69 17 18 3 81 59 75 89 57 8 46 38 62 55 86 22 74 20 4 34 16 30 28 91 24 88 32 15 76 45 11 14 7 5 48 79 2 50 1 99 82 96 65 37 : 1113.9
0 82 96 21 26 68 92 36 40 78 9 48 87 54 85 58 94 80 31 41 72 6 44 95 53 12 33 100 43 63 73 83 69 49 3 18 10 60 17 13 97 98 75 81 59 90 70 19 42 29 61 71 84 39 93 67 52 25 66 64 27 35 47 23 51 15 32 34 46 38 62 20 22 55 86 57 89 8 77 74 4 16 91 28 24 88 30 7 76 14 11 45 5 79 2 50 56 1 99 65 37 : 1080.84
0 1 48 9 5 79 2 50 11 45 14 76 7 15 20 22 74 57 86 55 4 32 34 62 28 91 24 88 30 38 16 46 89 8 63 73 83 13 17 97 69 43 18 49 60 10 100 3 77 81 75 59 84 40 78 67 71 23 51 39 52 25 66 42 98 33 12 19 70 27 90 35 29 47 64 61 95 53 44 6 72 41 36 31 94 93 58 92 80 87 54 85 68 26 21 96 65 56 99 37 82 : 1085.84
0 1 79 71 35 29 61 42 64 27 59 75 81 98 97 17 60 18 13 69 83 43 100 10 49 73 63 8 89 57 74 55 86 77 3 33 12 70 90 19 95 53 44 6 72 36 41 31 92 94 80 93 52 25 47 66 67 78 39 84 20 22 4 46 38 16 15 76 7 9 40 51 23 32 62 34 28 24 91 30 88 14 11 45 50 2 5 48 56 65 58 96 26 21 85 68 87 54 99 37 82 : 1062.89
0 1 37 82 26 85 68 31 19 70 42 64 25 52 61 71 66 67 39 78 40 47 35 29 27 90 98 59 75 81 23 51 84 32 15 76 7 5 50 48 2 79 9 45 11 14 88 28 91 24 30 16 34 20 46 38 62 4 57 55 74 22 89 8 43 69 83 63 73 77 86 3 100 10 13 60 17 49 18 33 97 12 53 95 44 6 72 36 41 80 92 58 93 94 54 87 21 96 65 56 99 : 1063.85
0 37 82 26 68 87 21 96 85 54 80 31 41 36 92 94 93 58 61 40 9 48 2 79 5 7 14 50 45 11 78 39 52 25 42 29 66 47 51 71 27 90 70 12 3 43 77 55 74 89 57 8 73 63 83 17 33 18 10 60 13 69 100 49 97 53 95 44 6 72 19 35 64 98 75 59 81 86 22 20 34 16 62 4 46 38 30 91 28 24 88 76 15 32 23 84 67 65 1 56 99 : 1086.84
0 56 5 79 2 50 45 14 11 7 76 88 30 24 28 91 16 38 46 62 4 34 15 32 78 9 40 23 51 20 86 55 22 74 89 57 8 63 73 83 69 100 49 17 33 3 75 98 12 90 61 25 29 27 64 35 42 67 52 93 31 68 87 85 54 37 82 26 21 96 65 92 58 94 80 41 36 72 6 19 70 95 44 53 97 13 60 10 18 43 77 81 59 71 47 66 84 39 48 1 99 : 1033.09
