0 71 53 88 28 67 3 92 38 30 33 55 93 50 48 72 36 41 26 21 68 56 75 63 46 76 8 17 13 97 24 84 64 52 51 20 23 31 2 14 82 79 91 66 47 1 99 11 62 5 85 65 90 54 39 37 43 69 94 83 59 89 25 40 60 77 57 16 86 10 22 74 19 58 44 81 98 100 18 9 15 45 7 4 32 61 34 29 42 27 12 70 73 35 6 80 96 78 49 95 87 : 3747.32
0 99 26 89 14 77 81 83 73 86 9 93 96 43 17 52 98 41 44 49 69 100 40 79 97 23 74 27 76 15 46 56 48 54 72 38 28 91 62 22 42 58 68 85 92 35 70 7 45 90 78 25 39 19 31 75 10 60 53 18 80 37 2 5 66 84 61 16 24 57 88 30 59 8 12 6 63 36 51 47 34 13 1 55 3 67 50 82 29 32 11 21 4 20 33 71 65 94 95 64 87 : 3594.34
0 11 47 4 33 87 15 48 12 52 25 1 54 58 37 64 77 75 94 74 70 14 42 66 26 39 3 90 71 53 73 22 27 80 92 82 85 28 84 49 43 2 50 21 16 62 59 41 95 17 67 45 91 24 32 40 61 96 31 78 30 46 65 56 51 44 98 83 10 19 36 68 6 72 89 81 55 63 20 38 29 69 18 100 23 86 5 97 9 76 60 13 35 57 8 88 79 34 93 99 7 : 3788.22
0 26 76 4 27 92 73 97 64 67 55 86 69 7 45 11 9 90 83 84 34 28 53 6 33 75 63 70 52 16 48 37 1 80 15 22 59 43 10 78 36 44 50 30 62 42 51 23 88 14 39 18 58 93 82 65 61 54 96 85 99 31 19 32 25 47 17 94 98 81 21 95 72 35 71 3 40 5 74 13 41 68 56 20 91 46 29 24 100 60 77 87 38 8 66 79 2 57 89 49 12 : 3781.91
0 74 27 81 60 71 3 57 78 5 94 19 35 51 79 11 2 64 31 13 98 48 76 67 72 58 20 14 53 49 12 90 41 42 4 91 24 15 34 32 6 61 52 82 68 16 89 44 23 7 100 43 77 10 84 17 66 93 65 25 50 87 80 18 26 29 95 92 69 33 46 30 9 39 75 22 85 45 37 21 83 73 8 59 97 63 70 99 96 40 86 47 55 54 56 36 62 88 28 38 1 : 3691.79
0 14 16 78 3 56 37 80 41 58 94 25 6 85 48 65 39 68 2 87 99 31 54 13 98 44 12 46 75 36 74 35 47 40 88 28 24 34 86 76 84 64 20 7 4 26 45 8 63 21 61 67 91 1 79 55 93 71 81 22 70 52 27 66 72 19 50 38 11 51 82 9 89 100 33 18 59 95 77 83 62 30 53 17 10 57 5 15 49 97 43 69 73 90 23 96 42 32 29 60 92 : 3673.25
0 2 26 91 16 65 23 35 72 53 24 32 96 3 47 81 27 78 61 25 40 100 10 46 86 87 79 11 4 29 36 52 22 63 70 97 6 55 57 45 42 31 41 59 15 93 1 88 94 85 56 21 7 66 48 64 98 17 90 19 39 68 37 9 76 14 51 5 89 28 33 43 30 62 12 60 49 50 73 18 38 74 20 92 80 44 75 83 84 71 95 69 8 13 77 34 58 99 67 54 82 : 3723.44
0 90 31 81 43 34 66 23 7 11 24 46 27 97 41 6 99 86 17 18 20 72 26 47 5 82 58 49 63 33 84 64 78 83 88 36 2 35 67 59 1 40 48 77 39 65 68 51 96 29 38 55 91 28 74 3 100 10 53 85 93 42 9 80 56 54 61 71 95 21 87 37 16 22 32 62 45 57 15 76 69 73 8 13 25 94 14 30 44 75 19 52 79 98 60 12 70 4 89 50 92 : 3787.08
0 79 21 2 99 94 82 7 50 67 98 36 66 86 19 48 76 69 59 22 38 28 62 84 55 30 39 71 87 23 49 63 46 15 37 64 56 34 90 58 77 8 47 27 45 88 4 20 91 93 5 74 1 68 73 83 41 96 53 100 10 31 54 65 9 32 70 40 81 11 43 60 97 17 14 35 89 18 33 13 12 44 95 75 51 25 61 24 16 29 52 57 3 6 42 80 85 26 78 92 72 : 3747.87
0 68 64 22 61 81 24 25 51 15 85 16 71 95 88 20 82 14 50 11 74 55 43 13 98 18 1 78 69 3 17 19 6 63 96 29 73 30 49 60 26 31 52 42 92 91 10 100 83 97 77 33 27 12 57 4 32 72 2 56 48 37 40 45 35 34 47 66 59 89 75 86 23 36 44 53 46 8 38 84 94 39 62 7 79 21 58 93 99 5 90 9 80 41 54 65 67 70 28 76 87 : 3725.63
0 56 42 36 67 27 75 3 51 23 26 76 11 31 90 87 65 47 43 97 72 1 91 29 59 80 68 58 70 94 34 19 53 66 40 28 81 25 93 6 61 37 79 96 82 5 64 86 12 83 60 35 39 33 45 14 100 44 24 50 15 7 21 54 95 9 69 77 89 52 78 30 2 48 32 63 10 84 71 13 49 17 62 73 98 20 99 85 92 4 88 41 55 38 46 16 74 8 57 22 18 : 3737.59
0 60 17 76 82 64 85 24 4 28 73 69 53 89 59 47 66 31 44 56 25 61 29 5 80 36 34 7 9 74 100 3 18 94 90 46 48 78 77 75 23 81 97 26 20 98 13 27 87 65 38 43 86 35 68 57 8 2 58 52 14 16 49 33 84 95 19 70 93 40 39 41 21 92 51 99 37 11 71 62 42 96 1 6 12 67 72 54 32 88 45 91 15 22 10 63 83 55 50 30 79 : 3693.82
0 58 72 15 77 53 69 42 94 39 32 10 56 1 26 82 45 85 41 6 33 3 40 30 8 4 20 61 36 99 52 21 14 7 18 25 16 88 66 49 55 9 59 43 63 50 48 19 27 64 71 62 38 17 100 67 80 31 47 51 46 24 76 91 5 34 54 11 37 29 78 2 28 57 97 12 35 79 93 23 60 70 22 84 89 86 96 83 73 87 65 74 98 81 90 92 13 95 75 44 68 : 3734.4
0 93 59 72 21 61 11 8 18 26 99 24 87 54 31 36 10 34 74 25 51 50 38 95 43 83 33 41 35 2 84 46 12 80 44 42 13 75 23 100 60 98 5 70 58 55 27 81 64 86 88 45 48 7 49 63 65 67 53 97 39 71 9 14 28 20 4 62 69 19 3 17 90 6 68 1 91 15 73 66 40 29 57 32 78 16 30 52 94 96 82 76 92 47 79 89 77 22 56 37 85 : 3767.52
0 50 70 36 17 95 92 48 79 81 38 88 57 74 21 84 31 34 25 80 47 54 87 5 14 22 96 68 72 94 90 55 20 4 29 71 61 98 33 49 100 13 53 59 45 46 8 16 43 65 99 67 26 9 37 7 41 56 44 75 66 15 91 19 89 64 27 78 62 76 1 42 85 2 30 51 52 10 32 3 23 40 11 35 73 28 18 69 86 24 60 12 97 63 83 77 39 6 58 82 93 : 3757.75
0 56 90 58 94 24 62 87 31 25 40 98 17 64 53 10 26 91 16 7 28 45 36 21 43 60 44 82 66 27 20 35 81 59 11 83 80 54 4 57 18 72 42 52 71 39 30 22 68 70 6 37 1 41 55 29 34 8 38 14 78 23 97 86 77 89 49 33 93 75 61 19 12 5 9 50 99 85 47 63 73 76 79 96 2 92 95 3 69 67 48 15 46 32 51 88 74 100 13 84 65 : 3713.9
0 14 99 97 20 22 78 64 88 46 34 62 57 55 84 96 65 87 17 81 59 98 12 43 11 56 50 79 75 5 39 92 32 45 31 16 23 69 33 77 38 24 91 73 89 67 54 93 90 27 29 60 61 74 3 86 6 48 37 35 44 30 76 41 82 85 1 26 28 25 2 21 7 68 80 58 94 71 51 36 8 9 18 83 70 42 4 52 95 100 49 10 19 13 53 66 15 63 40 47 72 : 3735.23
0 93 94 57 77 97 32 4 29 47 67 42 25 51 39 71 83 18 34 59 31 26 76 48 12 44 70 92 84 14 41 80 13 33 17 72 99 90 98 43 69 73 30 16 1 89 91 45 50 88 38 15 63 74 68 87 82 8 28 78 54 61 56 2 58 95 53 49 20 66 6 3 10 60 24 46 23 86 37 5 35 27 75 22 62 40 9 81 100 55 19 96 52 21 64 65 85 11 7 79 36 : 3504.42
0 37 54 21 88 41 26 39 93 6 95 10 49 16 24 66 40 90 34 98 53 58 75 11 70 79 86 27 46 97 44 47 15 56 51 80 85 4 30 20 94 33 64 60 69 63 74 18 73 99 65 96 67 35 45 55 82 52 42 31 36 72 13 17 87 5 32 7 57 59 43 77 38 8 28 23 62 9 71 84 1 91 48 81 83 89 2 50 14 12 100 3 22 76 78 68 25 92 61 19 29 : 3656.88
0 50 38 79 24 48 97 59 19 6 26 90 36 25 61 9 1 54 96 78 99 42 12 10 67 40 21 85 47 17 89 16 4 84 94 80 3 86 53 60 58 92 45 57 75 76 11 64 29 74 46 28 88 82 41 35 44 87 27 18 30 95 5 98 91 14 68 31 49 66 65 62 8 33 20 15 51 93 52 63 13 43 32 70 72 100 7 39 34 69 73 83 77 22 55 81 23 2 37 71 56 : 3768.88
0 99 1 9 91 63 10 39 72 23 20 76 51 2 64 75 68 71 26 93 6 35 7 14 61 46 81 8 83 38 42 41 96 21 54 92 100 33 73 49 13 12 97 65 43 59 29 27 84 66 85 82 37 58 90 47 40 32 45 62 15 28 16 22 74 57 44 95 48 18 94 77 79 53 69 89 3 60 52 24 25 31 80 67 70 98 50 87 78 5 86 19 36 11 30 4 55 56 17 34 88 : 3620.96
0 61 75 72 23 41 42 1 93 60 87 51 22 74 67 94 27 59 17 98 77 43 55 4 81 35 64 18 12 100 82 54 68 99 95 63 90 80 2 76 86 37 96 11 5 53 97 13 33 73 89 14 3 19 49 38 31 69 44 20 91 34 50 65 26 47 48 21 85 92 39 83 46 8 28 57 40 7 30 70 79 84 25 52 10 36 6 9 56 24 78 71 62 32 66 45 58 29 88 16 15 : 3769.86
0 48 69 83 63 33 3 77 40 88 26 96 52 72 25 66 10 97 71 55 75 93 39 11 4 68 21 5 51 1 80 73 70 31 82 58 92 64 7 8 53 13 100 57 34 59 67 47 86 89 17 30 28 32 61 74 27 38 60 49 44 16 24 22 37 9 41 84 65 23 90 45 14 46 62 29 54 94 12 35 42 43 99 50 78 95 87 81 98 18 6 2 85 20 36 19 79 56 15 76 91 : 3763.92
0 11 57 27 94 55 16 78 91 76 99 40 21 37 54 69 60 100 63 33 49 73 83 4 23 38 71 39 20 14 89 44 19 17 18 45 62 97 13 30 9 36 41 93 6 50 48 28 70 67 66 68 85 92 58 24 88 42 1 15 43 3 26 5 34 79 7 59 90 75 32 56 96 87 82 65 72 51 64 47 98 86 12 52 10 31 22 77 35 25 2 81 74 95 53 8 29 80 46 84 61 : 3700.38
0 64 78 35 10 70 43 74 94 30 40 92 61 19 12 90 13 84 67 65 96 41 72 42 50 54 38 11 7 77 55 16 8 63 60 6 18 97 34 46 28 86 62 27 44 83 15 91 57 100 36 93 69 25 75 47 2 48 87 37 31 82 33 85 68 51 71 76 99 26 79 89 23 32 81 20 73 53 17 4 1 56 22 98 21 66 49 3 29 52 58 45 95 14 5 88 24 59 9 80 39 : 3761.49
0 38 8 43 98 46 25 85 66 27 10 13 53 86 67 100 97 57 72 83 60 12 94 49 81 48 50 7 11 77 29 19 58 93 34 88 51 45 64 9 70 44 18 33 36 69 35 22 30 39 91 28 73 82 84 15 62 63 24 47 23 92 17 16 78 90 41 31 65 95 37 96 21 68 6 71 26 42 99 40 59 75 32 61 5 80 52 3 55 76 79 87 2 14 74 20 89 4 1 56 54 : 3802.52
0 26 82 39 14 32 59 25 99 31 94 80 35 65 89 11 88 45 76 30 15 20 62 96 9 75 58 54 72 68 53 42 41 67 27 78 34 2 93 87 37 79 16 38 100 49 10 85 74 97 71 6 13 69 91 1 17 21 19 52 36 50 90 23 95 7 29 28 5 56 92 77 4 43 73 44 81 22 66 18 33 57 98 60 86 46 83 63 3 64 24 70 8 61 47 51 48 55 12 84 40 : 3782.23
0 31 64 42 46 20 62 94 96 74 22 58 51 39 14 55 17 47 73 36 61 81 35 72 53 60 97 10 23 92 30 15 52 27 71 5 19 89 91 21 78 45 11 76 84 29 66 12 69 86 79 68 26 85 9 57 8 38 63 33 67 6 95 41 13 49 1 40 87 4 34 65 2 37 82 56 16 99 54 70 48 32 77 100 75 88 83 3 59 44 24 98 18 25 93 80 43 90 7 28 50 : 3738.09
0 80 65 37 21 86 35 78 26 64 10 100 9 97 15 8 24 99 56 73 38 62 46 79 31 72 83 71 89 28 68 6 19 85 87 82 1 43 69 39 91 30 20 66 25 47 14 36 34 22 53 84 81 74 60 42 27 48 11 50 61 57 63 17 4 49 58 23 16 75 18 3 90 51 92 94 41 95 13 52 29 45 32 77 93 40 7 55 67 70 44 59 54 2 5 12 98 33 96 88 76 : 3807.46
0 78 20 38 28 48 72 60 18 69 58 50 33 77 23 8 100 16 89 14 52 76 91 30 67 92 29 53 57 10 17 13 40 44 6 19 59 2 26 68 36 83 97 47 3 41 99 65 96 32 74 4 62 5 81 31 35 21 88 98 9 25 39 87 94 34 46 22 61 7 84 56 66 86 93 85 70 71 64 49 24 43 55 63 15 75 51 12 73 90 95 79 82 80 42 37 45 11 1 27 54 : 3773.06
