0 0 
1 2 3 30 9 8 115 112 107 106 108 114 113 138 125 128 208 133 35 38 145 154 209 150 148 151 155 161 160 164 61 60 70 99 98 97 101 102 93 90 95 100 207 94 197 206 198 194 196 190 189 176 187 191 203 204 200 205 199 311 302 193 192 295 287 296 293 301 306 307 312 195 186 185 181 174 179 168 171 292 290 303 308 300 310 275 276 284 280 270 318 271 298 297 304 305 309 299 291 285 286 283 266 260 265 267 264 263 258 261 253 256 254 262 257 246 247 236 219 218 235 243 241 231 220 110 216 212 217 119 313 222 213 230 233 237 227 223 215 214 224 248 249 245 244 229 234 226 228 238 240 242 239 225 118 221 211 109 124 129 131 121 117 111 4 5 126 134 127 136 137 120 116 13 14 26 17 18 16 25 24 19 32 20 33 28 22 103 29 31 104 316 317 50 48 40 54 51 47 44 57 52 42 58 53 41 43 46 65 66 210 167 163 158 157 146 147 166 165 259 250 149 152 153 162 159 156 39 34 135 130 122 123 132 142 141 144 140 232 139 143 314 255 269 278 277 281 288 315 272 273 268 252 251 274 289 282 279 294 170 175 180 178 169 173 172 183 188 184 182 177 88 87 201 202 89 75 74 92 96 91 78 84 77 86 83 85 79 69 81 80 76 72 73 82 68 71 67 62 64 63 105 56 49 55 59 45 37 36 27 23 12 21 11 10 15 7 6 : 819.17
0 1 
1 10 15 11 23 28 20 30 31 32 43 52 62 63 74 69 77 72 76 84 86 99 98 93 96 97 102 101 92 91 85 83 68 71 78 67 80 73 81 75 70 64 79 82 89 90 196 197 100 94 202 201 206 207 95 88 87 66 65 189 173 210 157 151 148 146 259 250 314 246 247 238 233 229 226 235 236 227 223 224 214 215 244 248 249 251 263 261 260 265 266 269 315 165 171 170 277 193 192 295 293 200 205 306 199 292 288 282 289 287 283 284 280 279 273 272 318 276 275 270 271 298 305 310 304 297 290 286 291 285 299 300 308 309 294 296 303 301 302 312 307 311 195 194 203 204 198 184 185 181 176 172 187 183 182 188 177 190 191 175 174 179 180 186 178 169 167 168 159 152 156 163 158 166 281 278 274 264 268 267 262 256 252 254 253 257 255 258 245 219 218 243 241 234 228 237 222 212 109 118 119 110 221 220 217 216 211 213 225 239 240 242 230 232 313 231 140 139 143 144 147 150 145 38 39 58 41 154 61 60 164 161 155 153 160 162 149 209 34 127 208 116 4 5 111 112 107 106 115 108 114 113 122 130 131 123 129 124 132 121 117 125 13 14 136 135 134 137 142 141 138 133 128 126 120 35 37 36 104 44 53 54 55 50 42 46 51 47 57 105 56 59 317 316 45 40 48 49 33 18 17 26 25 16 8 9 7 6 2 3 22 21 29 103 27 24 19 12 : 725.239
0 2 
1 10 7 11 15 22 29 20 28 33 27 36 53 51 59 67 72 78 89 92 96 97 101 102 91 86 80 64 79 68 85 83 71 82 84 77 73 75 69 70 74 76 90 98 93 99 207 206 202 100 197 190 183 66 176 172 187 189 191 173 182 179 174 178 198 196 88 87 94 201 95 188 169 177 184 186 193 192 296 295 277 288 294 302 312 205 311 307 308 309 303 306 301 199 293 200 203 204 194 195 181 167 168 163 146 159 156 149 150 153 155 160 158 157 151 147 148 141 209 154 164 210 162 161 152 142 131 132 122 119 232 225 231 220 221 139 140 143 144 260 254 263 268 264 251 253 256 252 249 318 271 275 276 310 304 305 297 298 270 248 245 244 224 223 214 215 227 236 219 218 235 234 237 229 233 243 241 238 230 313 240 239 222 273 280 285 291 284 283 274 272 279 300 299 289 292 290 287 286 278 282 171 281 170 165 315 258 259 250 314 255 257 246 247 228 226 211 213 109 217 212 216 110 118 242 261 262 267 265 266 269 166 175 180 185 65 63 81 62 105 58 46 42 52 43 41 104 44 54 55 56 50 49 40 45 47 57 316 317 48 61 60 39 138 125 127 137 128 208 134 126 13 14 4 107 106 5 111 108 117 112 115 116 120 113 114 123 121 133 135 34 136 130 124 129 145 38 35 37 25 26 17 9 8 19 18 24 16 23 32 31 21 30 12 103 6 3 2 : 795.414
0 3 
1 2 6 7 10 29 31 32 28 19 36 60 210 160 155 161 150 154 153 145 39 164 167 179 169 177 172 173 183 176 184 178 174 185 181 188 191 195 194 203 204 198 197 196 201 100 202 206 207 190 87 88 58 53 90 93 89 86 85 84 78 83 71 82 68 59 105 64 77 79 73 76 69 81 74 75 80 70 66 42 23 30 33 27 26 37 16 9 4 111 107 115 14 127 208 138 141 128 125 132 133 124 139 140 242 121 114 109 220 232 231 241 239 234 230 218 219 229 246 247 248 249 223 215 214 245 244 224 227 222 313 118 217 110 216 212 211 221 213 119 225 243 233 237 226 228 236 235 238 240 144 165 269 255 250 143 259 253 263 257 254 314 258 268 270 271 318 276 275 298 297 304 273 272 315 265 266 260 251 256 252 261 262 264 267 170 171 200 192 295 289 290 193 293 296 282 288 283 279 284 291 286 300 305 310 309 308 205 312 311 302 199 301 306 307 303 299 280 285 277 274 287 278 292 281 294 180 168 61 65 38 156 162 159 151 149 152 158 157 163 148 146 147 166 175 186 182 187 189 94 95 99 101 102 92 97 96 91 98 67 72 62 63 56 54 51 46 57 55 316 317 50 48 45 43 41 44 104 40 49 47 52 18 25 17 112 126 134 35 34 135 117 129 131 123 122 108 113 130 142 209 137 136 13 120 116 106 5 11 15 103 20 24 22 21 12 8 3 : 871.755
1 0 
1 7 6 11 22 21 32 26 46 57 44 53 72 70 74 80 86 68 98 65 169 66 63 62 69 81 73 317 40 23 33 30 15 28 36 16 25 27 24 132 225 232 229 233 240 231 119 131 153 154 160 164 148 162 159 156 145 209 137 129 124 122 123 121 130 117 128 208 35 39 17 20 103 18 13 116 5 4 106 34 38 141 126 142 150 155 161 60 54 51 56 55 42 43 58 146 147 151 152 158 143 239 144 149 163 157 170 256 251 268 261 263 262 257 254 246 314 258 279 289 205 311 303 308 309 310 305 304 298 297 276 275 271 318 270 249 223 214 215 237 247 244 224 227 228 236 234 245 248 252 253 274 287 294 292 286 278 293 295 192 199 301 288 281 269 264 266 139 140 242 255 259 260 250 267 315 265 235 219 226 218 241 238 243 230 313 220 216 109 212 213 222 221 118 110 211 217 114 113 111 108 107 112 115 134 14 120 125 136 127 133 135 138 61 173 189 190 182 184 88 94 196 95 202 197 201 206 207 100 172 188 177 187 176 210 167 181 178 174 180 179 185 194 203 198 191 204 312 307 306 302 200 195 168 175 166 165 277 282 283 300 299 291 285 296 290 280 284 273 272 171 193 186 183 87 75 76 83 84 71 67 64 79 77 89 90 99 101 97 96 102 91 92 93 82 78 85 316 49 104 37 41 47 52 59 105 50 48 45 31 29 10 12 19 8 9 3 2 : 1001.1
1 1 
1 24 16 25 27 26 38 61 60 65 66 87 88 94 95 100 206 207 202 204 203 205 312 302 301 307 306 311 303 200 193 295 199 192 288 293 305 310 298 297 304 309 308 299 300 285 286 290 282 315 268 263 257 261 247 246 228 234 219 229 233 225 220 231 236 237 243 230 222 118 232 227 226 235 224 245 244 223 215 214 218 213 211 109 141 123 108 122 121 130 124 208 135 150 156 155 152 210 153 160 164 39 50 317 316 104 54 57 55 56 59 73 76 89 90 93 96 97 92 91 77 79 64 68 71 78 82 83 72 67 81 80 69 70 75 74 86 84 85 101 102 99 98 201 197 196 184 182 169 167 159 161 162 163 157 151 158 174 180 181 191 198 186 185 183 176 187 189 177 190 188 194 195 175 179 178 172 173 168 166 165 267 255 260 259 258 250 254 253 262 264 265 314 256 251 252 249 248 270 318 271 275 276 272 273 291 284 280 279 287 283 292 296 289 274 277 281 278 294 171 170 269 266 143 140 139 221 240 217 216 110 212 313 239 241 242 238 144 119 114 113 117 5 4 107 106 116 112 111 131 129 132 136 133 138 125 128 126 134 209 34 35 37 43 46 52 42 41 51 58 62 63 105 44 48 40 45 49 47 53 154 145 149 146 148 147 142 137 127 120 115 13 14 23 20 33 30 28 22 7 11 18 19 12 3 9 8 17 36 29 32 31 103 21 15 6 10 2 : 832.087
1 2 
1 9 8 4 5 107 106 120 14 13 116 111 115 117 113 108 114 220 240 242 139 166 165 269 170 277 274 315 261 264 254 251 262 257 253 256 263 268 260 266 265 314 255 258 259 250 267 272 273 283 271 270 318 248 249 245 244 224 223 215 214 219 222 213 217 211 216 212 109 110 221 118 225 232 230 247 280 284 285 281 279 291 309 308 300 299 297 298 310 305 304 275 276 290 278 292 288 289 282 286 296 287 293 294 295 301 306 205 302 303 199 307 311 312 200 192 193 195 204 203 194 186 167 168 179 180 174 191 198 196 197 87 89 99 95 88 202 207 100 190 187 183 189 182 177 66 65 61 173 178 181 171 175 210 164 161 156 145 124 129 132 131 130 123 128 125 121 122 119 231 239 243 252 246 236 226 218 227 233 238 234 229 237 235 228 313 241 143 144 140 142 141 138 154 135 136 126 134 137 127 208 112 35 34 39 38 149 150 155 160 153 151 157 148 146 209 133 147 163 158 152 159 162 176 172 185 188 206 94 201 184 169 60 52 53 36 37 17 25 26 33 48 45 316 49 56 44 51 105 64 73 81 76 80 70 69 74 75 102 101 97 96 91 92 93 98 90 67 68 71 84 86 85 83 82 78 77 72 79 62 63 50 317 59 55 40 104 47 41 46 42 43 58 54 57 18 16 12 28 24 19 27 103 31 20 23 21 10 7 6 15 30 32 29 22 11 3 2 : 805.012
1 3 
1 7 10 29 30 32 31 317 316 48 104 41 44 46 50 64 62 63 69 75 81 80 72 77 68 78 93 91 96 102 92 97 101 98 99 89 90 71 67 82 84 85 83 86 79 76 73 74 70 100 206 202 201 95 94 207 203 204 194 195 179 174 185 186 180 175 167 168 170 295 292 294 288 281 287 289 282 192 193 171 277 278 293 301 311 307 306 302 205 200 199 312 303 309 308 300 299 296 274 283 291 286 290 284 275 276 285 280 279 315 273 272 298 304 305 310 297 270 271 318 248 245 244 249 247 253 261 257 256 268 264 267 252 251 262 263 254 265 260 165 166 269 266 258 250 255 314 243 234 237 246 224 223 215 214 227 218 229 228 235 236 226 219 222 238 242 233 240 241 239 232 225 220 217 118 221 216 211 213 212 109 110 114 113 108 4 115 116 137 138 125 132 135 127 126 35 34 37 36 42 61 66 177 173 176 187 87 196 197 182 184 198 88 190 189 188 183 65 172 181 191 169 178 210 160 156 159 157 162 154 60 164 161 145 149 153 209 150 155 152 158 163 259 143 144 148 146 147 151 142 133 124 122 123 130 131 121 117 119 231 313 230 139 140 141 129 136 134 128 120 208 14 13 112 111 107 106 5 18 25 9 8 17 45 51 58 59 105 56 52 47 54 55 49 40 57 53 43 38 39 16 27 33 20 19 24 26 28 103 11 15 22 21 23 12 3 6 2 : 760.89
2 0 
1 229 221 286 310 200 156 234 3 47 246 228 214 192 304 280 289 271 145 158 30 7 37 184 132 92 244 245 84 104 95 160 127 133 38 273 182 201 46 198 170 9 72 126 305 272 195 81 292 242 69 19 18 274 298 171 222 311 78 73 59 39 113 238 191 247 254 74 99 207 119 115 174 177 178 21 11 317 15 122 49 153 301 308 53 163 226 251 139 276 299 175 225 196 185 51 199 248 166 300 269 203 208 318 213 306 220 134 77 79 23 256 288 58 189 16 17 141 112 131 144 136 180 60 128 101 56 40 241 111 161 263 28 108 162 45 25 55 106 237 230 67 68 278 52 6 150 183 236 210 164 120 10 130 279 303 149 187 259 5 125 190 249 64 116 31 36 20 224 217 118 135 232 285 270 129 186 283 140 105 44 22 91 284 82 48 277 179 282 294 297 94 88 159 302 123 117 255 61 146 43 309 57 65 109 258 114 155 90 197 307 227 260 93 215 257 124 204 205 243 315 293 206 152 290 103 32 102 26 13 27 89 168 154 252 80 98 75 165 143 148 312 231 24 172 296 287 76 167 193 97 41 70 268 33 138 147 169 142 295 240 12 202 176 261 223 218 211 194 267 291 87 173 83 181 281 188 262 264 110 100 8 14 71 209 86 85 66 157 313 151 107 2 42 265 250 235 54 316 216 253 314 219 35 137 212 34 121 63 96 239 62 29 233 50 266 275 4 : 5004.3
2 1 
1 145 133 249 119 292 174 294 112 21 228 186 83 272 251 153 66 262 305 276 204 180 309 250 290 101 70 264 4 137 281 65 64 173 82 202 208 175 93 171 304 308 285 67 265 231 298 274 77 182 266 98 312 212 121 163 168 314 130 155 303 224 201 2 146 61 22 295 243 237 95 43 116 196 134 217 149 222 181 167 8 18 48 164 125 16 49 31 75 176 165 24 310 96 56 241 148 154 195 194 260 89 203 200 227 245 166 53 29 316 60 213 17 114 254 187 68 273 79 105 126 136 275 270 107 185 100 159 140 142 150 141 90 138 157 117 184 74 287 282 279 188 284 271 106 255 47 71 232 259 263 162 293 280 144 40 283 296 120 132 169 131 214 253 223 278 297 209 207 160 26 152 183 99 14 73 62 258 215 172 84 311 23 41 110 151 289 317 33 111 123 256 240 158 50 55 88 170 44 80 242 244 69 78 143 91 12 210 118 239 236 178 247 286 206 19 277 129 191 156 127 28 72 30 11 27 94 36 122 252 299 199 218 318 257 267 246 76 63 87 32 52 102 147 177 205 315 306 9 161 268 229 221 15 113 248 45 135 216 220 54 25 58 51 139 307 7 189 288 97 57 124 34 192 81 37 103 6 59 269 190 313 226 86 179 5 38 108 35 13 39 92 10 104 3 198 230 109 261 115 301 302 128 197 85 291 235 225 211 238 233 20 46 193 300 219 234 42 : 5075.24
2 2 
1 189 213 167 41 190 120 208 17 164 71 14 163 294 318 273 308 233 244 215 228 306 269 21 232 118 191 311 178 74 201 26 197 93 185 133 231 225 260 75 33 123 141 52 279 246 193 9 200 252 272 196 112 40 77 257 55 121 144 211 270 248 27 18 198 145 217 179 54 195 63 91 4 62 207 102 162 287 50 86 126 110 230 266 87 109 247 192 61 146 56 181 142 158 226 229 43 76 97 235 291 281 59 135 250 30 159 42 38 37 39 305 89 90 154 28 221 224 214 46 170 299 88 283 293 8 268 45 53 156 245 265 166 160 258 184 96 242 150 227 139 128 10 2 20 82 101 187 95 132 136 148 80 99 277 316 236 276 303 149 194 292 301 259 65 263 302 172 310 129 218 29 24 25 209 48 60 137 180 72 317 83 253 262 312 69 134 67 251 206 105 274 264 73 104 151 278 186 11 113 296 169 182 271 237 254 239 49 220 313 261 243 130 16 108 122 19 5 51 286 295 203 205 168 44 173 107 84 100 6 117 58 7 81 64 177 309 79 289 13 94 290 249 175 275 256 174 12 161 210 255 199 152 171 138 15 282 314 147 165 125 212 267 131 127 124 47 114 307 115 315 223 241 140 298 57 155 85 284 183 22 297 153 202 280 119 234 35 68 116 78 23 176 204 288 219 3 32 106 36 34 143 222 188 66 157 240 70 98 285 304 216 300 238 111 92 103 31 : 5122.66
2 3 
1 115 269 288 66 99 56 45 18 77 173 185 274 114 158 35 7 11 67 48 32 105 95 93 73 24 131 134 121 279 231 166 235 112 62 176 80 102 85 84 198 289 272 315 286 280 248 308 291 257 129 227 297 281 313 144 157 234 222 213 109 4 57 111 31 2 104 161 210 293 3 20 55 51 106 107 154 120 40 53 58 212 237 47 42 29 16 25 21 145 152 128 147 192 61 116 12 64 22 34 123 138 244 276 236 214 178 74 76 86 119 278 254 252 303 218 220 239 283 304 150 183 221 113 69 78 182 169 159 33 317 72 301 229 9 108 137 65 92 207 204 193 266 292 267 225 226 191 43 70 140 219 259 228 256 243 232 46 82 75 118 242 300 290 184 195 277 251 246 307 312 271 142 186 282 275 287 217 10 167 189 298 205 285 143 211 208 127 249 318 270 136 89 28 132 117 162 265 314 124 125 294 296 156 209 163 268 255 233 230 223 247 241 238 262 203 96 180 174 90 91 309 59 39 49 153 164 87 30 88 170 199 311 284 110 240 5 50 177 126 38 133 172 83 194 175 306 263 264 6 316 27 44 15 68 168 253 258 160 79 103 196 181 146 37 8 63 52 41 260 261 60 197 206 122 215 165 179 190 139 23 141 130 100 310 171 155 216 224 305 245 148 302 200 94 295 299 273 202 201 81 71 101 98 188 187 26 14 54 36 13 17 19 151 135 149 250 97 : 3800.32
3 0 
1 210 188 143 200 233 265 51 59 112 49 289 70 28 116 252 170 56 237 236 266 37 164 276 318 204 199 153 228 247 227 260 55 185 140 238 107 103 177 181 29 32 31 96 261 231 201 14 168 288 317 136 86 85 263 209 128 242 249 218 123 149 80 272 311 130 63 57 147 137 12 77 41 65 83 284 108 280 105 46 68 94 308 26 122 151 62 138 47 234 125 119 183 141 78 66 102 281 159 217 301 225 229 222 206 254 256 277 291 250 135 113 42 126 224 40 60 167 6 205 90 73 273 264 315 285 160 246 67 162 176 202 163 302 92 211 150 148 240 9 156 115 45 132 111 186 303 300 241 239 110 313 106 255 298 203 100 193 95 43 30 24 174 310 309 219 245 99 114 312 184 21 74 104 79 71 216 11 220 213 152 44 182 195 20 305 15 54 145 10 127 121 259 88 248 257 282 235 223 226 290 38 89 295 101 109 294 155 18 5 34 296 84 197 58 64 179 165 50 22 166 187 117 214 275 173 134 299 61 87 72 13 154 23 35 316 8 27 131 133 215 293 120 283 157 270 244 4 124 53 267 297 304 190 129 232 178 91 118 142 243 17 48 208 191 39 161 36 98 194 306 269 271 33 175 180 262 81 189 169 278 139 198 230 146 221 286 251 258 268 19 171 253 158 75 69 212 292 314 307 279 274 287 196 172 144 7 82 76 3 93 52 25 207 192 97 2 16 : 5064.37
3 1 
1 229 180 151 31 314 2 265 60 230 223 217 304 310 305 117 109 291 220 142 182 62 3 84 311 279 246 301 260 130 199 100 91 187 173 309 144 95 76 271 123 59 105 63 158 147 288 268 85 61 9 317 308 139 239 69 39 251 183 316 300 90 152 259 30 119 270 294 227 225 258 178 278 255 247 256 254 313 112 221 172 245 55 22 12 143 57 66 175 54 216 241 250 110 58 195 299 136 166 45 106 263 160 108 115 40 210 267 159 43 133 34 49 46 237 235 171 286 47 14 18 52 253 125 302 249 224 244 146 156 113 41 150 157 307 297 140 248 222 261 83 23 42 19 56 185 10 93 24 67 179 17 138 107 16 209 162 88 202 154 285 165 303 27 208 101 102 28 33 15 37 71 73 103 13 68 161 264 29 197 164 292 282 92 50 118 266 81 21 82 252 213 284 274 276 228 186 128 233 215 114 290 295 257 72 269 191 193 201 75 206 99 181 190 231 94 281 194 218 79 78 198 275 80 189 77 174 318 283 226 120 153 149 207 6 277 96 127 32 134 137 44 20 243 211 155 312 289 36 184 135 315 170 188 204 141 262 296 176 306 8 104 272 219 169 7 11 97 122 203 242 26 5 205 200 65 232 87 168 132 64 196 53 167 192 236 212 131 293 234 121 148 111 116 145 238 177 86 240 287 280 129 38 35 4 48 25 89 98 298 273 126 214 70 74 124 163 51 : 4998.04
3 2 
1 121 70 201 169 273 285 160 153 279 164 66 74 91 255 14 218 200 173 28 247 290 223 193 93 119 39 30 7 61 103 251 297 170 274 175 260 305 172 92 187 161 109 89 225 158 11 122 176 253 151 166 72 252 62 63 107 50 32 141 52 81 229 194 82 102 188 288 135 129 73 206 266 277 21 144 230 221 265 244 287 233 234 209 2 213 31 152 262 269 318 227 123 147 267 192 199 138 26 178 314 241 256 231 196 299 281 16 171 94 45 48 148 105 150 228 220 222 60 10 149 23 40 8 155 284 271 212 43 304 115 210 219 125 127 96 97 15 33 203 237 289 47 19 46 303 268 257 248 184 259 317 116 238 85 185 177 243 140 156 301 186 6 38 296 261 104 180 59 157 24 205 242 211 130 58 3 106 207 136 4 80 294 308 245 65 75 67 41 95 112 13 118 134 168 143 239 139 263 258 204 165 131 34 246 280 198 191 264 270 9 90 291 311 68 195 18 99 64 88 162 163 250 77 53 76 272 224 208 126 84 182 22 49 312 293 128 142 174 197 71 145 86 35 42 120 189 87 54 154 235 25 315 117 216 309 298 226 302 307 190 83 44 37 306 292 215 232 313 278 36 114 132 202 179 51 167 98 29 275 316 236 55 12 183 79 69 20 57 282 254 240 310 27 111 113 108 78 133 217 283 276 146 100 56 181 159 295 286 17 137 214 110 249 300 101 124 5 : 5100.12
3 3 
1 192 298 165 291 296 288 182 101 91 158 120 272 128 42 112 13 244 226 235 318 273 263 289 154 124 170 177 31 76 188 169 218 219 151 77 264 206 61 162 173 56 14 2 135 260 168 133 156 95 181 174 64 86 69 97 83 79 96 184 87 227 313 231 215 255 129 37 22 7 21 137 89 195 185 126 208 53 43 213 99 81 45 30 164 153 73 210 166 290 308 295 275 281 146 106 115 12 23 51 38 225 110 6 54 57 105 88 317 52 24 34 114 36 246 252 134 197 285 279 149 121 130 300 271 245 312 191 78 19 136 5 108 125 143 117 123 26 159 145 236 286 157 269 315 259 214 241 150 113 222 131 63 68 132 193 280 237 11 103 18 122 35 186 183 167 46 163 199 194 171 179 175 267 141 232 140 292 203 48 50 100 84 44 33 8 216 220 250 224 248 284 49 147 138 233 209 268 302 243 247 144 270 119 111 104 10 90 32 116 142 127 16 228 217 85 80 15 9 25 47 55 277 180 178 211 283 200 172 93 102 72 202 204 294 301 276 262 152 266 305 249 265 299 258 160 155 282 297 278 303 287 309 67 316 59 71 306 205 307 293 109 223 118 148 198 39 66 139 229 4 314 238 230 257 251 107 20 27 187 17 94 196 201 189 207 92 98 60 256 239 176 65 82 74 190 29 41 3 28 212 221 254 274 261 310 304 311 242 234 253 240 62 70 75 161 40 58 : 3675.28
4 0 
1 10 103 28 19 23 22 50 55 56 76 69 74 70 91 97 102 101 96 92 93 98 99 90 80 81 78 77 67 105 59 104 46 51 43 52 53 57 54 64 73 72 66 176 169 210 164 159 154 160 162 161 158 166 165 263 253 256 262 257 260 266 265 255 246 245 252 251 254 272 273 280 279 291 285 270 271 318 275 276 298 304 297 310 305 309 308 299 300 303 312 311 205 306 307 295 301 302 200 204 203 194 195 193 199 192 293 278 281 282 296 288 294 286 283 290 284 287 289 277 170 269 264 268 261 267 315 274 292 171 175 163 157 143 259 144 119 211 212 109 110 221 220 217 216 231 258 250 314 242 226 235 224 223 214 215 248 249 244 247 234 222 313 233 238 243 237 227 236 219 218 213 229 230 228 240 241 139 140 239 232 225 118 113 114 108 107 106 17 8 3 9 26 41 47 44 58 79 86 75 84 68 83 85 82 71 62 63 87 89 88 189 185 181 174 178 184 95 100 94 197 196 198 207 206 202 201 180 186 179 168 167 191 188 190 173 177 183 172 65 60 61 187 182 156 152 155 153 150 149 145 209 127 133 129 130 122 132 117 124 121 131 123 142 141 138 125 128 126 16 25 24 18 12 20 27 15 29 21 33 40 45 317 316 48 49 36 42 38 39 151 148 147 146 135 136 137 134 120 112 4 111 116 115 5 208 13 14 34 35 37 32 31 30 7 11 6 2 : 849.622
4 1 
1 15 22 20 19 24 36 37 41 46 58 53 63 69 80 79 77 71 64 67 68 83 82 73 90 89 76 75 70 74 72 78 92 91 97 96 101 102 93 85 84 86 62 105 56 54 51 45 49 50 55 48 40 316 317 59 57 52 43 47 44 26 18 16 9 8 17 14 13 112 116 208 120 115 117 121 130 123 160 161 167 168 174 179 180 189 66 61 60 164 65 81 98 99 88 184 187 183 190 196 197 201 198 194 191 186 175 178 185 173 163 157 151 147 162 169 182 176 172 177 181 188 87 94 206 202 100 95 207 203 195 281 315 272 267 268 261 258 260 250 259 241 242 239 234 252 256 253 262 263 290 286 279 291 303 309 310 304 305 298 297 275 276 273 280 285 300 299 308 282 288 283 295 293 301 306 199 311 204 200 312 205 307 302 192 193 292 166 170 277 278 289 287 171 294 296 284 274 165 269 266 264 257 265 255 254 143 144 156 152 159 150 154 210 155 158 153 145 138 133 128 125 129 135 137 127 134 126 35 34 136 209 146 148 149 142 141 131 113 114 122 140 139 243 314 251 249 271 270 318 248 244 245 247 246 228 227 219 218 214 223 215 224 235 237 238 233 229 226 236 213 222 110 217 221 109 212 211 220 119 118 216 313 230 225 240 232 231 132 124 108 111 106 4 107 5 25 39 38 42 104 33 30 32 31 28 23 27 12 11 6 7 10 103 21 29 3 2 : 812.211
4 2 
1 3 8 12 21 31 28 30 32 23 16 27 19 33 36 18 25 17 26 24 20 45 48 49 317 59 76 69 80 86 70 63 64 105 62 57 37 53 60 154 160 155 149 153 161 61 138 128 137 35 39 46 41 52 43 58 56 54 51 47 81 73 79 77 68 85 82 78 71 67 72 84 83 96 97 101 102 91 92 98 99 93 74 75 89 90 87 95 201 194 192 288 295 294 278 277 301 303 309 307 199 193 311 205 203 204 198 202 207 206 94 196 197 100 188 189 176 177 190 181 180 195 174 187 65 164 210 167 168 179 186 170 171 165 166 265 256 254 264 267 272 271 275 297 298 308 305 304 310 276 273 268 261 262 263 283 281 282 269 315 260 266 255 257 246 243 237 234 219 118 239 222 313 231 217 220 225 213 216 221 119 140 127 116 132 144 314 258 250 253 251 259 240 139 232 227 228 229 238 233 230 241 242 143 141 142 130 131 122 121 129 120 4 112 111 115 107 106 5 9 29 11 15 103 22 40 44 34 13 14 208 133 117 123 125 136 108 113 124 114 110 109 211 212 218 226 236 235 245 224 223 215 214 248 252 247 249 244 318 270 299 290 291 286 284 296 289 287 274 279 285 280 300 312 306 292 293 302 200 175 178 172 173 88 66 183 182 191 184 185 169 150 146 147 162 158 151 163 157 148 152 156 159 209 145 38 134 135 126 42 50 316 55 104 7 2 10 6 : 953.998
4 3 
1 3 15 31 21 29 30 33 20 24 16 18 25 27 19 17 26 36 42 58 54 57 52 154 153 161 162 156 152 151 146 149 158 157 163 168 165 269 287 294 278 292 295 171 170 281 274 279 284 296 293 277 282 283 291 280 298 297 300 285 273 268 252 256 263 262 253 246 247 230 222 225 233 243 242 240 226 228 227 235 218 224 223 215 214 245 249 244 248 314 251 264 259 260 257 270 275 310 304 305 276 271 318 272 315 265 266 267 255 258 261 254 250 166 179 180 174 186 175 167 210 75 69 80 81 70 63 62 76 73 89 93 86 90 91 97 101 102 96 92 85 79 78 83 84 67 68 72 64 74 98 99 207 202 94 100 194 198 201 197 196 88 87 190 169 164 60 38 142 140 238 237 234 236 229 219 213 313 231 241 239 232 110 217 109 212 211 216 220 221 139 143 144 159 147 148 119 118 114 113 117 135 133 131 130 121 124 138 141 132 129 123 122 125 108 126 120 208 134 127 115 116 14 111 107 112 106 4 5 13 34 35 136 137 145 39 160 176 182 173 66 187 189 184 206 95 183 188 177 181 178 185 195 301 200 312 306 311 303 199 205 302 193 192 288 289 290 286 299 309 308 307 203 204 191 172 65 61 155 150 209 128 37 41 51 55 59 49 48 105 77 82 71 316 317 56 45 104 50 43 46 53 47 44 40 32 22 28 8 9 103 23 12 11 10 7 6 2 : 852.985
5 0 
1 4 316 76 277 224 167 151 20 67 203 230 217 247 130 256 196 281 185 54 261 68 2 60 268 139 278 301 133 36 200 117 42 70 314 25 188 145 298 310 49 95 283 91 96 120 34 262 170 288 276 248 223 245 149 235 315 92 77 197 201 168 141 169 51 85 184 214 171 147 17 24 156 285 311 236 105 58 8 231 110 87 62 258 75 135 148 103 215 138 209 208 295 43 84 39 79 177 132 86 99 271 199 97 194 74 127 252 180 173 155 115 109 220 228 59 19 21 16 186 176 251 263 218 61 161 55 41 11 12 3 30 15 72 183 175 286 296 300 226 106 10 299 307 279 27 233 242 305 37 153 33 125 46 291 255 90 191 119 227 146 136 83 66 162 172 94 73 89 116 129 71 44 38 128 78 80 26 40 163 275 192 193 317 134 64 181 213 88 32 222 112 244 264 282 187 150 81 158 232 131 13 102 198 260 210 164 290 237 178 240 154 259 287 204 165 257 53 152 143 212 159 312 65 69 52 284 114 93 207 160 31 253 219 137 123 189 205 174 101 23 182 190 241 6 221 45 303 273 22 234 108 239 100 206 82 302 9 35 126 124 211 202 265 29 14 122 63 48 18 292 266 274 318 57 144 309 140 216 104 195 5 250 229 7 121 50 269 243 56 166 254 98 289 107 306 142 270 272 246 308 313 157 267 225 304 280 293 238 297 47 118 28 113 179 294 249 111 : 5105.91
5 1 
1 19 20 32 233 294 286 198 234 214 268 290 260 134 3 94 302 150 10 6 126 283 272 68 56 102 81 173 47 43 266 271 291 223 279 46 203 199 144 89 69 104 93 67 169 221 111 152 147 135 87 190 149 127 146 235 141 91 192 115 229 254 59 311 292 177 246 205 184 106 21 44 50 209 12 257 297 314 207 78 148 251 55 105 316 315 230 151 51 181 11 24 231 244 31 60 26 145 182 273 210 118 103 29 33 282 52 143 124 42 72 23 129 156 278 240 239 85 305 225 298 37 128 108 83 113 121 92 77 171 276 227 74 76 201 18 120 212 277 281 39 164 309 258 263 172 168 318 216 158 139 262 310 197 176 187 312 82 136 153 49 2 237 306 75 96 90 109 4 303 232 247 170 275 248 100 157 163 185 255 253 107 204 274 178 293 167 241 267 228 132 165 196 166 215 211 30 206 200 142 317 99 9 295 300 202 301 79 183 22 7 15 54 218 280 95 195 191 119 217 36 53 66 14 186 180 5 28 249 41 70 161 8 73 220 13 133 243 88 219 140 265 194 45 114 261 110 130 288 226 270 284 236 154 188 155 289 62 160 224 238 112 38 138 116 97 131 122 208 250 35 16 174 189 63 57 137 61 40 84 259 269 252 245 222 64 162 125 101 80 27 175 17 86 48 25 313 256 193 307 264 117 296 308 287 34 242 299 159 304 285 213 71 123 179 98 65 58 : 4878.61
5 2 
1 90 79 204 308 92 26 28 157 200 91 251 96 174 273 261 246 248 267 283 135 189 195 199 188 180 187 14 257 258 161 97 240 235 278 156 50 44 77 279 12 126 35 73 290 24 68 30 38 64 103 43 75 285 270 127 3 85 181 37 164 60 153 191 100 175 206 84 219 130 106 208 6 313 172 15 2 194 165 296 148 122 23 16 184 226 183 76 10 266 234 295 305 190 65 202 166 302 93 98 109 205 59 142 110 9 111 196 102 306 146 229 155 150 18 62 307 133 99 132 63 21 203 55 78 54 56 197 182 294 314 168 125 113 118 58 139 34 40 29 83 86 311 11 216 45 154 7 169 291 185 221 218 239 94 82 104 217 107 213 177 263 269 271 288 158 259 198 301 144 312 255 315 52 57 152 272 134 32 281 46 66 31 316 117 260 249 145 173 211 69 231 163 61 151 71 228 39 262 230 254 49 160 53 286 108 176 89 277 244 297 304 179 119 280 48 201 222 124 88 227 120 292 300 167 232 299 70 95 140 25 51 170 265 256 287 253 252 13 268 242 275 238 298 236 293 178 210 72 214 212 147 105 224 237 143 4 116 209 42 121 303 19 74 186 114 131 101 47 192 162 81 129 123 8 27 215 309 225 250 141 87 171 138 33 264 193 243 136 67 80 20 112 17 289 115 223 241 220 137 41 36 159 245 247 149 276 233 310 318 282 274 128 207 5 22 284 317 : 5151.56
5 3 
1 12 137 186 70 282 276 294 74 75 289 297 192 271 117 26 238 222 230 114 118 122 135 108 109 119 248 314 194 191 204 269 309 307 95 207 87 161 123 171 251 228 227 256 98 69 73 160 58 104 3 214 217 285 270 253 257 250 162 287 283 303 281 265 233 240 173 90 138 110 211 107 19 80 196 89 18 14 176 136 106 115 244 306 312 205 35 24 17 262 220 268 266 197 64 97 78 59 47 56 85 68 203 167 105 28 8 10 7 16 2 32 22 5 126 175 187 139 245 310 298 291 261 235 226 213 223 249 272 216 231 215 181 41 55 48 153 252 156 225 243 130 33 29 259 77 101 4 218 15 103 11 146 206 100 311 198 185 295 296 286 278 166 165 210 169 124 168 300 258 144 199 299 151 132 112 43 82 292 133 129 290 293 246 260 288 302 308 49 170 267 152 318 180 193 305 301 277 195 44 31 34 142 113 116 6 25 20 45 125 143 241 140 313 234 131 120 212 221 304 236 224 273 264 237 232 121 155 134 50 13 157 239 279 229 219 284 200 174 145 62 61 263 254 255 242 274 315 148 159 147 208 111 163 150 128 209 275 280 184 182 39 9 141 127 178 164 30 65 201 84 93 96 202 183 94 247 102 91 190 188 81 83 67 92 23 316 79 189 54 37 42 46 172 158 154 53 76 72 88 99 60 40 36 27 51 71 38 52 21 66 57 177 149 63 179 86 317 : 3361.86
