0 0 
1 146 237 124 216 278 157 240 151 257 243 252 213 6 26 116 25 173 192 210 204 253 241 99 27 20 168 33 155 47 80 167 100 206 52 221 223 75 43 22 215 296 233 264 126 226 194 129 284 239 255 103 276 230 219 258 188 190 88 282 143 283 125 184 91 165 313 130 77 113 141 193 174 70 71 127 291 179 301 211 182 229 150 50 176 261 118 117 56 238 207 293 262 251 140 305 270 225 34 24 186 287 175 13 248 40 202 95 85 316 114 15 254 277 297 222 268 307 102 271 290 69 31 18 121 218 107 44 7 147 318 196 106 108 279 295 110 134 144 154 87 65 256 208 220 265 81 227 149 14 17 178 139 275 160 260 12 37 232 250 274 269 303 236 29 189 244 245 162 263 90 183 142 111 209 148 64 101 201 53 32 83 214 315 288 205 68 96 41 19 49 224 310 285 36 120 78 304 163 199 312 98 59 62 272 172 156 93 54 197 58 247 246 94 281 306 289 280 311 234 217 228 51 86 11 8 21 5 171 74 249 242 195 298 164 152 38 212 145 191 9 115 133 2 3 45 308 314 112 259 122 89 169 42 185 131 30 109 123 35 231 136 317 235 158 57 203 92 119 198 72 187 267 309 286 4 159 153 10 97 266 273 84 299 138 128 132 161 28 105 82 79 60 166 73 181 177 46 137 170 292 67 55 200 180 302 63 66 16 39 300 135 48 104 294 76 61 23 : 5047.17
0 1 
1 32 236 5 146 148 30 96 90 75 291 165 182 314 262 152 110 50 9 277 299 97 53 122 114 59 179 162 31 295 251 135 232 258 268 76 220 54 80 159 311 20 257 307 200 63 296 203 176 192 286 278 265 292 93 250 267 37 46 77 196 171 194 255 69 290 289 238 246 65 248 217 239 74 39 130 108 128 202 25 186 98 252 144 316 156 154 229 41 16 106 56 7 256 308 134 94 169 237 287 175 150 209 151 14 158 58 92 132 227 306 199 113 281 157 125 284 15 43 293 294 142 95 60 275 273 49 73 66 184 206 313 117 38 112 285 167 191 24 47 276 193 283 177 64 170 8 18 86 210 254 270 87 100 21 225 221 198 84 181 261 72 79 264 271 318 245 240 253 99 34 35 13 228 52 116 111 297 188 260 231 222 208 141 145 244 300 163 103 173 234 68 89 304 126 115 36 109 187 298 259 301 303 195 216 118 272 189 178 140 137 205 82 67 42 127 211 223 315 274 263 22 138 224 219 62 88 309 166 302 10 317 70 201 153 155 6 207 83 305 172 147 288 139 235 136 78 269 204 81 213 249 243 310 91 161 174 11 119 2 197 71 226 218 29 27 4 279 131 26 215 121 105 33 23 51 120 61 57 143 55 123 45 183 17 282 280 180 129 124 241 12 242 230 247 233 160 133 312 3 107 266 149 85 190 40 212 164 168 185 48 104 44 19 102 101 214 28 : 5113.33
0 2 
1 6 55 315 22 43 175 111 18 208 124 304 198 194 209 17 31 63 179 34 109 24 13 112 256 291 214 220 5 200 202 84 64 249 303 312 147 142 239 229 123 66 199 23 47 168 260 307 236 306 178 287 244 129 117 300 3 56 167 216 276 235 313 270 271 8 107 14 118 207 230 274 234 121 39 149 68 157 106 296 170 219 218 89 86 81 49 283 192 33 53 32 203 2 16 155 184 125 95 54 96 286 278 245 156 133 316 136 187 58 222 185 69 252 299 277 189 243 104 298 264 317 36 9 144 162 174 250 254 127 131 70 102 103 60 290 88 268 242 85 265 253 225 273 158 163 51 143 272 263 241 138 309 139 61 10 73 159 116 176 46 275 280 279 41 98 108 128 285 213 132 40 45 78 97 122 94 37 251 262 311 72 295 305 193 76 80 134 57 27 308 79 74 105 87 318 42 28 48 151 186 91 4 77 161 113 228 59 11 50 75 258 12 152 302 289 211 30 172 293 269 44 38 20 221 217 237 224 169 195 314 282 284 165 248 90 180 177 100 21 233 223 19 188 215 261 257 173 101 255 310 210 171 140 191 119 145 240 294 182 67 267 52 231 226 292 137 62 65 197 266 247 153 183 281 227 190 181 166 201 99 93 83 26 7 35 259 120 25 29 288 130 114 246 141 297 238 110 232 126 135 92 205 160 150 301 204 154 164 206 196 148 115 15 71 212 146 82 : 4987.88
0 3 
1 56 133 238 305 103 74 184 50 121 46 126 272 276 312 93 125 280 154 263 104 48 162 97 186 164 132 278 315 171 193 165 216 266 271 148 174 250 247 317 64 219 245 139 61 267 239 304 147 2 45 274 144 124 129 25 37 261 244 237 283 128 316 228 155 214 58 116 92 294 81 43 44 191 94 102 86 296 72 7 136 179 95 141 28 40 180 88 207 240 229 206 115 90 52 106 54 87 301 18 123 242 273 284 212 251 227 299 246 288 236 157 11 137 201 34 175 292 205 24 36 209 6 226 189 262 230 135 51 241 65 32 41 57 187 303 215 77 282 295 204 307 178 254 156 142 120 243 311 259 277 173 67 101 131 17 176 275 13 30 12 112 138 314 108 3 22 73 91 99 96 113 199 140 233 111 114 302 289 159 21 31 264 100 181 68 117 269 158 39 308 318 153 60 281 290 279 223 257 53 35 42 265 253 29 143 166 66 218 168 232 255 231 8 9 5 234 293 258 249 119 109 309 297 134 38 20 33 130 195 59 127 225 190 146 248 300 217 224 211 298 194 62 82 306 200 63 285 76 203 70 26 107 16 49 213 27 23 167 161 198 105 84 252 221 160 183 188 210 268 55 152 222 15 69 287 286 196 169 19 4 208 10 260 150 220 256 197 172 118 235 185 79 170 151 80 149 98 182 83 202 310 177 78 14 47 110 313 71 89 163 291 192 122 145 75 85 270 : 5036.9
1 0 
1 74 217 110 78 59 178 125 36 116 211 297 89 141 134 34 147 173 181 79 186 241 227 55 200 41 150 133 202 234 155 293 317 28 139 53 190 274 151 290 249 19 23 16 271 37 279 193 287 112 122 45 289 189 206 105 62 310 38 57 85 247 238 318 56 92 84 167 94 101 117 109 168 136 8 108 258 244 259 260 132 152 140 118 169 170 230 263 222 228 237 106 27 48 268 184 294 44 66 233 266 6 25 246 119 52 255 149 26 9 298 216 248 81 160 315 95 218 203 281 123 83 93 54 204 277 261 7 40 188 129 146 143 295 61 17 240 96 250 43 14 121 212 309 145 282 194 316 219 130 235 269 205 276 75 220 72 286 214 305 98 159 311 262 183 284 265 50 60 224 300 314 257 264 229 301 135 68 30 21 2 174 153 32 42 148 107 142 236 278 256 76 114 198 99 102 138 209 166 82 187 182 243 208 11 80 137 77 87 165 303 171 86 5 128 46 179 292 273 231 20 71 131 272 308 302 35 197 47 296 270 12 210 63 154 180 164 307 144 251 51 39 4 10 13 127 18 120 126 195 104 97 156 252 113 207 31 299 111 157 124 69 176 175 100 64 24 3 267 291 201 172 304 283 253 239 226 177 115 22 15 49 232 196 91 73 225 215 192 191 245 199 158 163 280 162 88 223 254 65 161 103 67 90 29 312 275 288 185 221 213 242 313 58 285 33 306 70 : 5231.77
1 1 
1 82 63 190 181 115 187 64 65 274 84 98 51 56 173 89 248 208 154 202 300 200 75 45 18 254 242 279 276 222 304 214 150 144 227 269 275 103 313 29 138 19 223 268 267 264 86 292 245 205 253 261 295 163 85 61 158 216 179 277 41 172 59 281 48 108 221 165 310 36 152 185 230 155 226 132 122 123 282 186 43 225 244 90 157 114 301 196 95 60 151 317 77 52 32 106 217 189 164 30 258 285 284 266 239 107 127 116 166 40 235 111 33 129 263 131 191 133 16 44 104 7 302 184 198 27 38 130 94 120 112 303 260 218 234 233 109 46 136 180 262 21 199 286 211 259 91 93 195 206 210 293 178 88 243 6 241 87 99 72 10 134 306 97 247 250 121 288 25 169 270 57 237 34 209 23 20 81 101 8 92 283 168 62 17 176 79 309 294 228 162 141 24 125 224 251 297 118 156 28 83 160 197 315 219 299 22 126 5 236 204 70 49 203 159 37 105 137 54 26 249 215 140 146 171 229 316 290 273 119 257 255 142 55 311 149 128 280 143 147 153 68 192 256 194 307 207 183 42 193 265 238 50 318 246 117 13 14 188 174 182 220 113 78 201 177 314 289 252 69 80 135 213 296 298 73 66 272 110 96 308 291 232 71 12 100 161 312 15 271 4 170 145 305 53 74 58 76 102 167 35 67 2 31 9 124 240 139 278 175 287 39 212 231 148 47 11 3 : 5092.78
1 2 
1 317 46 34 74 66 154 96 146 26 255 261 314 168 121 211 42 169 190 274 81 201 75 27 18 164 89 245 131 119 199 88 44 172 254 276 171 275 22 101 315 310 86 194 302 12 281 38 182 136 102 159 216 197 290 161 120 224 9 260 78 29 144 218 109 54 279 272 167 297 143 231 130 187 91 195 196 110 106 206 253 127 240 257 271 19 137 128 232 99 114 250 117 226 262 145 238 23 285 280 98 32 40 132 308 265 288 220 8 301 229 7 3 186 63 62 67 80 85 133 299 189 33 28 25 71 141 160 105 289 185 14 126 13 87 70 158 230 303 311 235 175 60 116 209 269 35 162 90 292 244 223 138 305 267 286 115 242 20 24 170 192 243 151 147 150 191 236 214 104 82 113 298 318 294 111 180 179 112 108 165 5 212 30 31 287 263 251 153 222 134 198 77 277 295 178 36 221 264 249 193 188 166 92 205 309 283 246 204 47 148 142 41 84 203 72 270 227 300 56 49 50 291 258 155 184 83 79 15 174 239 313 284 213 39 97 59 57 48 11 157 123 4 139 306 100 233 252 140 225 215 6 248 237 181 241 118 256 163 247 95 135 152 177 53 37 2 43 68 268 210 278 17 200 316 10 124 16 58 61 21 149 208 202 293 156 129 217 103 176 273 296 52 64 234 266 282 65 76 312 69 122 207 94 45 173 55 93 183 304 307 51 73 259 125 219 228 107 : 5098.75
1 3 
1 243 177 175 226 224 62 6 188 186 293 185 283 91 277 285 269 255 290 14 133 169 41 259 297 215 211 246 193 77 57 38 3 33 170 223 262 233 159 86 110 66 282 27 10 20 36 58 190 49 149 39 219 187 35 134 141 105 194 161 191 179 222 303 67 192 81 160 117 291 252 116 90 168 270 256 131 94 40 112 65 301 174 258 71 54 263 171 312 284 195 178 132 205 140 183 214 122 240 37 162 164 209 163 111 79 83 281 102 296 250 314 236 318 310 46 7 74 196 63 4 135 274 138 97 137 232 249 218 87 84 313 253 298 120 103 21 93 189 55 136 315 47 5 19 289 207 302 212 308 88 184 267 316 68 82 70 124 165 129 99 238 254 198 182 61 311 199 142 235 239 108 72 197 92 17 157 152 257 143 44 89 23 130 172 101 128 125 146 126 299 98 295 300 241 268 11 109 206 287 167 266 114 15 317 64 275 294 104 2 12 45 24 28 73 221 265 123 286 292 100 234 119 113 280 166 229 227 202 76 245 22 85 204 78 96 230 261 154 180 201 306 173 158 115 278 148 56 155 150 42 156 225 307 95 279 69 176 273 203 29 8 34 107 106 26 217 147 251 242 210 276 213 145 208 139 272 153 228 144 244 13 216 118 200 181 59 288 75 51 53 30 80 260 9 48 50 264 237 220 151 121 305 309 247 304 271 248 31 52 16 18 60 231 127 25 43 32 : 4921.83
2 0 
1 109 165 272 280 230 175 50 52 153 311 306 188 145 287 100 104 183 119 61 93 41 138 81 307 17 225 265 19 170 181 78 154 23 144 127 228 206 211 222 202 32 133 313 121 20 316 231 176 220 140 276 63 75 97 24 12 208 179 310 279 302 88 87 53 218 66 64 167 262 297 172 106 234 238 250 130 11 257 263 284 236 214 9 289 113 210 245 315 201 184 7 16 132 258 111 103 26 118 261 147 126 213 204 55 226 233 194 267 131 163 296 260 38 22 101 40 36 91 281 216 227 143 259 256 116 134 124 150 158 161 14 69 107 35 92 189 277 152 5 115 224 196 142 139 58 2 80 43 288 268 318 168 274 240 192 305 246 247 242 44 59 105 51 77 96 193 76 102 85 73 67 212 28 203 235 219 223 290 209 122 6 62 54 57 255 120 149 112 215 180 141 128 205 15 48 304 292 251 312 185 29 123 303 308 191 159 187 47 10 198 244 42 195 249 27 110 125 186 156 243 269 253 45 252 232 82 207 197 37 114 285 171 72 83 99 178 298 248 169 98 3 25 68 136 229 200 177 275 18 282 137 239 254 33 34 4 221 60 164 30 293 74 49 65 301 309 283 199 190 148 237 117 39 270 13 21 71 173 286 266 89 157 314 108 278 271 182 299 84 300 90 160 86 31 217 46 273 94 166 291 151 155 129 264 241 8 70 56 317 146 162 79 295 174 294 95 135 : 5047.99
2 1 
1 177 303 248 73 266 191 280 254 22 64 28 186 281 267 312 80 142 5 16 49 208 60 105 68 289 262 226 205 166 110 296 239 246 283 209 284 304 299 251 271 272 79 196 72 76 207 152 160 67 169 308 231 230 279 316 99 165 90 74 56 32 290 201 134 100 92 314 111 70 227 234 19 195 190 4 106 81 150 182 170 240 274 250 285 130 40 54 88 93 143 86 219 121 126 25 135 305 223 247 65 317 55 33 298 41 107 127 120 2 244 273 265 236 287 288 153 210 48 44 57 253 217 158 200 212 183 249 197 62 301 30 172 131 114 179 260 43 241 35 115 161 39 258 13 214 113 140 123 173 187 232 112 156 192 225 138 211 199 180 278 7 75 294 255 286 302 203 245 300 104 139 83 243 256 146 311 157 233 109 268 188 42 218 292 98 122 103 6 118 291 295 51 155 145 318 129 15 309 141 315 24 53 38 189 148 263 14 117 215 297 252 204 198 97 119 206 36 282 261 220 293 276 31 82 242 136 162 306 50 174 193 307 185 171 10 108 228 213 96 9 154 95 128 164 69 8 29 168 270 175 159 259 224 124 144 222 269 84 181 26 18 167 178 58 133 20 11 47 313 264 235 257 163 194 151 77 78 202 221 238 52 275 132 27 3 23 45 71 21 184 310 89 216 37 229 237 147 125 34 59 12 176 87 61 63 101 66 94 17 277 85 91 137 46 116 149 102 : 5146.22
2 2 
1 116 103 271 138 207 236 224 182 77 129 145 262 95 28 89 48 91 296 29 161 38 315 251 228 72 187 99 229 288 226 113 22 57 32 222 244 119 260 75 94 269 197 148 46 152 6 85 16 60 159 217 86 87 17 274 300 171 84 82 247 165 175 163 285 66 88 202 101 200 81 97 146 151 301 185 157 215 63 270 118 208 297 150 172 304 273 216 225 114 9 109 313 214 126 42 307 282 203 280 107 130 155 194 115 210 189 192 220 104 64 52 3 190 221 230 278 317 308 293 7 241 211 257 302 67 147 117 133 305 24 272 227 93 20 58 53 100 96 154 263 314 248 233 303 158 11 249 144 166 234 238 299 261 276 292 14 31 137 54 8 23 279 286 68 90 12 245 153 204 136 30 164 61 76 5 176 199 184 193 283 254 231 291 309 256 51 127 27 168 255 209 160 252 177 74 198 25 47 310 131 55 178 65 188 123 284 206 180 298 287 265 277 294 128 141 201 106 258 10 149 110 108 179 134 173 205 21 124 246 223 267 156 80 239 196 312 174 183 213 306 18 112 71 186 34 275 44 45 40 49 4 316 120 33 135 191 268 142 169 181 140 62 167 2 266 242 132 253 143 219 195 232 289 170 139 13 122 125 105 56 70 78 39 121 250 235 41 36 290 162 59 281 311 26 37 92 19 43 259 15 50 218 295 73 79 264 212 240 69 102 98 237 83 35 243 111 318 : 5250.47
2 3 
1 5 130 278 19 183 196 83 97 176 43 144 315 313 246 129 30 193 162 91 233 210 79 113 139 146 107 153 305 288 141 306 93 217 33 226 215 272 291 231 160 190 86 28 202 173 298 116 218 184 82 276 304 132 122 108 219 115 180 80 78 280 314 208 112 65 171 7 72 124 237 123 137 203 316 117 127 3 213 109 179 175 81 59 266 220 148 212 125 8 158 23 64 21 6 178 169 300 222 145 11 128 290 154 293 309 239 242 77 55 279 194 281 24 4 84 100 38 258 261 157 41 50 51 248 301 13 74 95 119 12 103 187 110 166 94 73 223 227 249 52 14 53 267 17 89 36 142 32 216 270 126 104 22 252 138 133 254 271 214 245 198 206 92 105 85 167 264 70 75 247 151 256 303 195 259 200 69 31 99 181 250 292 101 48 232 10 209 257 159 251 76 18 68 168 177 265 172 47 26 45 263 275 62 241 174 240 152 229 111 308 307 131 35 274 185 44 161 236 253 269 118 197 114 221 234 147 294 67 98 295 268 165 205 54 66 87 188 96 25 277 189 285 156 192 228 155 211 39 244 182 140 29 56 16 191 20 199 121 296 318 297 238 243 235 15 204 286 135 106 60 260 150 312 207 273 71 262 143 40 57 49 102 46 58 284 310 201 283 230 9 170 163 2 37 224 34 134 120 317 90 287 255 149 42 186 302 311 88 63 299 61 225 136 27 164 282 289 : 5233.28
3 0 
1 210 188 317 38 271 295 143 268 288 168 240 201 231 226 76 279 150 29 11 9 156 91 93 45 171 152 217 186 72 303 198 230 146 306 221 286 157 251 258 293 19 110 177 103 25 21 107 118 207 176 242 129 183 117 105 222 153 47 141 7 2 144 290 181 82 75 61 132 253 296 269 102 302 31 33 108 111 135 32 148 215 115 238 187 101 120 96 189 81 162 262 292 175 169 278 139 182 44 200 233 265 211 163 154 59 112 130 158 261 172 26 282 257 248 299 275 173 90 13 46 49 289 70 28 116 252 83 113 283 78 73 202 80 151 244 263 160 246 67 54 15 305 20 35 316 8 27 273 131 133 199 204 318 276 164 37 266 236 237 56 170 277 311 62 57 74 315 23 10 127 134 149 235 50 89 14 145 147 87 86 71 68 22 223 94 281 196 203 121 300 241 239 119 12 122 125 225 77 280 313 79 220 106 249 255 166 298 100 193 60 214 256 250 84 95 301 167 43 104 30 142 48 291 209 24 63 274 192 58 36 138 159 5 178 228 126 65 109 140 42 92 53 184 195 243 270 17 52 39 55 309 161 216 180 185 194 97 16 137 206 294 272 3 155 190 64 51 41 191 124 4 259 219 179 307 247 136 85 99 165 208 128 310 213 312 314 285 197 6 18 40 66 174 227 88 264 229 224 34 245 218 123 98 69 284 297 267 212 308 205 304 260 254 234 287 114 232 : 5117.05
3 1 
1 120 213 225 297 308 199 123 117 134 135 124 263 250 302 140 138 104 11 282 257 33 89 40 47 266 267 254 275 46 207 17 205 214 239 189 60 295 248 307 113 145 318 128 105 59 125 63 15 43 191 283 258 215 82 132 270 146 122 118 25 224 228 93 178 218 234 106 152 68 77 183 294 182 313 238 255 172 222 163 296 253 260 256 185 276 14 317 309 229 233 84 74 280 303 51 49 312 186 259 28 161 153 158 18 210 194 273 137 22 311 143 291 284 100 144 166 148 30 3 133 151 179 240 293 66 130 249 204 246 126 109 48 8 184 237 236 54 38 232 223 21 87 261 171 180 58 103 314 67 55 292 101 136 108 139 264 188 142 129 35 155 10 27 34 39 13 81 272 94 196 6 269 305 57 208 169 300 70 315 98 226 157 198 23 86 202 53 95 107 37 116 271 31 227 165 7 162 50 304 268 245 244 110 91 72 73 175 127 298 306 24 241 111 159 203 201 278 247 112 5 168 41 154 156 149 209 287 262 235 115 174 177 4 90 97 26 20 190 2 211 78 299 216 192 64 29 141 279 65 285 200 121 316 36 310 45 217 219 96 99 195 9 61 212 221 176 206 187 80 173 76 62 220 288 170 83 42 131 242 252 286 230 114 277 85 32 193 290 71 52 119 19 167 88 150 164 289 281 243 231 251 160 265 16 147 75 274 181 301 79 12 56 197 102 92 69 44 : 5205.24
3 2 
1 165 131 108 312 221 270 264 267 210 256 294 209 262 224 292 314 80 281 231 202 199 246 278 309 147 40 83 286 2 124 81 42 61 184 100 200 277 190 274 157 143 98 86 291 306 118 238 227 183 4 111 39 233 268 46 128 248 243 214 186 192 16 269 285 296 287 182 37 68 52 41 13 136 170 9 6 101 82 135 121 54 18 122 87 89 159 150 110 235 318 254 152 213 58 97 201 92 189 236 24 14 239 241 70 226 177 132 247 220 305 167 279 216 27 178 302 96 185 69 222 149 62 23 17 164 173 272 276 284 163 109 175 166 12 71 74 141 84 99 19 162 55 137 225 297 271 91 49 28 106 197 168 249 115 263 240 245 300 204 105 181 32 156 261 8 145 90 140 11 120 25 33 230 215 275 242 237 283 88 29 51 114 129 187 288 47 36 205 126 22 311 293 75 153 77 198 172 280 44 133 26 79 53 212 299 66 30 155 107 174 290 315 65 259 144 64 45 104 43 142 308 303 206 196 179 21 113 188 207 50 134 112 151 158 125 60 123 191 307 20 176 223 193 180 282 119 228 260 102 258 95 76 160 31 251 7 3 48 94 295 266 229 38 93 34 10 211 73 15 56 298 169 59 304 273 217 116 154 85 252 232 265 244 219 234 161 171 250 253 257 218 5 63 72 317 203 310 316 146 35 130 148 313 117 138 57 289 139 255 301 78 67 127 195 208 103 194 : 5041.4
3 3 
1 36 250 206 243 111 93 207 101 131 258 263 227 295 108 237 179 186 191 317 282 242 211 147 150 271 148 198 163 218 4 29 58 169 77 81 54 114 151 22 7 49 21 155 199 213 181 279 285 134 59 141 128 122 278 252 41 73 14 26 276 254 176 28 42 247 185 197 106 296 126 204 88 187 205 184 37 157 25 220 238 300 269 297 53 219 94 196 189 188 190 115 311 109 234 129 44 92 119 289 313 137 132 84 166 299 305 270 249 275 143 236 78 314 8 193 200 182 138 5 102 20 39 159 31 47 312 127 6 11 225 172 23 104 202 264 17 292 268 229 85 83 298 124 82 280 228 217 160 208 168 66 257 260 315 210 195 69 156 287 149 62 10 103 294 152 304 86 244 261 251 139 90 310 293 18 125 48 105 51 96 80 265 177 161 19 79 71 146 107 46 112 158 214 256 38 40 30 99 290 75 135 91 56 55 209 194 27 286 230 117 32 316 68 123 175 153 240 34 266 43 308 98 262 231 215 136 222 52 183 164 57 64 60 306 288 301 248 216 162 283 145 233 171 212 167 97 140 235 142 281 309 223 221 45 67 100 201 255 180 16 116 3 33 87 74 267 253 245 65 303 120 12 302 61 259 273 224 239 246 241 130 63 72 203 154 291 89 35 2 24 165 272 277 76 9 284 173 95 121 70 113 110 13 15 192 318 226 232 144 178 174 170 118 307 50 133 274 : 5115.48
4 0 
1 136 70 233 154 55 4 250 8 14 293 132 227 63 216 116 46 78 73 69 13 311 38 209 146 180 205 309 71 304 190 269 42 35 27 15 36 178 174 282 291 52 98 231 279 247 264 244 24 29 108 39 295 112 59 114 10 220 265 94 82 57 48 157 75 183 197 276 248 139 289 254 2 246 207 203 241 283 262 189 95 109 270 181 74 3 232 222 44 158 186 165 86 87 206 228 122 149 133 45 237 235 229 238 284 299 80 300 278 33 160 32 107 121 19 150 96 22 56 89 91 18 211 263 161 37 51 138 120 266 172 173 195 83 217 142 7 88 169 201 153 148 258 261 30 102 84 100 255 288 176 11 156 131 162 184 159 16 17 60 267 252 310 242 225 34 214 134 92 53 182 223 163 305 307 274 164 67 127 124 260 215 101 272 297 144 117 185 167 256 151 259 123 226 303 212 61 253 302 198 106 292 290 236 141 166 93 230 219 128 25 103 12 77 277 137 41 99 58 115 143 318 135 210 26 65 64 68 316 208 110 130 147 152 145 239 126 221 43 104 85 298 285 249 125 224 296 129 40 21 317 50 188 281 97 175 47 275 5 23 308 194 192 113 76 280 199 187 118 301 170 294 62 28 193 200 273 243 66 240 286 271 306 6 213 179 312 81 105 72 54 140 20 31 268 119 204 191 79 314 251 155 234 168 257 218 49 313 202 9 90 315 245 177 171 196 287 111 : 5074.73
4 1 
1 214 163 119 318 261 65 283 315 245 109 19 206 82 294 171 35 250 229 241 181 267 189 98 144 175 72 71 141 173 251 282 239 76 224 53 61 177 52 269 26 79 2 33 17 48 27 28 317 150 51 138 143 140 268 108 20 36 197 201 183 311 308 130 265 112 54 105 300 205 281 277 152 236 243 116 234 213 252 199 91 296 18 270 118 92 179 274 107 11 137 200 290 301 10 94 198 263 117 56 220 46 4 15 237 212 256 314 121 38 156 233 226 7 157 240 110 223 211 113 47 232 186 208 231 248 124 209 74 8 193 89 5 23 164 44 31 145 273 131 310 255 312 129 43 69 57 123 188 45 169 97 238 14 149 278 271 3 127 227 298 165 114 25 37 83 153 172 41 60 29 99 102 235 176 136 128 215 230 222 125 289 185 161 104 135 272 304 180 16 68 316 303 195 190 266 192 42 34 191 302 66 75 59 286 204 275 257 264 244 295 246 120 86 55 309 85 40 73 307 288 95 187 305 160 174 254 299 242 90 202 62 178 221 12 158 287 96 80 84 134 81 203 284 292 184 253 280 103 32 154 21 166 258 162 88 78 115 276 155 13 210 306 64 170 219 30 216 133 207 279 260 77 67 122 106 132 9 159 293 151 194 182 142 6 63 22 168 147 101 291 262 148 196 285 70 228 39 111 58 93 146 49 50 87 100 249 225 139 247 218 167 217 313 259 297 24 126 : 5065.03
4 2 
1 229 189 87 150 209 107 27 50 96 270 259 298 239 250 133 31 22 62 223 317 43 90 38 61 262 238 287 168 222 245 131 10 97 273 228 282 137 166 297 81 159 246 279 29 49 306 284 142 300 135 17 8 212 176 103 30 216 198 106 35 188 154 39 80 65 187 296 33 311 54 93 156 307 261 292 11 64 24 278 169 99 180 109 83 233 269 235 162 120 92 290 25 175 255 170 130 121 143 251 274 271 236 224 140 57 183 265 119 152 316 196 84 88 241 263 127 112 285 272 72 301 293 118 161 232 257 219 148 34 151 277 146 108 36 42 48 78 201 86 193 70 125 128 132 280 174 291 308 283 145 286 244 221 46 47 225 74 220 138 197 315 79 77 105 192 312 172 71 141 227 204 63 115 208 55 12 21 37 252 101 126 85 248 305 4 102 267 116 147 249 68 52 136 13 149 275 75 309 111 100 268 144 299 171 14 313 129 253 214 110 210 177 231 113 20 276 202 122 186 178 295 206 199 9 18 200 303 302 254 82 69 94 182 243 264 289 5 190 288 205 95 139 213 2 164 32 26 163 179 98 294 194 66 318 45 28 16 59 234 60 44 304 310 314 242 226 181 195 160 173 217 158 281 185 203 73 7 6 211 230 117 155 76 67 104 153 266 58 260 258 91 191 19 184 165 51 23 40 15 167 123 157 237 247 3 207 124 41 53 134 114 56 256 240 215 218 89 : 5143.95
4 3 
1 290 234 134 128 131 233 294 34 51 298 228 272 49 200 312 301 129 137 104 181 79 168 235 209 135 57 94 120 153 14 36 186 69 118 18 232 211 274 13 154 192 246 86 295 39 205 193 173 184 174 5 242 109 282 215 101 45 10 114 220 248 9 166 315 226 44 35 249 313 43 61 20 171 175 140 185 88 317 237 254 257 139 89 65 293 310 155 264 160 189 183 187 169 42 182 130 84 99 6 28 167 62 198 245 159 195 306 176 41 4 143 251 149 59 146 227 256 308 197 38 286 179 284 241 156 48 214 113 123 7 172 201 98 158 46 236 259 202 260 151 141 30 71 95 37 87 116 81 52 219 229 238 268 318 262 144 111 74 213 106 27 78 133 103 19 56 22 239 289 273 21 278 124 115 247 126 307 285 180 283 119 261 277 70 17 33 138 161 275 83 255 309 217 110 54 221 112 96 15 204 190 170 210 265 270 269 2 302 216 105 292 47 150 117 80 177 258 252 72 300 316 67 63 122 82 58 85 207 23 263 280 125 24 91 162 196 206 31 164 64 3 121 11 279 296 152 299 225 240 127 288 147 90 208 303 223 26 50 75 291 178 231 243 102 53 40 73 145 212 191 224 142 253 188 266 97 68 92 32 12 77 76 163 230 93 8 276 287 100 267 60 244 218 66 165 297 194 203 199 271 108 107 55 29 314 148 25 157 250 222 16 136 132 305 311 304 281 : 5265.46
5 0 
1 135 110 149 192 38 71 210 43 61 176 100 9 236 313 118 237 76 79 150 185 315 231 199 117 155 48 21 42 217 28 272 258 239 207 206 254 141 222 96 12 235 200 275 161 32 144 132 291 225 46 103 197 285 63 171 223 248 241 121 234 257 250 20 15 19 300 4 114 55 59 140 242 91 229 108 306 311 268 81 11 157 309 173 97 125 271 194 143 247 269 177 204 105 74 51 2 112 14 203 179 39 232 246 290 116 186 93 287 16 136 119 78 44 281 167 18 36 77 280 224 165 62 53 80 122 297 284 130 170 87 10 41 316 58 288 262 305 56 66 92 162 202 274 172 175 294 94 264 163 57 198 124 72 89 160 129 168 303 166 265 249 267 296 293 317 216 90 164 123 22 27 26 302 283 111 99 131 156 278 145 221 209 238 211 37 244 310 282 52 188 29 134 73 219 226 270 256 253 191 266 218 13 147 276 6 30 107 50 251 308 67 35 154 195 301 240 277 314 233 88 292 299 312 227 169 120 212 5 159 68 187 126 33 286 213 245 146 98 152 82 54 104 85 128 60 182 17 23 47 24 31 137 158 40 298 84 70 318 64 95 259 49 113 220 106 214 196 243 228 139 109 45 75 190 205 230 65 69 178 174 215 252 102 101 261 3 7 153 83 304 289 151 208 8 86 295 307 181 189 148 138 115 25 133 34 183 273 260 184 180 263 201 279 255 193 142 127 : 5084.63
5 1 
1 19 47 173 81 102 56 68 273 210 55 103 29 33 282 52 293 143 124 42 72 23 250 208 209 75 77 265 108 211 306 301 241 79 183 22 7 15 54 218 280 87 298 222 40 89 144 95 199 203 97 279 223 291 271 163 309 256 101 205 299 264 70 248 25 285 246 90 225 133 113 170 247 253 175 213 8 128 4 160 220 63 57 107 307 303 131 142 317 99 9 295 300 202 137 61 69 104 93 67 169 221 158 111 152 191 119 217 36 186 277 281 39 228 132 139 262 310 150 302 94 3 134 289 62 224 238 112 237 38 138 116 46 200 118 48 236 53 66 14 212 180 110 5 28 274 178 153 136 82 312 187 176 197 10 6 126 283 318 30 27 159 88 275 304 109 64 98 71 123 232 165 305 172 13 83 105 157 193 125 92 84 41 252 308 121 227 267 216 219 37 166 161 171 259 269 140 276 96 258 100 201 18 106 65 185 168 204 255 86 296 177 195 135 147 292 311 59 254 229 115 192 91 141 235 146 127 149 190 80 184 215 196 287 179 58 266 43 20 32 249 233 294 2 198 234 214 268 290 260 155 188 154 316 284 270 226 288 130 286 49 261 297 314 207 78 148 251 122 50 44 85 239 240 278 156 129 35 16 174 189 162 243 34 117 313 245 17 272 182 145 26 60 31 244 231 24 11 181 51 151 230 315 120 242 194 45 114 257 12 167 76 263 74 21 206 73 164 : 5324.07
5 2 
1 308 152 226 53 294 30 194 12 99 62 293 163 13 14 242 272 204 284 207 36 20 21 33 57 259 249 286 300 143 210 149 276 239 209 74 159 138 45 80 157 240 146 174 197 37 100 69 2 288 260 128 228 75 79 302 280 198 61 144 10 3 147 199 299 88 103 258 137 161 173 5 38 314 11 96 91 233 307 50 139 92 179 219 113 215 262 55 110 87 52 86 164 309 223 201 116 17 311 43 140 221 270 261 196 15 212 177 186 211 217 51 251 182 97 206 134 89 187 227 266 291 170 305 129 6 117 108 154 63 130 264 255 98 67 306 188 19 31 32 64 166 142 248 18 263 247 120 25 101 85 195 27 106 66 192 141 298 203 95 185 290 273 256 112 183 237 267 282 277 297 269 220 124 200 229 279 90 71 48 115 180 175 295 171 316 132 126 156 7 72 46 73 39 301 118 172 123 244 82 246 287 283 176 265 191 181 104 34 205 313 136 102 235 190 168 318 275 65 44 148 76 243 232 77 47 153 26 22 68 70 271 41 4 257 29 214 304 231 253 236 42 158 125 94 184 8 289 84 54 105 127 310 230 222 78 60 202 224 83 213 131 81 317 56 119 135 133 114 150 59 28 193 9 145 35 160 292 278 312 303 155 58 16 218 254 189 250 169 208 162 245 109 238 93 122 274 315 234 296 24 151 216 281 285 165 107 268 225 23 178 121 241 252 40 49 167 111 : 5331.98
5 3 
1 9 263 264 270 42 259 56 114 130 285 102 277 92 258 69 169 145 14 147 167 153 163 116 117 235 152 51 256 226 6 180 82 75 174 253 136 106 126 16 12 104 84 239 187 189 70 94 197 182 22 32 316 85 201 301 93 35 194 95 295 185 26 157 166 65 2 23 7 37 38 176 59 292 162 255 8 17 3 173 186 230 41 171 193 61 245 280 68 309 105 209 311 205 74 279 261 243 149 60 215 62 55 251 118 222 132 266 236 271 207 77 98 183 297 269 76 138 10 5 107 155 272 218 247 151 317 288 181 216 141 178 99 33 188 250 213 66 113 109 72 101 281 310 164 125 202 137 217 248 203 87 15 91 57 282 199 119 67 73 206 293 260 148 242 262 195 318 267 211 298 268 308 299 229 150 11 283 307 78 146 244 144 135 160 86 31 121 276 237 71 232 154 177 314 97 172 219 290 241 190 88 312 165 134 19 274 110 24 4 111 221 80 53 252 273 13 179 159 313 233 240 129 286 208 142 175 108 225 30 20 25 50 46 234 212 265 48 115 156 100 52 103 133 29 112 284 302 47 90 83 127 39 123 184 296 278 303 300 249 139 204 210 124 131 228 238 223 79 36 287 170 191 89 289 275 220 120 122 28 64 21 168 291 63 96 227 246 224 231 304 43 140 54 44 294 315 254 143 45 214 27 161 81 18 196 158 198 34 200 128 192 305 49 40 257 306 58 : 5037.27
