0 0 
1 3 8 5 4 107 111 122 144 109 121 112 116 212 222 219 238 119 118 221 231 139 143 269 262 300 254 268 289 259 270 215 214 260 255 140 131 145 168 38 146 147 163 167 284 299 171 283 291 305 245 266 142 129 235 120 208 117 257 253 258 151 149 179 176 177 35 34 132 123 114 138 166 210 174 194 200 205 312 199 307 186 161 162 187 66 184 189 188 175 193 290 165 296 311 203 302 192 285 294 170 265 273 304 287 252 249 251 250 281 282 293 148 164 172 169 178 182 180 309 276 271 280 275 286 277 278 267 135 128 124 242 233 224 244 313 234 227 314 246 237 218 223 248 247 318 261 263 232 236 292 195 183 65 156 153 136 39 63 53 52 42 43 14 13 108 9 12 19 36 28 20 23 24 18 16 79 57 60 158 152 157 159 155 160 181 191 173 274 308 295 288 301 310 279 298 297 256 272 240 264 213 239 226 216 211 110 133 113 209 130 243 217 220 225 230 229 228 241 197 81 75 91 82 71 77 64 41 37 25 17 73 69 70 74 196 87 204 303 201 88 190 202 198 315 306 185 58 54 44 89 76 207 94 62 78 96 101 93 92 317 316 72 45 50 31 29 22 26 27 104 55 105 15 103 21 10 11 6 2 7 56 67 85 47 40 46 154 61 141 125 126 127 106 115 134 137 150 49 99 90 98 68 97 102 80 206 100 95 83 86 84 59 51 48 33 32 30 : 1866.8
0 1 
1 6 7 11 23 28 32 129 132 142 141 159 293 292 296 199 288 166 170 311 299 198 203 189 186 172 69 76 99 97 83 67 92 102 101 96 68 59 72 44 8 5 13 120 107 106 115 112 108 117 208 125 135 138 148 144 240 243 233 230 215 223 229 268 285 287 272 249 248 253 246 236 241 239 143 305 279 290 165 286 289 307 306 195 295 283 274 308 304 271 278 309 175 174 151 157 147 211 163 179 291 301 205 312 303 310 280 294 264 266 260 252 262 282 302 192 194 191 167 210 190 176 177 169 80 62 25 17 39 137 136 133 121 150 128 127 126 134 152 45 50 46 37 34 35 38 146 153 155 160 145 209 164 161 182 171 297 263 256 254 298 318 276 300 269 258 259 315 255 200 277 273 281 265 235 234 221 226 245 214 219 238 313 250 257 275 270 124 130 156 162 188 154 42 12 15 10 116 114 217 232 119 314 220 109 212 110 4 111 113 216 213 244 139 225 222 218 247 224 228 251 237 227 231 122 140 123 149 66 88 178 185 52 47 51 77 183 87 181 204 184 173 86 91 89 55 56 105 71 317 316 40 33 30 31 22 29 21 2 3 9 16 27 36 104 43 85 48 41 49 54 64 82 84 81 70 73 75 74 78 79 57 58 53 14 158 131 242 118 187 201 197 95 93 196 63 60 61 65 90 98 100 207 202 206 94 193 284 261 267 180 168 26 18 24 19 20 103 : 1721.93
0 2 
1 24 19 26 18 17 35 34 146 255 247 213 232 313 109 217 220 242 240 233 227 215 223 224 236 228 244 226 219 234 212 122 128 150 147 225 110 211 222 218 238 241 170 292 289 285 214 246 248 271 291 283 281 299 306 294 171 199 307 180 174 69 74 172 275 297 263 142 141 243 143 231 118 130 123 158 163 162 151 156 157 161 210 188 60 66 168 178 124 126 133 127 138 139 239 132 131 134 120 117 121 235 116 13 14 43 51 83 91 92 102 98 99 144 250 259 290 305 301 287 166 165 269 315 256 265 261 258 314 267 252 264 268 249 245 273 254 230 216 221 119 266 272 260 251 262 304 280 302 278 303 140 149 164 209 108 114 237 229 136 41 36 33 44 45 71 82 77 105 50 27 12 10 11 15 21 103 20 28 47 86 196 177 179 311 153 175 200 182 88 293 284 277 288 282 312 309 296 286 308 276 270 318 253 257 274 310 298 300 194 173 167 169 61 155 148 208 137 111 113 135 125 129 185 186 195 181 184 90 89 100 187 190 183 176 73 84 97 78 63 53 58 57 54 29 22 32 67 75 76 70 72 101 79 64 56 68 80 85 96 46 52 42 55 316 49 317 104 62 59 48 40 23 30 31 7 6 16 189 193 204 87 191 154 145 38 37 25 39 159 152 160 279 205 295 192 198 206 201 65 95 197 207 94 93 81 202 203 115 112 4 9 8 106 107 5 3 2 : 1751.39
0 3 
1 23 28 31 24 19 36 54 92 105 63 66 160 153 155 147 90 93 79 77 84 183 60 61 5 132 130 144 270 318 297 311 307 192 204 312 199 293 290 296 284 262 119 108 113 14 17 18 25 27 46 85 69 101 197 94 201 75 189 267 274 170 250 243 110 221 213 109 239 273 269 216 215 214 271 279 278 174 171 276 263 285 300 303 306 282 261 235 249 253 245 236 247 266 314 257 259 255 238 241 264 234 139 151 154 164 96 86 59 30 21 33 15 2 3 8 316 317 45 53 156 169 180 150 103 20 32 104 49 57 29 22 10 11 6 7 41 40 71 67 91 44 42 51 47 52 64 87 190 288 283 286 299 281 315 305 304 309 308 246 223 237 240 225 226 230 229 143 248 298 280 203 185 200 301 295 294 287 196 220 122 137 26 16 135 126 4 9 111 106 107 125 133 142 209 159 167 210 70 68 72 205 193 188 186 152 181 184 95 88 99 83 292 100 173 178 166 148 157 162 161 141 258 313 231 219 227 242 228 232 114 118 211 212 222 224 217 244 39 34 136 121 140 198 191 195 177 187 81 73 80 102 207 176 97 78 76 98 302 175 254 272 256 252 251 289 291 275 310 260 265 233 218 116 112 115 120 134 128 124 35 38 65 206 172 182 202 194 62 58 168 165 158 179 277 268 131 146 149 163 145 129 208 123 117 13 127 138 43 48 50 55 56 74 89 82 37 12 : 2028.19
1 0 
1 151 148 168 293 281 191 94 173 194 167 159 141 130 131 121 132 125 208 254 261 257 144 123 269 277 171 268 234 215 241 266 165 309 287 280 279 274 284 267 252 243 214 219 235 218 217 222 236 213 109 237 229 118 166 193 295 283 275 300 292 291 303 204 202 100 36 33 43 46 77 93 67 13 120 129 122 39 145 63 190 69 78 206 95 98 76 92 207 189 169 182 178 311 205 307 294 299 276 271 256 304 305 298 250 233 244 246 223 224 140 116 111 112 117 146 139 240 228 247 107 106 115 108 164 88 87 187 65 198 203 210 61 197 71 99 59 52 62 105 72 96 64 73 70 74 82 83 55 40 317 104 47 44 41 49 316 75 85 102 89 91 101 81 68 48 12 29 32 30 60 42 58 54 51 53 26 31 16 3 10 103 21 23 20 28 50 57 80 86 56 37 38 153 147 142 152 162 302 180 308 310 282 251 262 260 258 196 201 185 176 161 155 177 184 195 192 306 312 253 314 225 226 238 231 239 313 232 227 114 113 136 126 127 135 133 216 230 242 220 110 259 143 179 66 90 97 84 79 183 174 181 188 301 249 245 248 270 273 288 296 278 297 285 163 157 158 149 156 160 209 34 45 6 2 7 11 35 15 22 25 24 27 18 17 186 175 289 286 199 124 138 128 4 221 318 315 290 272 212 211 119 264 263 265 255 150 170 200 172 154 137 134 14 5 9 8 19 : 1912.9
1 1 
1 18 25 164 61 161 146 157 168 153 159 184 189 188 176 187 198 287 288 244 318 275 248 249 222 110 220 148 129 117 108 137 34 3 2 6 7 15 29 103 317 85 77 78 316 17 12 56 151 154 209 149 156 210 160 163 158 140 243 269 180 174 199 295 303 298 290 305 270 304 310 289 273 252 271 234 231 122 216 314 241 141 131 124 132 133 36 21 22 11 10 49 60 172 147 144 315 237 246 121 112 125 120 127 114 136 150 28 33 104 48 30 31 8 20 32 40 26 37 9 16 27 45 50 55 80 92 97 102 81 196 89 74 46 43 63 91 90 191 292 294 179 193 173 202 204 307 277 235 213 123 138 135 39 152 171 167 266 142 155 260 139 313 217 128 126 35 42 44 69 99 86 82 71 67 68 54 53 41 52 98 83 79 70 19 24 23 58 115 5 111 118 239 240 227 229 162 145 95 197 181 200 312 205 192 296 308 267 262 251 284 302 276 256 255 261 280 214 223 247 232 228 225 211 109 221 230 212 113 107 4 106 116 208 134 13 14 130 119 236 264 165 242 226 218 224 254 258 265 268 283 286 299 279 274 272 278 282 194 203 291 297 309 175 94 88 169 38 182 206 311 195 178 185 75 73 84 72 183 177 190 100 186 301 306 293 250 166 245 263 253 257 143 259 170 285 215 238 233 219 300 281 66 93 76 62 59 105 64 96 101 207 87 201 65 57 51 47 : 1938.59
1 2 
1 6 7 10 11 15 22 52 77 76 65 100 207 85 68 64 50 40 31 189 167 162 160 154 75 48 49 41 46 59 70 80 202 181 66 210 149 14 115 116 127 137 133 124 217 114 26 108 106 111 112 117 131 121 211 216 219 215 235 241 209 151 132 129 123 122 212 244 223 247 281 300 295 193 288 257 261 282 186 188 63 51 43 25 16 19 36 134 113 255 184 172 87 157 152 153 163 159 150 18 17 24 103 3 8 9 39 148 314 95 197 196 187 180 179 174 175 200 309 275 260 266 269 165 170 171 291 286 191 74 89 83 97 101 67 73 81 84 102 91 82 71 79 54 47 62 69 37 33 23 28 20 12 21 32 29 42 27 13 136 138 128 208 120 34 35 145 60 61 57 90 94 195 205 306 294 304 270 177 185 198 183 190 201 206 166 265 240 231 227 222 249 278 302 292 293 147 155 143 262 268 139 140 141 125 135 107 126 5 4 118 238 267 256 264 246 251 259 221 226 236 233 232 237 318 245 258 144 142 130 109 110 220 213 119 230 273 297 283 290 204 192 271 228 242 315 239 146 158 169 161 164 178 199 296 287 280 289 276 263 229 224 214 234 253 248 243 225 313 218 252 274 279 272 298 305 310 88 194 182 168 173 176 86 72 96 98 99 92 93 203 312 307 303 299 284 285 308 311 301 277 156 254 250 38 105 55 56 58 104 78 53 44 317 45 316 30 2 : 1810.91
1 3 
1 6 7 10 11 15 33 36 20 104 43 48 23 28 103 21 22 30 24 39 182 174 178 187 176 183 66 172 184 177 198 301 200 197 88 317 32 31 26 18 16 19 27 29 42 164 210 308 280 286 276 299 295 296 300 270 252 245 243 139 179 185 163 159 147 146 140 230 211 4 9 17 25 37 41 50 98 89 94 186 202 84 77 78 67 73 81 53 52 92 56 54 62 105 86 74 90 99 101 97 82 47 58 64 72 80 85 91 102 100 189 190 160 156 161 175 171 277 192 199 312 309 298 287 60 173 65 75 46 40 49 55 59 70 61 38 35 135 126 114 123 248 297 310 303 204 194 205 294 305 304 251 166 168 149 180 165 274 250 271 290 306 195 95 201 69 76 283 282 279 307 193 181 191 87 196 206 207 203 291 275 288 259 268 246 131 124 132 130 138 137 129 143 313 225 141 122 150 155 162 157 311 293 258 266 315 269 314 272 273 285 284 254 263 281 292 302 318 257 227 219 215 224 236 119 213 232 241 235 216 244 237 218 256 233 239 234 228 229 240 220 110 118 121 14 13 12 8 3 112 107 106 34 5 115 116 117 142 208 125 120 108 113 223 226 214 249 262 253 247 238 212 109 136 134 127 111 128 133 217 221 222 231 242 289 278 170 267 265 255 264 261 167 154 260 144 209 153 145 152 148 158 151 169 188 57 51 44 316 79 83 96 68 71 93 63 45 2 : 1721.21
2 0 
1 10 68 278 203 82 288 184 4 37 156 231 136 132 252 233 267 264 258 310 186 145 106 137 126 119 239 223 249 280 309 191 155 318 181 84 28 7 6 245 121 185 167 15 30 104 286 54 48 51 212 202 241 242 251 80 92 152 90 226 189 190 71 188 20 170 197 43 157 85 306 180 117 141 209 131 45 12 282 46 222 151 38 311 56 229 40 9 113 218 201 98 73 260 143 52 94 112 262 225 220 243 269 277 65 275 247 244 154 213 16 296 78 274 284 127 125 182 103 316 26 102 193 13 208 27 171 93 22 162 211 168 291 238 61 115 314 227 49 59 64 261 109 195 178 159 140 67 134 240 172 60 304 271 166 133 105 99 276 279 294 69 265 35 36 236 315 179 158 142 39 217 122 19 301 95 77 75 97 91 101 292 123 221 308 42 86 83 165 300 200 3 163 18 207 150 317 254 228 96 53 70 272 232 183 297 266 79 259 108 237 74 199 25 216 110 66 289 62 224 72 129 14 124 196 230 255 273 187 24 31 148 87 219 194 88 214 285 210 29 205 283 58 270 173 175 144 114 153 138 21 55 63 299 263 5 17 164 235 198 135 23 2 11 50 76 204 290 313 234 250 253 303 307 312 146 248 139 177 295 257 302 44 268 147 41 118 130 161 47 32 33 293 298 89 160 116 128 287 256 111 246 8 107 34 120 174 100 81 192 176 206 57 169 305 281 215 149 : 5085.01
2 1 
1 106 4 190 195 19 234 227 70 111 314 92 100 134 201 290 32 56 74 90 165 169 308 231 230 279 316 99 67 160 152 207 76 72 196 79 272 271 251 299 304 284 209 283 246 239 296 110 166 205 208 60 105 68 289 262 226 16 5 142 80 312 267 281 186 28 64 266 254 248 303 280 191 177 73 49 22 81 150 182 170 240 274 250 285 130 40 54 88 93 143 86 219 121 126 25 135 305 223 247 65 317 55 33 298 41 107 127 120 2 244 273 265 236 287 288 153 210 48 44 57 253 217 158 200 212 183 249 197 62 301 30 172 131 114 179 260 43 241 35 115 161 39 258 13 214 113 140 123 173 187 232 112 156 192 225 138 211 199 180 278 7 75 294 255 286 302 203 245 300 104 139 83 243 256 146 311 157 233 109 268 188 42 218 292 98 122 103 6 118 291 295 51 155 145 318 129 15 309 141 315 24 53 38 189 148 263 14 117 215 297 252 204 198 97 119 206 36 282 261 220 293 276 31 82 242 136 162 306 50 174 193 307 185 171 10 108 228 213 96 9 154 95 128 164 69 8 29 168 270 175 159 259 224 124 144 222 269 84 181 26 18 167 178 58 133 20 11 47 313 264 235 257 163 194 151 77 78 202 221 238 52 275 132 27 3 23 45 71 21 184 310 89 216 37 229 237 147 125 34 59 12 176 87 61 63 101 66 94 17 277 85 91 137 46 116 149 102 : 5038.58
2 2 
1 10 15 45 171 287 262 47 78 64 77 89 92 97 202 257 152 221 255 38 150 196 141 193 191 234 240 149 25 2 54 210 208 120 213 226 173 121 310 307 276 297 118 179 195 85 32 31 33 59 197 8 163 72 159 231 153 98 87 252 300 95 220 230 37 135 274 189 302 107 3 124 123 18 80 160 161 46 296 44 156 133 23 116 178 187 174 225 139 229 278 115 286 242 249 192 311 301 70 81 114 131 105 245 272 41 129 109 185 104 317 75 17 305 273 291 86 259 61 11 58 66 68 71 205 83 140 51 281 299 12 175 204 169 190 4 270 295 198 289 312 177 216 170 130 247 306 91 9 253 285 27 224 279 101 99 298 127 88 132 209 186 126 113 112 180 188 100 235 293 268 284 261 106 60 318 263 283 103 96 308 223 19 203 206 309 69 136 14 79 108 125 22 73 218 238 165 183 251 267 246 146 20 280 256 138 215 227 90 65 122 158 119 144 292 74 42 314 264 167 43 194 277 219 142 110 93 254 228 232 94 134 145 239 36 82 243 222 172 288 147 53 62 39 271 237 266 244 28 201 102 29 24 294 6 164 176 269 26 30 184 166 303 137 182 55 265 248 313 199 260 151 181 52 207 76 34 117 35 315 40 217 111 290 56 316 241 212 128 275 200 154 162 21 157 214 49 16 304 13 84 236 282 148 5 143 67 258 168 250 211 63 155 57 50 233 48 7 : 5126.57
2 3 
1 248 239 114 216 222 233 224 228 252 267 178 304 207 100 189 173 312 124 138 112 107 106 117 4 285 280 199 184 44 87 36 48 54 202 194 210 170 281 278 286 264 266 314 245 218 230 243 223 254 227 219 234 225 127 135 232 118 251 255 92 56 49 150 97 196 20 198 75 103 16 27 40 35 50 161 3 9 260 111 109 221 236 263 179 155 68 62 268 293 208 120 133 13 47 89 104 19 25 5 8 113 317 295 91 43 10 6 28 86 310 151 288 296 282 270 160 279 78 102 190 311 291 129 246 211 290 257 271 152 274 14 305 146 191 93 45 59 57 34 38 162 212 144 128 123 171 265 235 237 269 299 200 180 185 177 61 69 72 33 32 30 67 70 81 203 149 167 249 226 136 258 262 277 186 289 294 217 187 300 275 159 302 99 164 53 24 18 26 52 55 197 308 42 206 156 241 287 315 204 94 73 79 88 66 181 90 77 183 174 259 143 131 238 193 60 192 176 205 250 145 229 134 213 242 39 17 261 318 195 51 201 142 157 301 84 76 166 46 175 272 298 276 256 137 141 292 169 132 154 12 83 64 309 313 37 209 139 168 215 220 41 307 244 182 284 125 65 303 105 29 31 15 11 2 7 23 63 148 116 158 121 122 240 253 283 130 82 58 80 85 101 98 95 297 273 163 147 74 188 71 316 21 22 96 172 165 306 153 231 119 247 140 110 214 108 126 115 : 3750.39
3 0 
1 36 43 51 71 287 85 285 271 70 86 38 261 307 175 191 203 235 109 252 113 13 209 145 37 15 3 40 16 102 310 313 179 84 49 104 7 6 230 116 164 119 237 217 281 269 169 121 88 279 141 11 32 77 201 105 308 54 135 158 311 112 14 294 155 260 56 176 58 196 270 63 61 147 257 52 214 200 258 167 305 239 93 153 224 293 232 110 35 26 245 74 78 190 55 79 89 92 180 192 282 248 215 247 262 267 136 213 131 278 264 162 17 300 142 216 241 211 234 255 312 243 126 220 266 128 256 249 292 163 95 195 276 219 123 171 272 154 125 156 166 22 62 315 222 174 275 82 12 115 46 60 183 304 193 302 289 80 194 73 263 34 132 57 208 186 197 316 152 149 161 146 41 233 18 25 24 33 221 117 225 151 265 283 72 127 53 254 286 228 170 202 138 5 59 207 274 31 181 189 50 157 291 96 301 144 309 106 204 10 4 108 68 87 97 130 45 268 273 288 236 75 172 184 306 137 199 280 65 98 187 64 210 44 91 159 103 173 246 67 76 9 314 299 177 165 140 23 212 29 111 160 21 107 120 83 101 133 28 20 251 139 42 47 318 259 178 253 223 298 229 244 238 284 90 94 81 27 48 168 39 290 134 150 143 66 317 185 205 69 198 8 303 148 250 218 226 297 100 99 182 296 231 242 114 206 122 188 30 124 19 295 240 277 129 2 227 118 : 4998.45
3 1 
1 130 112 52 90 104 40 46 86 206 119 208 140 143 247 215 17 18 137 262 218 238 171 16 25 180 146 107 115 184 63 292 169 201 118 248 302 142 59 279 318 95 158 89 182 96 24 177 42 187 62 199 186 235 293 14 195 121 211 220 102 257 213 27 253 192 147 217 297 116 125 228 280 151 155 98 31 29 15 10 11 45 149 258 3 38 160 209 129 164 173 8 58 54 70 84 41 126 309 100 69 317 270 306 136 196 313 175 282 226 243 188 122 117 51 87 242 83 307 73 67 128 230 81 314 39 57 189 166 71 80 193 93 33 85 4 43 22 298 185 274 214 224 44 153 111 108 256 299 204 311 294 82 145 176 6 141 261 251 205 60 219 315 277 216 72 221 250 114 110 132 203 123 79 231 165 135 156 183 252 78 316 26 212 283 312 223 30 286 265 276 249 225 234 232 99 275 278 162 255 163 92 94 304 288 266 159 179 144 300 287 281 139 20 284 74 197 109 120 244 161 5 103 194 308 150 264 259 263 310 271 48 133 56 127 178 131 61 273 240 269 35 53 172 198 303 229 13 21 148 32 9 113 207 66 68 65 97 167 2 49 200 168 64 154 222 34 19 267 246 181 91 272 289 152 124 106 268 296 55 50 245 76 174 190 7 28 260 77 23 233 191 285 239 241 291 236 134 105 210 305 227 37 47 301 101 75 237 170 295 12 157 254 290 138 36 202 88 : 5139.69
3 2 
1 160 167 40 37 306 245 27 180 146 208 141 272 226 268 299 248 287 223 256 38 255 79 72 2 17 18 125 181 292 310 295 193 84 285 97 311 212 133 61 192 116 106 225 291 158 157 69 78 142 282 63 143 82 4 156 123 3 236 183 166 62 135 115 74 118 154 313 19 305 215 264 75 6 10 89 68 131 126 121 48 108 16 204 105 243 162 28 153 36 33 70 76 53 23 127 224 234 190 46 262 110 260 189 266 199 259 101 90 145 284 144 216 257 309 49 9 308 270 35 45 50 55 148 128 267 165 207 222 95 242 277 99 205 206 251 140 96 170 174 168 241 283 130 188 301 100 200 59 117 297 31 275 51 139 197 56 58 60 113 233 119 247 230 235 202 317 124 8 171 136 210 211 253 187 177 111 112 107 279 196 47 42 217 252 104 238 227 229 232 129 271 152 239 151 237 13 102 91 25 41 249 281 15 65 12 240 20 22 14 228 276 175 54 73 98 307 150 52 11 161 39 85 92 66 21 120 312 300 194 93 191 302 288 203 43 184 213 138 32 122 176 298 5 159 26 294 286 231 155 80 86 71 219 67 296 195 77 7 24 103 318 303 172 182 179 273 178 209 88 87 304 201 149 57 246 278 280 254 258 109 316 164 186 261 269 218 220 214 293 265 198 185 315 244 137 163 290 29 81 94 114 34 221 134 83 64 250 132 314 263 274 147 169 289 173 44 30 : 5087.75
3 3 
1 62 297 199 265 38 287 295 269 98 65 139 145 283 304 172 200 294 114 233 128 127 107 112 4 108 138 166 277 235 47 300 121 232 291 142 70 136 19 15 33 36 42 144 213 228 143 195 206 49 80 66 183 220 216 318 289 254 154 293 160 147 280 260 253 308 84 123 181 105 48 43 16 24 86 93 292 186 64 35 101 83 5 9 25 52 273 149 301 298 274 133 137 217 118 307 314 170 63 50 23 20 22 251 261 130 244 282 230 223 309 198 189 58 205 271 201 100 182 159 67 103 7 6 75 203 90 99 284 288 296 207 92 29 10 11 21 73 197 156 161 306 247 14 68 162 12 116 141 148 290 310 26 163 17 242 193 97 71 120 185 180 209 305 39 32 104 44 196 263 285 231 202 188 135 132 30 31 184 192 187 85 53 252 229 255 278 61 151 34 275 218 270 126 111 239 113 117 124 238 214 302 249 268 165 179 178 88 57 51 59 91 77 60 168 191 174 303 286 258 215 246 226 222 122 312 41 40 78 79 316 28 259 276 37 167 171 240 140 212 176 131 221 175 245 153 54 76 317 45 102 55 56 281 250 125 27 150 109 227 190 94 69 74 87 96 89 155 210 152 266 241 299 272 234 225 313 119 267 194 110 13 8 106 18 224 219 243 134 211 95 82 262 248 237 115 208 177 279 81 157 311 204 256 164 315 158 46 146 257 264 129 169 173 236 3 72 2 : 4109.39
4 0 
1 6 7 12 49 48 105 63 81 73 76 79 93 98 74 51 47 54 85 67 71 78 82 72 86 80 68 84 101 91 97 102 92 89 94 55 56 69 316 317 57 28 21 3 8 9 5 106 107 127 126 141 165 166 170 293 205 295 100 95 87 172 177 159 152 155 164 208 108 4 111 112 120 34 124 119 228 231 211 239 140 255 254 163 181 306 160 153 145 158 149 182 187 197 192 143 139 256 262 264 223 110 114 113 122 130 144 222 227 271 318 257 277 267 253 232 242 147 121 123 131 128 35 14 133 118 235 246 243 248 224 220 216 109 225 221 286 298 303 174 146 154 39 116 115 125 314 226 236 229 259 263 218 244 245 238 142 151 169 183 296 308 198 250 171 156 38 233 237 266 269 280 270 260 148 136 137 13 134 129 138 135 132 117 209 186 178 185 282 261 272 287 299 180 206 196 202 75 77 59 50 45 23 33 36 104 58 41 60 61 65 161 66 83 62 88 207 96 44 26 25 18 24 16 20 32 22 19 27 30 10 11 15 29 31 40 103 42 184 179 190 200 301 193 273 304 312 309 275 297 283 300 285 276 292 289 251 258 281 278 305 310 288 294 284 291 279 290 274 315 268 249 214 215 219 313 230 234 240 241 157 162 168 150 17 37 212 217 213 247 265 252 307 311 302 199 204 201 99 90 194 189 176 188 203 195 175 167 210 191 173 64 70 53 52 46 43 2 : 1732.83
4 1 
1 313 237 225 220 216 213 203 184 174 202 301 205 304 309 303 272 249 271 305 199 195 194 192 302 175 274 193 268 261 280 286 291 299 308 198 185 164 61 155 150 153 152 124 129 119 147 159 149 282 276 247 255 263 314 240 251 171 287 265 289 311 191 186 278 258 236 243 230 228 229 238 222 109 231 221 215 224 244 140 144 166 178 310 300 292 312 281 293 294 288 179 182 74 73 207 94 200 307 173 154 142 158 157 163 148 156 161 122 121 139 114 241 246 253 254 260 283 204 100 87 177 169 167 187 54 93 102 65 69 105 70 190 188 160 145 38 60 172 269 277 290 284 285 262 259 296 273 256 146 136 123 233 239 118 133 128 127 34 37 104 42 30 21 20 27 103 12 24 36 47 46 43 39 151 209 137 14 50 59 56 55 45 40 16 25 18 9 8 3 2 10 11 15 19 28 29 101 76 210 162 180 206 95 81 75 58 51 41 57 98 99 96 97 85 62 78 90 80 72 48 49 135 120 13 35 92 68 64 53 44 31 32 91 84 82 317 316 26 17 143 242 218 211 212 115 134 130 5 4 106 112 131 226 235 252 234 250 315 297 298 279 165 257 181 63 196 79 77 52 189 83 89 71 67 66 201 168 176 88 197 86 183 306 295 170 266 275 270 318 264 267 227 232 113 116 208 138 141 132 126 125 117 217 219 245 223 248 214 110 108 111 107 6 7 33 23 22 : 1914.46
4 2 
1 6 7 15 21 30 317 104 40 12 19 13 138 146 148 271 290 269 289 309 315 157 156 133 136 135 162 66 164 177 206 85 101 82 97 105 57 188 201 179 181 154 250 246 282 291 287 279 273 143 38 39 153 145 137 158 159 152 293 295 168 256 257 255 254 223 249 245 224 235 222 229 243 258 259 231 226 110 108 9 218 216 215 237 236 214 251 262 270 163 58 55 48 26 36 25 17 18 16 8 3 2 10 11 29 45 56 31 32 33 52 265 234 213 118 124 209 114 132 240 147 141 119 217 233 241 230 113 232 129 120 126 227 228 238 314 242 122 34 131 212 140 272 264 267 225 139 248 276 304 305 205 207 100 70 78 83 71 68 43 174 186 172 190 294 311 312 307 296 297 318 298 300 299 283 288 292 261 253 166 203 194 142 302 303 274 284 260 144 313 219 221 220 211 109 239 252 244 247 277 275 310 308 193 301 306 199 204 184 87 197 161 160 167 151 170 281 185 178 189 187 150 155 134 117 128 130 121 116 115 111 112 208 280 285 200 286 268 263 266 278 192 210 65 169 63 69 98 90 88 60 180 182 196 99 92 96 94 198 173 176 95 93 59 76 54 64 67 79 74 77 73 80 81 89 202 195 183 191 175 165 171 123 14 35 149 107 106 5 4 125 127 61 62 46 53 41 47 49 316 51 44 86 75 72 91 102 84 50 42 37 27 24 20 103 22 28 23 : 1853.67
4 3 
1 111 107 4 116 13 128 208 209 151 163 166 211 213 215 223 219 228 256 236 246 153 39 150 145 35 127 122 129 131 217 231 109 110 132 133 125 143 251 271 259 139 262 263 257 248 242 230 220 221 227 140 121 126 14 17 103 20 42 53 44 58 91 73 79 82 92 78 83 72 68 76 54 45 55 59 51 41 152 157 156 144 159 123 141 135 134 34 25 8 3 9 5 108 113 249 260 234 252 272 304 193 195 175 288 170 179 194 174 181 188 187 172 61 69 74 101 89 77 86 75 197 182 164 162 191 95 88 184 81 90 97 93 85 67 102 62 50 28 23 31 57 64 84 56 48 49 317 71 96 80 105 104 37 27 24 12 2 316 70 189 207 206 100 202 203 198 301 299 295 281 290 309 280 285 306 292 289 311 205 302 278 275 300 254 245 255 240 216 212 241 114 118 239 229 226 237 224 247 313 232 233 238 235 253 264 268 283 124 117 115 106 112 120 16 19 36 26 18 63 33 32 30 22 15 7 6 10 11 21 29 178 186 60 66 180 185 183 201 99 98 94 167 196 176 65 190 87 204 210 154 38 130 148 244 214 119 258 250 218 225 314 200 310 303 296 293 277 269 274 287 305 318 270 298 279 286 307 312 222 243 261 282 297 294 171 165 158 149 47 40 43 46 52 173 177 169 192 315 199 291 308 284 266 168 276 273 267 265 146 155 160 161 147 142 138 137 136 : 1764.35
5 0 
1 163 250 264 263 161 70 76 72 287 55 105 47 13 168 275 195 154 235 126 50 175 39 48 177 288 303 121 4 283 218 266 189 207 80 124 204 185 173 96 260 149 111 193 268 100 153 311 257 285 239 118 221 216 258 251 248 200 94 85 49 104 21 32 15 10 86 73 33 43 123 298 281 107 277 171 249 24 134 11 75 244 265 213 243 57 155 131 38 35 157 297 234 236 137 273 127 231 138 143 308 71 36 27 109 301 299 83 91 59 51 106 182 129 19 25 8 89 316 317 269 62 206 147 225 211 232 136 282 16 64 65 152 144 44 122 312 220 270 166 247 40 5 58 187 141 56 280 142 313 245 227 140 82 77 128 241 278 42 90 112 12 113 84 184 208 2 151 271 226 99 160 165 46 306 164 210 290 291 259 174 97 41 233 132 295 181 167 52 23 103 34 18 315 146 246 188 176 228 159 110 133 29 300 95 7 14 180 197 98 92 74 162 69 150 31 192 219 242 81 60 158 117 305 279 261 66 217 238 186 116 54 178 20 276 253 240 130 272 205 224 215 194 191 190 87 229 294 101 79 203 284 9 78 309 183 199 202 274 262 145 30 93 148 120 307 67 102 198 214 293 169 201 222 230 296 286 289 302 125 139 256 252 108 179 304 17 37 310 3 255 170 114 68 63 135 223 119 61 212 267 172 53 26 156 254 314 88 45 6 292 318 237 209 28 22 115 196 : 4906.86
5 1 
1 281 293 271 273 235 137 210 85 91 312 159 74 229 134 269 83 20 86 26 189 185 141 275 247 308 182 157 123 249 280 199 277 283 251 315 298 170 175 176 84 72 45 103 28 66 205 158 46 190 311 198 314 303 63 140 64 299 234 109 227 295 223 144 68 88 19 29 33 15 11 10 2 49 126 195 211 254 87 21 304 286 237 208 154 111 240 253 241 220 250 156 265 136 278 284 174 139 206 95 135 270 305 162 32 23 124 168 121 187 219 248 222 108 48 150 213 117 282 301 285 163 161 96 166 78 57 59 18 112 306 209 258 69 152 75 42 9 167 318 242 40 13 257 39 106 24 193 179 4 264 226 200 147 30 58 94 230 127 52 131 267 239 289 146 292 164 151 302 260 47 6 71 116 191 114 105 73 37 192 188 173 300 171 197 67 294 145 204 238 218 129 110 212 115 232 79 34 313 101 246 203 93 104 55 130 316 3 77 102 291 309 288 92 70 172 128 43 153 53 133 287 119 98 80 36 16 261 183 196 35 90 186 194 62 317 61 228 38 310 307 142 155 100 89 8 41 244 224 233 65 50 148 165 138 22 99 184 262 245 276 54 263 216 113 180 181 107 231 56 296 5 266 252 143 51 44 215 31 201 12 132 60 202 290 255 177 236 122 207 97 25 118 217 178 81 225 17 160 272 274 221 297 243 82 76 14 169 214 268 149 7 259 120 27 125 256 279 : 5018.54
5 2 
1 238 223 114 134 4 131 215 116 122 113 228 318 149 195 315 275 187 56 55 45 98 177 101 96 40 19 280 304 194 166 277 234 288 278 190 97 13 14 27 217 258 213 239 189 64 2 158 69 103 214 61 165 50 267 159 105 296 274 173 312 88 95 80 205 276 118 146 220 262 260 240 252 152 156 117 41 140 11 209 154 219 301 256 23 47 57 18 75 67 71 28 132 107 110 48 303 82 54 93 63 37 248 12 33 30 46 108 196 104 176 180 191 300 270 246 218 211 216 212 34 227 9 250 192 161 237 294 241 313 121 145 66 193 59 283 317 162 297 141 144 306 311 171 167 106 202 178 188 53 68 84 123 263 70 73 83 38 222 236 273 182 271 102 208 31 42 292 151 247 225 291 198 65 282 81 203 58 259 155 43 20 17 130 253 148 175 207 26 284 261 3 22 170 6 119 244 36 100 316 115 99 92 242 7 183 138 232 120 186 268 25 5 79 74 172 10 76 254 124 8 32 305 204 272 309 174 94 142 287 298 257 224 230 129 293 299 249 181 168 51 15 112 243 229 269 221 137 29 78 285 147 307 310 231 286 314 200 139 266 21 109 184 264 199 35 164 39 62 60 279 128 157 197 245 233 308 49 160 201 89 153 111 235 127 210 72 265 86 206 125 150 185 169 281 126 251 77 179 255 52 44 290 295 85 135 226 302 133 143 90 87 91 136 163 289 24 16 : 4932.84
5 3 
1 121 221 232 312 174 249 152 134 127 115 112 237 277 314 283 186 161 145 217 138 212 292 278 236 226 213 165 170 297 303 143 184 206 102 76 176 196 207 97 85 90 28 103 21 286 304 94 310 255 175 123 126 131 279 311 205 210 224 32 259 113 38 4 243 222 227 140 238 139 133 235 267 288 190 188 158 296 271 120 179 269 313 262 231 159 12 3 2 6 11 307 192 299 234 258 264 62 39 19 16 25 117 125 114 242 172 229 309 266 305 163 225 214 270 141 247 181 105 80 168 273 148 153 87 98 70 24 37 83 160 49 45 316 317 59 56 54 53 58 18 263 284 118 252 46 52 203 147 7 74 95 67 104 79 77 64 100 183 254 274 285 219 276 132 124 135 253 246 216 144 223 215 47 130 268 251 185 81 189 29 156 275 250 167 122 142 201 73 199 101 191 8 151 209 116 111 157 187 173 93 50 40 204 128 13 211 110 78 164 228 241 308 106 240 295 30 233 208 75 63 23 166 169 195 149 178 182 306 260 287 180 129 43 239 14 291 300 42 35 31 22 20 27 44 51 71 72 99 92 197 60 61 154 162 171 315 261 265 256 109 146 230 248 294 301 281 198 89 69 91 82 86 202 194 290 318 193 218 136 220 9 107 119 244 48 293 302 245 298 280 26 257 272 65 15 10 150 155 282 200 177 68 96 57 55 33 41 66 289 5 108 88 34 137 84 17 36 : 3876.04
