0 0 
1 255 160 240 215 245 96 244 233 126 263 274 196 124 75 207 296 228 189 162 35 22 69 157 90 58 238 127 223 216 108 226 54 41 19 224 144 289 310 285 152 212 145 191 121 218 280 173 25 183 51 116 37 26 6 213 252 243 62 59 98 312 76 221 52 206 38 100 167 80 47 155 33 168 27 99 269 68 85 241 298 318 290 253 204 210 192 164 9 115 271 133 2 42 139 178 17 74 137 11 8 21 5 176 159 311 4 188 286 303 258 129 309 283 125 184 91 165 259 119 102 307 268 291 179 301 211 93 29 279 182 229 208 185 220 265 12 81 205 275 94 44 227 149 18 14 148 315 249 242 154 7 195 123 109 30 131 50 141 106 113 147 77 130 313 64 112 197 308 236 45 150 3 163 260 190 88 282 143 187 72 198 122 209 92 203 57 73 232 281 67 20 272 65 156 299 84 101 247 32 273 266 97 10 153 256 304 86 169 89 23 61 293 262 294 53 295 110 134 219 230 276 103 31 87 107 217 234 142 288 180 177 181 79 166 82 302 83 46 105 28 161 128 60 246 138 158 306 214 235 317 136 264 225 34 24 186 287 118 261 237 231 257 284 239 278 194 70 199 71 172 267 111 55 200 201 63 66 16 39 49 300 135 48 104 251 140 305 270 222 297 277 171 132 254 15 114 316 95 314 202 40 248 13 175 117 56 78 120 36 170 292 250 193 174 43 146 151 : 5405.69
0 1 
1 117 100 87 270 254 210 86 18 167 94 66 134 308 256 206 123 313 55 143 57 61 120 51 15 43 177 293 294 142 60 275 273 35 34 99 246 238 289 274 263 262 314 182 290 69 211 127 42 67 82 205 137 140 178 65 95 248 318 217 239 74 39 130 108 202 25 184 186 98 49 252 62 144 316 156 154 229 41 16 106 73 38 23 14 158 58 191 170 92 132 227 152 306 63 296 155 203 192 286 278 265 285 292 93 250 181 261 72 79 264 271 245 240 253 91 161 174 11 22 138 128 224 219 88 309 119 176 166 302 10 317 70 172 2 64 207 201 153 6 315 197 71 305 226 218 29 27 4 279 131 26 215 8 145 85 244 223 300 163 103 173 234 68 89 304 126 115 36 109 187 298 259 301 195 312 3 107 54 80 159 311 20 257 46 77 196 171 194 310 243 249 213 81 204 269 78 136 235 139 288 147 110 50 9 83 277 299 97 53 303 122 114 59 179 189 272 118 216 96 228 52 116 111 297 188 260 13 231 222 208 141 267 307 200 199 160 133 7 56 45 183 17 282 280 135 251 295 31 162 233 291 247 230 242 12 241 124 129 180 232 258 268 76 220 266 149 190 40 212 164 168 185 48 104 44 19 102 101 214 28 169 237 287 276 175 150 24 209 151 255 193 283 33 105 121 165 75 90 30 148 146 5 47 112 113 281 236 32 157 125 284 37 84 198 221 225 21 : 5197.45
0 2 
1 95 261 215 318 245 198 145 119 191 140 87 105 144 74 79 304 308 27 6 57 193 112 51 142 305 268 295 88 72 311 262 135 131 183 265 242 96 256 18 13 123 104 113 31 17 200 251 124 189 37 94 122 127 277 190 249 64 85 179 147 97 102 141 229 171 78 58 45 83 254 126 220 250 61 40 267 132 5 52 213 291 285 128 238 163 166 210 125 108 98 86 138 143 41 225 316 202 279 255 280 275 70 162 139 152 24 188 12 62 181 25 317 258 273 75 63 158 263 187 50 19 223 233 21 100 177 180 257 231 149 294 39 121 103 36 11 59 60 116 253 241 157 89 81 219 170 218 106 298 296 46 90 248 165 284 282 314 176 159 73 10 92 207 66 14 107 8 271 270 313 235 276 109 216 167 56 3 300 309 129 244 287 178 266 205 160 49 283 192 33 53 32 203 246 114 259 306 236 26 307 260 168 47 23 199 230 274 44 288 30 120 232 211 289 312 208 209 118 297 34 9 76 80 174 67 35 281 264 117 214 134 65 197 111 22 302 43 194 286 228 252 243 161 299 101 55 77 290 84 303 172 293 153 269 315 110 150 301 204 278 154 156 226 68 164 182 206 196 148 115 7 15 195 169 224 237 217 221 20 38 137 71 69 185 292 222 155 16 2 234 212 146 29 82 136 310 247 130 4 93 201 175 227 91 54 99 173 272 151 186 28 48 133 239 42 184 240 : 5219.65
0 3 
1 106 56 133 103 68 259 156 305 277 74 50 126 147 272 282 120 33 6 226 275 262 230 314 241 100 70 138 57 280 94 191 257 44 127 43 81 302 77 59 225 146 67 190 134 266 130 297 34 25 114 63 62 194 298 21 224 217 300 248 170 151 80 98 182 83 202 310 177 78 14 47 16 313 71 89 153 155 129 228 161 128 158 85 30 27 88 12 308 82 144 58 116 92 294 238 108 3 90 181 269 96 84 105 26 198 261 167 203 101 29 223 244 95 263 135 214 184 285 165 265 64 65 317 176 199 22 304 174 109 204 264 107 296 5 141 125 7 279 41 149 35 110 137 276 86 13 111 250 281 136 205 132 206 185 142 240 131 2 46 288 192 122 227 113 154 278 311 183 295 195 220 303 112 254 274 175 208 287 211 49 45 93 51 200 306 39 312 42 253 159 143 166 66 218 168 232 255 231 8 9 318 234 293 258 249 119 150 260 10 4 19 169 196 286 69 15 222 152 55 268 210 188 160 221 252 163 291 145 209 117 235 172 213 32 79 75 178 316 243 118 179 148 267 61 139 245 219 315 171 193 216 17 271 239 247 164 186 97 162 48 104 289 102 72 53 73 31 40 180 60 207 290 229 115 52 54 87 301 18 123 242 273 284 212 251 299 246 236 157 11 189 201 140 292 24 36 23 37 233 91 237 283 256 99 309 270 173 28 20 124 121 307 215 76 187 38 197 : 5360.07
1 0 
1 74 217 110 78 59 178 125 36 116 211 297 89 141 134 34 147 173 181 79 186 241 227 55 200 41 150 133 202 234 155 293 317 28 139 53 190 274 151 290 249 19 23 16 271 37 279 193 287 112 122 45 289 189 206 105 62 310 38 57 85 247 238 318 56 92 84 167 94 101 117 109 168 136 8 108 258 244 259 260 132 152 140 118 169 170 230 263 222 228 237 106 27 48 268 184 294 44 66 233 266 6 25 246 119 52 65 254 221 223 255 87 149 33 9 298 216 248 81 40 7 261 277 204 54 93 83 256 123 281 203 232 95 315 160 188 129 146 199 295 46 17 240 148 107 142 96 14 250 67 43 50 265 284 61 183 262 311 159 98 305 214 286 72 24 30 276 280 272 70 163 21 302 35 197 242 47 296 270 12 210 63 154 180 164 91 307 144 10 196 51 201 4 111 13 127 18 120 126 195 104 236 128 156 143 252 113 207 31 299 285 58 157 124 69 176 175 100 64 220 171 3 267 291 185 172 218 283 253 313 226 177 115 22 15 131 71 20 231 273 292 179 26 174 97 5 86 42 2 303 165 213 77 137 80 11 32 60 224 300 314 257 264 229 301 153 243 182 187 82 166 103 209 138 239 39 102 90 99 198 114 76 161 278 121 212 309 145 282 194 316 219 130 235 269 205 312 75 73 208 158 304 308 306 245 88 29 275 215 191 192 135 251 288 162 49 68 225 : 5318.32
1 1 
1 31 282 242 118 107 116 309 261 265 165 295 49 244 243 85 84 61 236 178 207 126 276 157 216 75 21 120 54 186 73 102 66 19 38 88 167 272 197 56 110 189 310 291 308 150 313 299 136 263 91 64 137 141 34 93 113 193 268 24 4 130 101 237 27 135 271 43 63 71 44 185 217 6 15 223 229 274 16 23 258 108 83 89 196 202 246 251 300 259 46 210 226 95 32 103 133 191 131 76 148 30 221 8 47 121 156 72 51 267 312 181 238 273 194 62 12 164 232 119 239 247 140 99 290 90 97 275 215 249 50 233 114 292 163 57 155 262 87 304 3 25 168 287 145 284 42 280 315 250 306 301 138 79 105 294 175 174 288 195 187 214 13 70 283 152 230 192 227 199 316 203 92 188 205 260 245 228 293 278 190 139 254 240 124 219 159 154 314 77 100 134 225 65 149 69 94 204 74 176 2 5 55 146 36 286 198 37 281 143 180 206 22 218 220 252 266 270 58 151 289 298 158 212 311 222 184 48 183 257 277 209 170 160 231 153 169 173 269 264 208 81 96 318 142 122 26 52 59 132 200 201 86 18 127 10 82 302 297 234 109 28 285 68 106 11 241 147 53 279 182 305 255 125 60 117 104 144 98 45 7 14 39 177 213 296 317 172 80 161 17 129 33 256 162 41 179 29 78 248 123 9 211 115 111 235 171 224 253 35 67 128 112 166 20 40 303 307 : 5361.52
1 2 
1 154 85 279 147 130 46 43 183 34 74 110 38 23 60 315 273 125 191 45 48 55 167 203 30 229 166 292 59 97 39 168 213 248 284 313 239 174 137 15 187 83 104 67 56 102 120 5 165 194 29 10 124 156 16 58 271 53 143 240 254 196 61 78 81 283 114 80 135 148 250 226 268 192 145 238 129 41 285 28 247 19 176 32 217 122 227 202 27 253 109 132 308 265 242 66 72 231 288 17 220 8 18 117 75 201 296 312 76 224 234 262 159 282 65 218 310 302 136 127 22 12 133 57 36 281 206 90 219 261 304 69 35 82 51 278 223 162 150 113 86 298 318 37 188 294 251 111 9 180 141 11 107 123 209 172 244 4 237 211 139 306 259 115 290 274 267 100 40 26 6 214 233 221 185 140 225 215 182 311 305 204 205 92 197 210 193 249 264 153 314 99 178 142 287 42 134 112 208 88 291 163 256 309 118 245 241 89 164 199 212 301 31 299 93 7 3 186 263 63 230 62 300 272 295 171 277 270 276 175 44 77 190 169 198 184 103 317 177 303 33 155 152 131 25 2 181 189 297 243 275 170 160 105 24 47 289 252 20 119 14 94 126 179 68 116 13 64 84 108 316 246 128 222 236 50 87 200 79 258 146 144 293 161 95 54 98 70 96 52 158 71 21 91 286 138 195 228 266 216 269 151 49 157 235 260 101 280 207 307 173 121 232 255 73 106 257 149 : 5215.5
1 3 
1 243 307 177 175 226 224 62 6 295 188 186 124 2 156 166 165 93 18 183 140 205 26 132 56 66 274 225 182 86 159 63 160 221 117 291 252 116 90 78 168 107 58 61 40 246 133 242 236 43 35 25 278 257 206 193 50 48 51 260 280 163 13 84 87 218 244 249 232 137 240 216 97 297 253 310 318 271 251 282 139 211 201 215 233 53 229 127 247 37 209 235 164 121 305 85 234 237 122 214 210 286 245 110 198 69 96 311 261 312 294 174 199 142 173 227 272 262 238 178 75 99 288 59 181 150 200 129 118 273 239 123 94 22 81 208 192 100 67 203 276 303 55 4 135 32 111 79 83 281 102 296 250 172 19 180 5 47 315 136 114 228 266 167 287 275 64 317 15 36 20 10 248 258 82 8 70 76 155 115 60 196 74 263 7 46 109 11 217 268 241 300 301 106 98 299 230 306 126 146 125 128 162 101 231 130 65 71 113 45 57 264 284 204 119 202 29 77 12 21 144 52 222 16 176 73 134 24 95 191 34 27 190 279 304 254 309 213 80 153 30 147 189 141 265 158 292 151 148 195 9 138 31 54 39 314 161 154 220 145 49 187 219 42 194 179 171 149 293 185 283 91 277 285 269 255 290 14 169 105 41 259 298 120 103 313 108 289 207 302 212 308 88 184 267 316 68 223 112 170 33 3 38 72 197 92 17 256 131 157 270 143 28 152 44 89 104 23 : 5311.82
2 0 
1 107 69 14 6 265 225 17 22 307 240 81 138 41 93 239 200 177 34 131 84 285 109 256 259 159 191 308 303 123 29 185 312 251 292 304 216 293 74 49 65 301 309 283 48 227 143 257 11 130 250 238 217 67 234 267 305 192 194 128 286 173 205 15 71 21 13 193 76 102 50 61 119 183 104 79 295 174 100 287 145 188 306 311 153 162 146 317 45 253 269 275 18 56 70 8 20 121 187 47 10 198 244 42 195 249 27 110 125 186 156 243 148 62 54 281 91 36 40 101 38 314 214 310 179 151 291 166 94 273 252 87 53 218 66 64 262 228 127 154 78 181 19 297 288 172 106 232 82 207 197 114 229 258 136 167 144 59 68 44 132 25 3 98 169 248 298 206 255 170 32 178 99 23 83 72 171 237 117 39 108 278 46 163 296 260 271 182 299 236 284 37 2 16 120 57 88 58 302 279 77 96 139 142 270 300 90 160 86 31 157 89 266 226 55 204 213 126 147 261 118 26 316 103 111 149 112 215 180 141 233 9 289 113 210 245 315 201 184 7 63 140 220 176 231 52 313 133 202 222 211 135 95 294 196 224 115 5 152 85 73 208 212 28 203 235 219 223 290 209 168 274 12 35 92 189 277 276 24 97 75 241 264 129 155 80 175 230 43 280 268 272 318 165 122 161 158 150 124 134 116 30 164 60 221 263 4 33 254 137 51 105 190 242 247 246 199 282 : 5244.96
2 1 
1 177 303 248 73 266 191 280 254 22 64 28 186 281 267 312 80 142 5 16 49 226 262 289 68 105 60 208 205 166 110 296 239 246 283 209 284 304 299 251 271 272 79 196 72 76 207 152 160 67 169 308 231 230 279 316 99 165 90 74 56 32 290 201 134 100 92 314 111 70 227 234 19 195 190 4 106 81 150 182 170 240 274 250 285 130 40 54 88 93 143 86 219 121 126 25 135 305 223 247 65 317 55 33 298 41 107 127 120 2 244 273 265 236 287 288 153 210 48 44 57 253 217 158 200 212 183 249 197 62 301 30 172 131 114 179 260 43 241 35 115 161 39 258 13 214 113 140 123 173 187 232 112 156 192 225 138 211 199 180 278 7 75 294 255 286 302 203 245 300 104 139 83 243 256 146 311 157 233 109 268 188 42 218 292 98 122 103 6 118 291 295 51 155 145 318 129 15 309 141 315 24 53 38 189 148 263 14 117 215 297 252 204 198 97 119 206 36 282 261 220 293 276 31 82 242 136 162 306 50 174 193 307 185 171 10 108 228 213 96 9 154 95 128 164 69 8 29 168 270 175 159 259 224 124 144 222 269 84 181 26 18 167 178 58 133 20 11 47 313 264 235 257 163 194 151 77 78 202 221 238 52 275 132 27 3 23 45 71 21 184 310 89 216 37 229 237 147 125 34 59 12 176 87 61 63 101 66 94 17 277 85 91 137 46 116 149 102 : 5163.55
2 2 
1 116 103 271 138 207 236 224 182 77 129 145 262 95 28 89 48 91 296 29 161 38 315 251 228 72 187 99 229 288 226 113 22 57 32 222 244 119 260 75 94 269 197 148 46 152 6 85 16 60 159 217 86 87 17 274 300 171 84 82 247 165 175 163 285 66 88 202 101 200 81 97 146 151 301 185 157 215 63 270 118 208 297 150 172 304 273 216 225 114 9 109 313 214 126 42 307 282 203 280 107 130 155 194 115 210 189 192 220 104 64 52 3 190 221 230 278 317 308 293 7 241 211 257 302 67 147 117 133 305 24 272 227 93 20 58 53 100 96 154 263 314 248 233 303 158 11 249 144 166 234 238 299 261 276 292 14 31 137 54 8 23 279 286 68 90 12 245 153 204 136 30 164 61 76 5 176 199 184 193 283 254 231 291 309 256 51 127 27 168 255 209 160 252 177 74 198 25 47 310 131 55 178 65 188 123 284 206 180 298 287 265 277 294 128 141 201 106 258 10 149 110 108 179 134 173 205 21 124 246 223 267 156 80 239 196 312 174 183 213 306 18 112 71 186 34 275 44 45 40 49 4 316 120 33 135 191 268 142 169 181 140 62 167 2 266 242 132 253 143 219 195 232 289 170 139 13 122 125 105 56 70 78 39 121 250 235 41 36 290 162 59 281 311 26 37 92 19 43 259 15 50 218 295 73 79 264 212 240 69 102 98 237 83 35 243 111 318 : 5250.47
2 3 
1 68 191 112 110 11 209 137 197 96 33 119 215 290 37 147 113 66 16 154 145 287 83 291 310 265 8 224 111 47 285 312 250 143 146 64 88 46 181 233 117 248 42 204 134 24 294 94 67 86 70 174 121 150 308 41 268 230 136 263 61 318 48 205 292 228 300 21 116 28 202 281 249 272 234 188 316 279 262 297 207 84 62 60 4 251 14 166 259 106 219 170 23 75 73 18 9 301 72 269 95 296 100 276 244 257 245 206 254 222 298 211 125 237 273 200 90 260 38 115 50 19 120 40 242 225 189 293 97 101 104 6 313 214 3 135 274 192 229 124 122 302 179 140 128 56 80 193 153 123 65 78 109 149 226 264 35 141 20 252 51 208 210 107 32 17 30 59 240 127 76 315 159 69 49 10 2 114 85 103 71 187 203 99 280 129 288 177 173 34 5 29 139 148 253 246 161 309 12 57 213 158 282 55 283 162 199 220 306 261 311 295 270 216 43 77 169 171 194 45 176 156 133 105 74 180 305 198 217 256 232 36 190 165 108 271 284 258 247 167 195 164 39 89 286 130 243 317 184 54 231 275 81 238 155 314 27 52 142 82 163 175 126 235 172 152 118 196 93 53 185 186 31 218 239 44 227 92 303 267 157 223 98 201 168 278 132 221 26 22 102 266 307 299 151 212 241 58 178 79 63 183 277 13 160 236 182 7 25 131 138 289 87 255 304 91 15 144 : 5413.79
3 0 
1 210 188 317 38 89 295 186 14 32 145 156 111 31 45 168 258 288 231 102 21 132 201 29 11 120 110 157 207 146 9 198 91 303 152 103 242 19 177 96 286 115 238 101 33 65 268 261 221 230 107 251 129 183 117 105 222 153 47 141 7 2 144 290 296 215 75 158 253 171 181 148 182 139 278 169 189 81 162 262 292 175 172 271 269 306 61 217 226 46 86 302 135 13 147 82 76 176 143 90 108 93 130 72 150 187 87 118 293 279 71 25 44 200 233 265 211 163 154 59 112 49 289 70 28 116 252 277 170 56 237 236 266 37 164 276 318 204 199 127 131 273 27 8 316 35 20 305 15 54 67 246 160 263 244 151 80 202 73 78 283 113 83 311 62 57 74 315 23 10 133 134 173 275 299 248 257 282 26 50 235 149 68 22 223 94 281 196 203 121 300 241 239 119 12 122 125 225 77 280 313 79 220 106 249 255 166 298 100 193 60 214 256 250 84 95 301 167 43 104 30 142 48 291 209 24 63 274 192 58 36 138 159 5 178 228 126 240 109 140 42 92 53 184 195 243 270 17 52 39 55 309 161 216 180 185 194 97 16 137 206 294 272 3 155 190 64 51 41 191 124 4 259 219 179 307 247 136 85 99 165 208 128 310 213 312 314 285 197 6 18 40 66 174 227 88 264 229 224 34 245 218 123 98 69 284 297 267 212 308 205 304 260 254 234 287 114 232 : 5244.18
3 1 
1 18 133 268 87 272 224 160 26 79 261 196 271 117 51 22 54 206 16 285 40 47 93 41 142 60 78 188 136 32 42 183 7 290 281 229 97 178 146 226 113 59 150 110 185 260 56 173 156 257 278 28 33 81 151 232 293 123 171 83 241 124 3 69 2 86 58 153 147 262 311 99 266 243 212 297 227 159 193 251 213 295 61 210 201 298 217 255 192 307 267 289 90 106 279 248 265 315 166 198 155 125 35 49 174 230 314 62 100 52 141 119 34 75 250 9 134 219 122 211 168 273 197 37 316 70 299 308 202 182 222 98 294 30 176 263 145 215 276 207 139 76 186 282 300 218 8 128 161 67 84 288 209 164 4 127 21 254 170 80 137 140 253 223 195 65 46 31 221 120 256 246 131 96 91 245 13 15 237 280 304 309 36 11 172 149 55 148 240 167 6 277 318 244 249 259 163 50 89 115 118 284 191 247 204 296 107 228 187 158 109 239 66 292 301 291 189 88 64 114 312 27 129 205 68 23 29 135 10 74 71 144 252 20 116 53 286 235 92 44 103 38 19 48 258 180 77 194 143 105 287 154 108 275 177 5 12 317 39 157 72 283 199 238 132 14 270 233 25 104 126 313 138 169 73 102 101 208 231 264 305 165 162 236 184 225 17 95 181 214 130 242 24 152 274 310 94 220 111 234 43 45 200 306 63 57 85 216 302 269 112 121 203 303 179 82 190 175 : 5247.99
3 2 
1 19 64 144 259 65 222 290 174 107 155 206 66 299 212 186 79 26 133 287 280 172 198 288 153 75 293 311 22 126 205 36 159 257 286 276 114 51 29 88 283 237 242 275 215 230 236 248 128 46 146 214 231 192 58 39 111 4 89 227 238 118 306 291 70 98 143 157 274 190 277 200 100 184 105 42 81 124 2 67 83 40 97 317 278 246 199 202 175 281 80 314 33 318 25 120 11 140 90 145 8 261 234 32 181 300 156 304 245 240 263 115 239 168 197 106 28 135 258 256 297 119 137 76 162 216 99 84 141 74 71 12 166 18 109 163 53 302 272 173 164 136 23 62 149 170 69 52 96 30 178 27 271 279 167 147 220 142 308 225 139 196 179 21 113 60 224 207 50 134 112 269 158 125 123 191 307 20 176 223 193 180 282 151 228 260 187 204 95 55 160 31 251 171 247 122 226 183 241 14 24 243 16 284 285 296 188 182 37 68 254 41 132 315 303 9 6 101 82 211 87 72 17 54 121 45 94 150 110 235 86 233 152 213 49 309 201 92 189 292 13 262 209 294 305 210 267 264 270 221 312 108 131 249 104 43 3 48 165 295 266 229 38 93 34 10 77 73 177 15 56 298 169 59 7 102 217 116 154 85 252 232 265 244 219 47 161 44 250 253 129 218 5 185 273 268 203 310 316 63 35 195 301 255 91 61 208 148 57 127 103 289 313 130 138 117 78 194 : 5289.38
3 3 
1 206 241 236 202 302 78 200 238 311 193 92 239 234 264 113 53 297 300 218 143 295 157 72 37 296 184 189 205 65 88 245 253 267 95 259 179 61 115 12 186 191 317 242 211 147 150 271 148 198 163 39 20 249 270 263 132 102 313 289 5 4 29 58 169 77 81 54 114 151 22 7 49 21 155 199 213 181 279 285 134 59 141 128 122 278 252 41 73 14 26 276 254 176 28 42 247 185 197 106 74 87 33 3 116 16 180 255 89 201 100 67 45 221 223 309 281 142 235 140 97 167 212 171 233 145 283 162 216 248 301 288 306 60 64 57 164 183 52 222 136 215 231 269 98 308 43 266 34 240 153 175 123 68 316 32 117 230 286 27 194 209 55 56 91 135 75 290 99 30 40 38 256 214 158 112 46 107 146 71 79 19 161 177 265 80 96 51 105 48 125 18 293 310 90 139 251 261 24 130 244 86 304 152 294 103 10 62 149 287 156 69 195 210 315 260 257 66 168 70 208 160 217 228 280 154 82 124 274 133 50 307 118 170 174 178 144 232 226 318 192 203 15 13 110 298 83 85 229 268 292 17 312 127 6 11 225 172 23 104 109 187 188 196 31 250 25 262 120 305 275 166 314 94 220 44 8 137 36 129 173 93 284 9 76 277 272 165 303 2 35 237 108 121 227 131 258 101 299 207 204 282 246 219 126 138 111 47 182 63 119 190 84 273 243 224 291 159 : 5172.99
4 0 
1 184 136 70 233 215 260 214 124 160 41 71 132 293 273 147 152 145 239 108 133 295 112 126 221 137 43 104 85 298 285 249 125 34 224 296 94 82 57 255 220 75 69 13 311 38 209 146 180 282 130 253 304 190 281 42 97 27 63 36 138 175 47 275 5 23 84 308 194 192 205 113 76 280 129 100 40 21 288 317 50 188 243 246 207 178 266 59 203 241 231 283 262 189 95 35 66 240 286 271 306 11 6 213 179 312 81 269 102 105 72 54 176 140 20 31 268 10 119 200 116 204 181 74 3 232 222 32 44 211 158 186 165 86 87 206 123 191 79 301 278 182 223 107 163 305 274 164 67 127 122 228 259 151 46 256 234 167 128 25 103 12 30 261 258 148 153 201 169 88 7 142 217 52 22 83 195 290 236 141 166 93 149 118 187 199 250 4 264 270 109 193 28 62 48 183 197 276 77 277 8 172 99 14 159 16 17 60 267 252 310 242 225 15 307 134 26 53 33 65 98 248 64 19 150 162 131 68 316 227 208 216 110 156 78 73 294 170 210 139 318 143 115 58 96 289 56 89 91 18 265 263 161 37 51 254 120 2 92 173 55 106 198 302 154 61 212 101 272 297 144 117 185 219 230 226 29 24 244 168 247 279 303 39 309 291 257 218 174 49 313 202 9 90 315 245 177 135 157 171 251 155 45 121 237 235 229 238 284 299 80 300 314 196 292 114 287 111 : 5238.6
4 1 
1 91 308 45 189 279 229 262 219 47 244 174 280 283 315 245 252 131 81 102 78 277 42 53 184 172 306 253 103 128 260 307 26 73 54 154 226 242 57 9 85 37 101 258 88 238 284 222 191 198 89 29 64 74 3 68 281 182 287 153 97 195 70 188 119 28 183 51 261 76 224 39 40 67 48 292 156 105 170 317 150 147 205 312 167 240 134 211 27 5 271 22 20 90 95 143 216 130 116 138 14 316 236 17 82 164 298 193 61 65 122 120 179 96 33 18 181 100 168 71 62 165 270 239 140 309 203 276 197 72 231 16 44 223 254 272 84 246 163 66 169 201 187 118 304 313 111 291 225 288 208 31 145 50 282 142 305 126 176 269 267 177 141 115 63 180 112 173 127 114 87 77 23 139 124 133 278 36 249 30 7 159 109 206 99 293 12 202 8 137 232 194 158 268 251 108 233 264 171 123 92 69 151 175 241 11 196 200 290 301 10 94 80 58 2 79 93 146 49 209 117 56 220 46 4 15 152 237 212 256 314 204 275 257 295 318 86 161 185 289 35 125 221 178 192 230 199 43 157 110 166 210 300 243 263 215 107 274 255 311 121 135 52 160 75 129 144 294 285 60 104 213 234 299 83 148 21 218 34 266 265 113 6 24 250 235 214 155 286 296 247 132 248 149 190 59 32 302 162 19 228 106 273 186 98 303 310 38 217 259 297 227 41 25 13 136 207 55 : 5329.71
4 2 
1 107 210 27 231 72 259 116 114 48 52 68 37 172 240 50 226 119 145 242 314 235 21 143 193 310 84 110 304 129 170 44 60 127 138 234 244 59 16 221 28 77 45 175 318 66 194 294 98 179 163 121 26 162 32 164 2 213 139 95 205 120 288 190 101 225 286 5 111 305 275 289 174 132 264 243 253 183 125 182 308 94 69 78 82 109 112 254 302 248 315 303 201 200 18 9 149 199 206 295 178 186 316 156 93 102 54 136 311 33 249 85 214 296 263 251 126 290 187 65 80 140 83 57 88 180 99 169 278 24 64 11 292 261 307 39 301 293 118 161 154 232 257 219 148 34 151 277 146 108 36 42 35 106 198 216 30 103 176 212 8 17 135 208 300 142 283 46 284 74 306 49 29 279 246 159 81 79 47 188 297 166 137 282 271 228 267 202 273 97 10 131 245 222 177 144 168 171 122 287 238 262 61 38 90 43 317 223 62 22 31 133 250 276 239 270 141 268 87 236 227 218 298 256 272 291 96 224 150 41 113 3 56 55 285 181 195 160 147 252 197 4 173 130 313 217 100 309 158 281 185 269 274 203 63 312 220 73 92 71 7 6 211 230 255 117 299 105 13 155 128 204 76 280 67 104 12 153 266 58 260 258 91 25 191 70 196 19 241 184 165 51 23 192 115 40 15 152 167 14 123 86 157 233 237 247 20 207 75 89 53 124 229 189 134 265 209 215 : 5304.56
4 3 
1 115 164 306 243 234 218 64 33 165 216 177 118 289 75 22 269 301 242 225 107 253 240 186 69 258 307 271 318 264 241 312 141 57 189 211 309 298 48 286 282 128 43 56 157 66 24 190 163 120 59 104 122 158 261 223 65 134 79 196 315 230 201 272 21 109 126 162 49 44 124 263 314 13 7 270 279 236 192 267 34 209 231 83 274 60 92 95 159 114 262 204 94 232 217 310 35 3 202 19 151 170 255 153 275 87 77 273 15 41 112 221 54 110 5 61 160 313 249 82 58 207 23 280 125 239 290 206 31 123 288 300 260 136 129 137 181 132 168 235 135 36 281 304 311 305 194 285 180 131 119 277 74 178 4 227 251 185 171 297 175 184 148 68 53 86 199 14 257 284 147 265 98 295 81 179 143 12 20 150 208 17 93 40 97 146 139 176 89 70 90 212 11 205 25 85 88 108 91 317 193 188 72 224 173 174 198 237 299 32 37 96 246 248 254 203 308 149 226 140 9 166 121 210 296 292 220 244 27 45 138 291 238 152 250 256 103 133 78 80 106 213 233 294 51 228 222 200 172 2 50 278 100 287 142 266 154 30 18 63 67 8 99 84 76 182 42 169 187 183 247 191 276 145 73 229 219 52 245 116 6 28 167 62 127 195 10 303 16 316 214 101 55 29 26 102 293 252 38 155 197 71 39 47 259 156 283 268 113 130 161 144 117 215 111 105 302 46 : 5390.96
5 0 
1 135 70 179 112 149 256 247 21 54 82 210 309 73 226 214 270 242 126 72 198 57 163 264 94 294 175 172 274 202 162 92 66 56 305 262 288 26 302 283 211 105 147 188 25 253 35 30 6 7 3 261 101 102 252 215 278 174 178 69 65 115 61 138 271 240 106 220 12 49 259 231 60 64 286 318 34 137 146 40 169 143 31 234 182 23 152 51 4 128 85 133 223 96 237 43 161 289 83 75 159 15 173 151 213 95 110 313 208 8 120 100 38 176 298 314 183 157 11 81 268 311 306 227 257 312 299 304 292 88 233 127 145 209 244 150 134 29 67 156 131 99 111 316 41 10 87 170 130 284 144 297 122 80 196 53 62 250 165 124 224 280 248 77 36 18 167 281 44 78 119 136 307 241 229 225 74 221 103 79 197 121 300 245 203 279 254 238 76 46 84 181 295 308 190 186 310 282 201 37 39 24 107 141 189 204 16 180 194 140 236 148 113 2 277 275 263 222 177 291 19 132 184 114 93 191 276 33 232 219 118 246 287 205 20 260 235 89 160 129 168 303 166 265 249 239 267 296 293 153 317 216 90 164 123 22 27 58 98 108 212 273 142 17 97 104 315 217 243 228 139 52 59 109 91 45 185 230 42 13 116 158 48 5 192 155 117 301 199 28 14 195 154 206 207 258 272 218 251 255 71 68 50 193 171 269 9 187 32 290 125 200 63 266 47 55 86 285 : 5270.2
5 1 
1 51 204 235 23 199 134 136 107 269 161 88 293 249 154 135 146 211 147 31 290 193 179 89 54 152 188 270 85 62 276 185 261 279 28 77 267 236 282 153 2 53 76 84 173 300 166 158 317 202 82 55 3 7 128 9 314 150 127 17 191 157 75 43 174 156 63 224 5 210 217 221 286 19 240 195 296 232 47 298 315 112 29 30 184 73 24 172 20 162 113 262 176 101 45 229 244 289 151 10 106 123 257 273 186 272 311 155 291 297 164 41 288 118 304 226 68 218 95 22 59 243 177 234 205 292 44 86 265 65 37 80 74 32 93 268 251 313 310 275 143 108 34 230 14 21 58 42 175 281 287 200 71 192 256 215 12 196 130 129 67 247 64 79 96 190 197 70 119 206 99 46 225 126 309 105 115 81 263 312 170 305 194 277 209 69 167 27 208 97 212 219 181 227 138 253 125 280 13 168 165 132 214 6 8 133 223 237 233 284 83 100 110 49 109 245 255 307 121 242 252 213 131 38 111 259 171 222 87 274 301 56 140 246 308 72 57 203 207 183 201 114 169 248 33 159 4 178 124 260 278 16 26 50 18 11 149 116 117 266 39 198 102 36 104 145 182 189 61 228 141 15 52 137 60 98 294 316 254 78 25 163 241 103 299 303 90 92 285 220 231 142 250 91 120 48 180 318 238 148 239 35 66 295 94 122 144 216 187 264 306 40 271 160 283 258 302 139 : 5377.69
5 2 
1 308 152 226 53 294 30 194 12 99 62 293 163 13 14 242 272 204 284 207 36 20 21 33 57 259 249 286 300 143 210 149 276 239 209 74 159 138 45 80 157 240 146 174 197 37 100 69 2 288 260 128 228 75 79 302 280 198 61 144 10 3 147 199 299 88 103 258 137 161 173 5 38 314 11 96 91 233 307 50 139 92 179 219 113 215 262 55 110 87 52 86 164 309 223 201 116 17 311 43 140 221 270 261 196 15 212 177 186 211 217 51 251 182 97 206 134 89 187 227 266 291 170 305 129 6 117 108 154 63 130 264 255 98 67 306 188 19 31 32 64 166 142 248 18 263 247 120 25 101 85 195 27 106 66 192 141 298 203 95 185 290 273 256 112 183 237 267 282 277 297 269 220 124 200 229 279 90 71 48 115 180 175 295 171 316 132 126 156 7 72 46 73 39 301 118 172 123 244 82 246 287 283 176 265 191 181 104 34 205 313 136 102 235 190 168 318 275 65 44 148 76 243 232 77 47 153 26 22 68 70 271 41 4 257 29 214 304 231 253 236 42 158 125 94 184 8 289 84 54 105 127 310 230 222 78 60 202 224 83 213 131 81 317 56 119 135 133 114 150 59 28 193 9 145 35 160 292 278 312 303 155 58 16 218 254 189 250 169 208 162 245 109 238 93 122 274 315 234 296 24 151 216 281 285 165 107 268 225 23 178 121 241 252 40 49 167 111 : 5331.98
5 3 
1 254 6 61 84 205 39 311 169 161 239 209 167 38 82 74 279 261 243 149 60 215 210 204 302 284 51 65 127 70 47 214 180 94 105 193 8 230 294 270 224 231 95 295 263 40 114 200 153 9 17 280 130 106 27 116 92 22 257 42 256 194 176 44 90 259 174 162 201 69 75 117 49 14 235 306 58 186 277 7 18 3 171 43 54 37 12 187 316 41 255 158 246 227 96 63 139 249 300 291 278 168 184 123 21 64 28 122 120 220 275 289 89 191 170 287 36 79 223 238 228 131 124 62 55 251 118 222 132 266 236 271 207 77 98 183 297 269 76 138 10 5 107 155 272 218 247 151 317 288 181 216 141 178 99 33 188 250 213 66 113 109 72 296 101 281 310 164 125 202 137 217 248 203 87 15 91 57 282 199 119 67 73 206 293 260 148 242 262 195 318 267 211 298 268 308 299 229 150 11 283 307 78 146 244 144 135 160 86 31 121 276 237 71 232 154 177 314 97 172 219 290 241 190 88 312 165 134 19 274 110 24 4 111 221 80 53 252 273 13 179 159 313 233 240 129 303 286 208 142 175 108 225 30 20 25 50 46 234 212 265 48 115 83 156 100 52 103 133 29 112 264 185 253 93 26 245 34 85 143 166 198 226 45 68 192 35 182 258 292 59 315 157 309 189 147 301 173 145 304 102 23 32 104 196 16 140 128 197 285 136 126 305 56 2 152 163 81 : 5297.91
