0 0 
1 2 6 7 10 11 15 103 21 22 29 30 31 32 33 28 23 20 12 19 24 27 16 17 18 25 26 36 37 42 41 43 46 52 53 58 63 62 57 54 51 47 44 104 45 40 316 317 49 48 50 55 56 59 105 64 69 70 74 75 81 90 89 86 80 76 73 79 77 72 67 68 71 78 82 83 84 85 91 92 96 97 101 102 93 98 99 95 94 100 207 206 202 201 198 197 196 88 87 66 65 61 60 39 38 145 209 149 146 147 148 151 157 158 163 162 159 156 152 150 154 153 155 160 161 164 210 169 172 173 176 183 187 188 190 189 184 182 177 178 174 175 179 180 186 181 185 191 194 195 203 204 200 199 205 312 311 307 306 302 301 303 308 309 310 305 304 298 297 275 276 300 299 296 290 291 285 284 280 279 286 283 274 282 287 289 277 292 293 288 281 278 193 192 295 294 170 171 165 269 266 144 143 216 236 313 233 246 250 259 258 314 228 118 221 222 235 247 237 238 220 232 231 211 212 109 110 113 114 122 123 119 234 225 217 245 224 227 214 242 241 240 230 244 229 226 213 218 215 253 257 262 263 268 315 272 273 166 168 167 265 260 256 252 267 264 261 249 271 318 270 248 251 254 255 243 219 223 239 139 140 142 141 138 133 130 124 129 132 131 121 108 117 120 116 115 13 14 35 34 137 136 135 134 127 208 125 128 126 112 111 107 106 4 5 9 8 3 : 673.83
0 1 
1 2 6 7 10 11 15 21 22 29 32 31 30 28 23 20 103 12 19 24 27 33 40 49 316 317 59 105 62 63 70 69 74 75 81 80 76 73 64 67 68 71 78 82 83 84 72 77 79 86 85 91 92 96 97 101 102 93 98 99 89 90 88 87 66 65 176 173 172 177 182 184 183 187 188 190 189 191 196 197 94 95 201 202 100 207 206 198 203 204 195 194 185 181 186 180 179 175 174 178 169 168 167 210 162 159 163 158 157 151 148 146 147 142 141 131 130 123 132 129 124 121 122 144 143 165 166 171 170 281 278 277 274 272 273 280 279 284 285 291 300 299 296 290 286 283 282 287 289 294 288 292 293 295 192 193 199 200 205 312 311 307 306 302 301 303 308 309 310 305 304 298 297 276 275 271 270 318 249 248 245 244 224 223 214 215 219 218 212 216 217 220 237 234 229 222 233 225 119 118 221 140 139 240 242 241 239 232 231 230 313 238 228 247 314 260 265 258 259 250 255 257 267 261 252 262 251 254 264 315 269 266 268 263 256 253 243 246 236 235 227 226 213 211 109 110 114 113 108 117 208 120 115 116 112 5 4 106 107 111 126 36 37 42 41 43 46 52 53 58 57 54 56 55 50 48 45 44 47 51 104 127 134 137 136 135 125 128 133 138 209 61 60 164 161 160 155 153 156 152 149 150 154 145 38 39 34 35 13 14 17 16 18 25 26 9 8 3 : 529.045
0 2 
1 3 8 9 5 4 106 107 111 112 115 116 13 14 120 208 126 127 134 135 136 137 34 35 39 38 145 154 150 153 155 160 161 164 210 167 168 166 165 269 315 266 265 260 258 255 259 250 314 246 236 235 228 227 226 237 234 229 222 230 233 238 243 240 239 241 242 139 140 143 144 147 146 148 151 157 158 163 162 159 156 152 149 209 142 141 138 132 129 124 133 128 125 117 108 113 114 121 123 130 131 122 119 118 231 232 313 225 221 220 217 216 110 109 212 211 213 218 219 215 214 223 224 244 245 248 249 247 252 251 253 256 254 257 261 264 267 268 263 262 318 270 271 275 276 297 298 304 305 310 309 308 300 299 303 295 293 292 288 294 296 290 286 283 291 285 284 279 280 273 272 274 282 287 289 277 278 281 170 171 192 193 200 199 301 302 306 307 311 312 205 204 203 198 194 195 186 180 179 175 174 185 181 178 169 172 173 176 177 182 184 191 196 197 201 202 206 207 100 95 94 88 87 190 189 188 187 183 66 65 60 61 63 62 70 69 74 75 81 73 76 80 89 90 99 98 93 102 101 97 96 92 91 85 83 82 78 71 84 86 79 77 72 68 67 64 105 59 317 316 56 55 50 48 45 49 40 104 44 47 51 54 57 58 53 52 46 43 41 42 37 36 26 25 18 17 16 27 24 19 12 20 23 28 33 32 31 30 29 22 21 103 15 11 10 7 6 2 : 449.659
0 3 
1 2 6 7 10 11 15 21 22 29 103 20 23 28 30 31 32 33 27 24 19 16 17 18 25 26 36 37 42 41 43 46 52 53 58 57 54 51 47 44 104 40 316 317 49 45 48 50 55 56 59 105 62 63 64 73 76 80 69 70 74 75 81 86 84 79 77 72 67 68 71 78 82 83 85 91 92 96 97 101 102 93 98 99 89 90 88 87 94 95 100 207 206 202 201 197 196 198 203 204 195 194 191 189 190 188 187 183 176 173 172 65 66 61 60 164 161 160 155 153 150 154 145 38 39 35 34 137 136 135 134 127 126 208 125 117 139 140 142 121 132 141 119 232 239 240 313 143 144 250 256 267 254 265 258 261 287 289 288 278 292 295 192 193 171 162 159 166 165 269 280 285 291 284 279 283 290 286 277 274 281 170 293 294 205 312 311 307 306 200 199 302 301 303 296 299 300 308 309 310 305 304 298 297 276 275 271 270 318 249 248 245 244 224 223 259 273 282 272 260 315 268 263 257 210 169 177 184 182 178 181 185 229 238 233 234 237 228 235 226 227 131 138 133 128 122 130 123 124 129 114 221 212 220 225 231 241 242 243 314 246 247 251 253 262 266 264 255 222 218 219 215 214 252 230 236 209 149 157 156 151 163 167 175 174 179 186 180 168 158 146 152 148 147 118 109 213 217 110 216 211 113 108 106 111 112 115 120 4 116 13 14 107 5 9 8 12 3 : 705.502
1 0 
1 2 6 7 10 11 15 103 21 22 29 32 31 30 28 23 20 12 19 24 27 16 17 18 25 26 37 36 33 104 40 316 317 49 45 48 50 55 56 59 105 57 54 51 47 44 41 42 43 46 52 53 58 63 62 64 67 68 71 78 82 83 85 91 92 96 97 101 102 93 98 99 90 89 86 84 79 77 72 73 76 80 81 75 74 69 70 61 60 65 66 87 88 94 95 100 207 206 202 201 197 196 198 191 184 182 177 189 190 188 187 183 176 173 172 169 178 181 185 186 180 179 174 175 168 167 210 164 161 162 159 156 146 109 211 212 220 216 110 114 113 138 137 136 134 127 126 120 208 125 128 240 141 149 152 147 157 151 158 163 148 166 259 250 314 242 243 234 237 229 230 238 233 232 313 241 139 140 239 231 119 118 221 225 143 165 258 267 294 289 287 282 277 278 281 170 288 290 286 283 284 279 291 285 280 273 263 256 261 266 265 255 260 171 264 254 251 257 272 274 269 315 268 262 253 252 247 246 236 235 228 227 226 222 213 218 219 215 214 223 224 244 245 248 249 318 270 271 275 276 297 298 304 310 305 300 299 309 308 303 301 302 306 307 311 312 205 200 199 192 193 195 194 204 203 296 295 293 292 144 142 131 130 124 129 132 135 133 122 123 121 217 117 34 35 209 145 153 150 39 38 154 155 160 108 106 107 111 112 115 116 14 13 4 5 9 8 3 : 624.299
1 1 
1 2 6 7 10 11 15 103 21 22 29 32 31 30 28 23 20 12 19 24 27 16 17 18 25 26 36 37 42 41 43 46 52 53 58 54 51 47 44 104 33 40 316 317 49 45 48 50 55 56 59 105 57 63 62 64 67 68 71 78 82 83 85 91 92 96 97 101 102 98 99 90 89 93 86 84 79 77 72 73 76 80 81 75 74 69 70 61 60 65 66 87 88 94 95 100 207 206 202 201 197 196 198 203 204 195 194 191 189 190 188 187 183 176 173 172 169 177 182 184 178 181 185 186 180 179 174 175 193 192 199 200 205 312 311 307 306 302 301 295 293 292 288 294 289 287 282 277 278 281 170 171 166 165 269 315 266 265 260 259 255 250 314 251 268 273 272 274 283 286 290 291 285 284 279 280 296 299 300 303 308 309 310 305 304 297 298 276 275 271 270 318 249 248 245 244 224 223 214 215 219 218 213 211 212 109 110 216 217 220 221 225 140 313 232 231 238 229 237 234 236 228 227 226 235 247 258 257 254 253 256 252 262 263 264 267 261 246 243 242 241 239 240 233 230 222 119 118 139 143 144 122 123 124 128 129 132 125 208 127 126 120 114 113 108 117 115 116 106 107 111 5 14 112 4 13 35 34 38 39 145 209 149 152 156 159 162 161 160 155 153 150 154 210 164 167 168 163 158 157 151 146 148 147 142 141 131 130 121 138 135 134 133 137 136 9 8 3 : 512.886
1 2 
1 2 6 7 10 11 15 21 22 29 32 31 30 103 12 20 23 28 33 36 37 35 34 39 38 145 154 150 153 155 160 161 164 60 61 42 41 43 46 52 53 58 57 54 51 47 44 104 40 316 317 49 45 48 50 55 56 59 105 62 63 64 67 68 71 78 82 83 85 91 92 96 97 101 102 93 98 99 90 89 86 84 79 77 72 73 76 80 81 75 74 69 70 66 65 87 88 196 197 94 95 100 207 206 202 201 198 190 188 187 183 176 173 172 169 177 182 184 189 191 185 181 178 174 179 180 186 194 195 203 204 200 205 312 311 307 306 199 302 301 303 308 309 310 305 304 298 297 276 275 271 270 318 249 248 245 244 224 223 214 215 219 218 213 222 230 233 238 243 237 234 229 226 227 228 235 236 247 246 314 140 313 225 231 232 239 139 242 241 240 141 142 129 124 121 122 123 217 216 212 211 109 110 208 136 137 120 132 138 130 128 131 135 134 127 126 133 119 118 221 220 209 152 156 159 149 146 147 148 151 157 158 163 162 210 167 168 175 171 288 267 254 251 252 253 257 261 264 263 292 293 192 193 295 294 282 287 289 296 299 300 290 286 283 291 285 284 279 280 273 272 256 262 268 315 266 265 255 258 260 259 143 144 250 269 165 166 277 278 281 170 274 125 117 114 113 108 106 107 111 116 115 13 14 112 4 5 19 24 27 26 25 18 16 17 9 8 3 : 574.986
1 3 
1 2 6 7 10 11 15 103 21 22 29 30 31 32 33 104 40 316 317 49 45 48 50 55 56 59 105 57 54 51 47 44 41 43 46 52 53 58 63 62 64 67 68 71 78 82 83 85 91 92 96 97 101 102 93 98 99 90 89 86 84 79 77 72 73 76 80 81 75 74 69 70 88 87 196 197 94 95 100 207 206 202 201 198 203 204 195 194 185 181 178 186 180 179 174 175 167 168 171 170 281 278 277 282 287 289 294 288 292 293 295 192 193 199 200 205 312 311 307 306 302 301 303 296 299 300 308 309 310 305 304 297 298 291 285 284 280 279 290 286 283 274 166 165 269 315 272 273 276 275 271 270 318 249 248 245 244 224 223 214 215 238 232 225 119 118 252 268 262 253 256 261 257 258 250 114 113 122 124 125 117 37 36 42 39 38 145 153 61 60 66 65 176 191 183 187 188 190 189 184 182 177 172 173 169 210 164 161 160 155 162 159 156 152 149 146 147 148 151 157 158 163 154 150 209 144 143 259 266 265 260 264 314 247 246 240 241 243 211 212 217 231 313 239 237 226 235 236 227 228 222 230 234 233 242 139 220 221 213 218 219 229 216 110 251 263 267 254 255 142 141 130 120 208 126 127 129 131 121 108 115 116 5 106 112 111 107 4 134 35 34 137 138 140 109 123 132 128 133 135 136 14 13 9 8 3 17 16 18 25 26 19 24 27 20 23 28 12 : 624.241
2 0 
1 2 6 7 10 11 15 12 116 225 140 122 232 192 121 137 132 221 309 142 134 14 127 124 62 83 101 88 182 186 253 252 110 251 158 148 183 79 92 66 77 47 61 84 48 50 96 90 67 81 89 87 170 271 71 78 95 257 156 138 130 136 131 194 261 288 304 273 218 233 106 298 191 250 310 203 210 160 155 115 13 37 42 34 237 217 239 219 234 51 302 274 108 38 56 45 181 206 69 143 308 80 94 164 57 82 289 202 150 275 129 279 166 163 300 311 113 159 201 307 227 109 297 248 259 176 196 216 266 243 272 117 9 8 211 149 277 188 174 247 168 306 147 125 26 18 119 314 204 220 235 39 223 65 68 40 293 301 99 91 240 5 25 281 151 165 267 260 128 229 246 175 198 98 97 208 282 172 262 114 139 185 177 190 72 55 105 104 33 86 254 287 74 278 197 313 291 107 209 152 111 242 19 16 17 118 144 133 296 193 58 222 35 24 112 212 199 270 41 52 53 145 290 315 244 126 27 255 213 294 238 60 276 318 263 285 205 195 316 20 23 28 29 22 21 103 30 31 32 100 75 43 54 59 179 241 178 123 36 224 173 70 93 180 154 157 303 312 184 226 4 245 207 46 63 161 187 305 189 102 85 44 317 49 64 73 169 264 299 258 135 171 231 284 230 146 268 295 167 256 269 76 200 292 265 228 153 162 280 249 214 120 141 286 283 215 236 3 : 4042.39
2 1 
1 106 214 130 109 216 275 198 202 160 184 27 71 240 228 180 159 103 222 90 249 285 102 93 21 30 43 294 101 96 315 116 92 85 204 83 200 45 208 179 309 197 305 119 199 81 215 84 195 158 161 129 94 72 170 111 312 77 231 168 142 187 221 317 23 54 48 76 68 86 67 205 189 313 261 263 135 122 238 273 256 157 42 286 73 70 138 53 28 141 230 78 11 10 220 169 3 2 7 55 190 88 91 89 112 259 268 209 132 75 19 281 290 127 289 235 278 304 248 137 177 74 223 153 37 34 145 210 57 186 201 14 166 56 191 247 118 217 147 237 115 128 298 292 308 283 239 114 65 260 174 172 69 165 307 250 277 196 182 47 58 154 8 121 152 299 41 194 262 107 293 181 49 33 36 300 252 284 206 291 156 143 270 241 225 296 318 276 311 155 63 124 24 26 219 120 131 269 306 108 212 18 59 144 12 38 175 193 183 242 279 272 232 245 244 264 64 100 163 97 99 258 173 95 140 150 251 254 171 267 266 218 178 310 213 105 22 29 134 125 151 148 227 123 303 253 287 282 234 51 316 62 79 13 211 274 87 302 52 82 46 104 6 149 288 66 39 17 280 176 126 32 192 133 60 44 146 246 113 233 243 5 50 295 167 265 297 207 98 162 314 164 136 110 224 40 9 80 139 117 301 20 35 15 229 203 4 271 226 185 25 61 188 31 257 255 236 16 : 4930.81
2 2 
1 2 6 7 10 11 12 146 210 164 100 296 144 220 269 199 293 192 272 251 152 139 231 285 82 67 105 64 74 58 46 116 125 208 142 127 117 213 307 252 212 207 165 298 76 53 57 101 38 34 209 148 171 271 242 211 227 118 225 122 229 304 196 201 204 295 250 150 40 70 49 103 23 30 41 86 263 258 173 302 224 245 294 306 280 259 151 123 4 239 216 244 232 314 183 278 68 238 313 98 187 299 300 301 205 218 226 52 80 255 132 262 17 18 36 120 312 25 114 305 289 153 155 90 309 287 8 112 129 159 217 193 240 97 20 45 29 21 15 22 48 317 91 274 124 264 109 236 215 256 230 99 292 147 177 65 102 79 71 92 33 43 28 31 47 51 55 89 206 188 77 61 60 156 160 286 279 222 194 268 126 283 282 276 95 288 93 32 59 84 169 170 172 180 190 273 318 88 39 5 266 270 203 135 234 235 14 308 136 145 275 115 119 184 108 241 83 78 249 104 281 66 237 140 154 221 303 186 310 56 113 130 219 162 277 128 138 50 85 265 257 243 247 158 223 134 35 137 111 284 37 161 149 167 81 62 73 197 87 185 233 179 63 290 315 260 133 121 141 214 297 175 254 157 267 131 198 176 228 195 181 94 248 168 246 174 261 16 19 182 54 13 202 166 163 200 189 311 75 316 96 44 72 42 106 253 27 24 291 107 143 110 26 178 69 191 9 3 : 4228.5
2 3 
1 3 8 9 5 4 107 106 108 111 112 115 116 13 14 120 208 126 127 134 243 235 294 312 181 169 288 98 76 80 79 77 72 96 85 83 82 78 71 68 67 316 317 50 49 45 104 51 54 46 52 43 86 84 101 93 91 102 89 90 81 73 74 75 69 64 63 66 61 202 206 100 200 204 184 188 190 195 179 87 88 92 189 180 178 186 205 295 281 301 279 275 269 305 215 260 264 318 231 266 261 144 166 291 283 304 315 314 256 277 303 159 156 152 170 174 287 203 95 198 199 298 299 249 239 142 141 145 34 136 128 278 270 242 119 113 114 117 129 132 220 123 226 238 227 225 307 254 171 153 150 149 148 168 155 161 183 196 97 143 137 39 38 296 308 209 154 160 164 60 185 157 151 274 302 248 230 258 224 222 255 310 282 289 193 182 194 207 70 99 165 290 293 192 276 35 135 138 133 125 124 121 130 122 131 237 245 162 210 177 172 175 167 271 251 233 110 218 234 313 263 240 252 267 259 247 219 241 246 214 236 253 273 297 265 244 221 109 211 212 228 216 118 232 309 197 300 163 311 284 262 223 250 292 257 286 191 94 201 187 65 147 146 158 139 213 217 229 140 306 285 268 272 280 173 176 105 56 55 48 40 59 57 58 53 62 17 47 44 41 42 37 36 26 25 18 16 19 24 27 33 28 23 20 29 32 31 30 103 22 21 15 11 12 10 7 6 2 : 1966.03
3 0 
1 2 6 7 10 11 21 22 29 30 31 32 33 137 120 14 154 140 125 318 240 89 176 193 62 197 95 135 207 258 221 198 201 231 115 9 25 217 134 315 213 203 287 301 92 293 232 111 275 209 260 4 214 266 265 261 273 310 244 196 303 271 143 297 279 286 169 42 41 157 194 69 84 282 88 184 39 161 36 37 43 149 223 218 235 119 34 269 277 306 152 262 190 156 160 77 105 99 202 44 162 256 107 238 3 227 296 263 285 114 222 189 313 174 255 118 128 229 298 146 179 180 50 45 56 98 102 96 54 57 74 81 67 187 188 87 164 151 234 278 178 148 144 225 142 230 241 246 212 254 239 113 314 252 281 70 48 59 55 91 97 58 167 138 289 220 294 101 317 316 40 49 61 83 308 71 206 86 276 117 245 305 80 68 104 264 85 200 195 165 236 204 191 170 186 243 147 250 216 211 208 145 259 249 35 291 272 253 126 133 123 304 270 224 312 183 159 248 182 181 268 290 100 82 73 63 75 302 76 79 53 66 52 46 168 292 267 16 27 12 19 18 13 116 112 219 121 215 129 199 185 172 177 90 228 257 60 72 93 78 64 51 65 130 274 247 106 280 153 166 131 150 38 307 192 309 155 173 163 175 233 94 242 24 5 136 8 122 295 205 251 237 124 108 132 283 141 311 300 110 127 299 226 171 158 210 284 47 288 139 109 17 26 28 23 20 103 15 : 3964.15
3 1 
1 63 86 184 203 279 224 120 116 291 294 305 265 207 215 275 286 251 35 277 238 278 136 213 188 132 140 249 226 159 34 208 134 108 240 248 99 44 172 186 61 115 107 111 164 42 55 217 17 171 175 95 223 261 276 266 257 146 312 23 43 53 174 11 38 162 60 127 263 259 123 113 210 193 66 9 10 233 311 21 173 214 158 56 97 59 142 163 308 281 306 138 239 293 310 235 128 89 202 189 92 218 299 301 168 309 57 124 292 104 24 74 68 48 165 101 216 160 45 33 131 220 179 315 103 314 154 303 90 316 143 144 15 28 317 197 274 283 272 307 166 192 153 284 247 145 13 117 300 102 91 256 5 71 36 205 225 167 94 318 199 285 182 139 100 209 264 262 302 304 73 201 54 204 268 84 194 8 106 137 129 273 40 157 230 170 81 30 76 147 49 7 6 2 64 20 22 126 211 236 185 246 267 287 282 178 151 296 161 195 200 70 118 16 58 156 242 243 234 125 80 83 46 47 67 152 232 19 27 187 289 280 198 82 149 32 79 18 29 26 51 245 133 52 269 50 77 196 221 260 241 250 252 121 295 229 231 14 181 25 206 150 87 227 72 141 222 228 258 75 37 135 65 114 290 169 155 62 78 98 253 271 313 191 298 93 254 122 270 119 177 88 212 112 237 244 105 31 39 3 130 41 288 85 219 69 110 109 297 190 255 180 176 183 4 96 148 12 : 5005.56
3 2 
1 11 22 33 49 195 155 43 35 145 293 202 95 94 179 298 318 260 219 248 232 239 129 299 256 158 70 91 72 312 159 150 169 278 89 58 93 74 307 185 45 77 65 271 315 233 289 273 252 121 131 114 151 311 54 198 102 78 90 262 146 215 149 224 266 292 106 5 128 42 172 100 63 297 189 80 218 28 135 237 214 123 277 288 227 15 133 60 161 111 197 19 73 81 196 68 280 200 258 267 193 192 109 247 53 14 165 316 3 62 240 228 163 177 55 79 167 253 244 234 313 221 194 136 27 24 29 30 282 264 281 254 66 276 142 110 144 156 173 186 170 112 99 301 236 137 64 306 290 231 245 180 238 220 303 152 48 207 104 16 12 251 295 57 20 8 51 206 314 270 272 286 263 279 40 184 59 122 229 300 50 82 44 309 154 4 132 25 17 157 87 92 130 141 308 88 36 188 209 283 268 225 211 294 302 305 250 243 310 241 119 134 275 85 140 168 230 201 39 269 98 52 26 41 274 84 147 23 7 103 31 69 56 226 166 86 46 96 47 190 178 199 124 108 9 61 304 187 34 222 162 203 291 210 148 118 217 126 125 285 249 139 76 191 71 21 105 242 216 171 183 38 317 18 37 204 67 97 257 235 265 176 75 175 160 246 182 127 116 13 208 107 143 255 213 261 181 113 259 296 212 223 284 101 83 32 10 6 2 287 174 164 138 117 205 153 115 120 : 4521.31
3 3 
1 2 6 7 10 11 15 103 20 23 28 21 22 29 30 31 32 222 247 272 287 242 118 123 140 273 234 143 211 220 313 245 297 303 271 229 267 186 190 66 196 100 205 309 295 278 279 254 255 285 310 277 293 286 162 148 160 153 150 241 269 227 146 225 218 253 290 283 299 168 195 169 315 296 311 191 206 202 198 88 94 90 89 197 201 174 175 182 185 179 194 298 268 306 258 318 276 264 260 261 274 223 239 224 124 125 128 133 63 62 70 74 75 81 80 76 73 72 77 79 84 86 93 102 101 97 96 92 91 85 83 82 78 71 68 67 64 69 129 135 136 137 34 35 41 44 47 51 54 57 58 53 52 46 43 42 37 36 25 26 16 18 17 27 12 19 24 33 104 40 316 317 49 45 48 50 55 56 59 105 38 39 172 230 289 243 215 152 147 294 307 291 314 249 233 250 151 60 61 183 203 189 187 98 99 207 95 252 228 237 235 238 209 154 155 145 149 132 131 108 113 114 110 219 231 240 166 262 236 221 244 200 184 301 157 308 144 170 178 282 210 304 266 181 259 214 280 265 256 284 138 130 121 122 232 213 216 300 161 275 139 156 302 159 158 163 192 173 180 193 204 177 248 226 257 312 305 288 167 164 263 292 188 87 65 176 281 199 165 217 270 246 141 251 171 142 119 212 109 117 120 116 115 112 111 107 106 4 5 13 14 127 134 126 208 8 9 3 : 2073.68
4 0 
1 2 6 7 10 11 15 21 22 29 103 20 23 28 30 31 32 33 36 37 42 41 43 46 52 53 58 57 54 51 47 44 104 45 40 316 317 49 48 50 55 56 59 105 62 63 70 69 74 75 81 90 89 86 80 76 73 64 67 68 71 78 82 72 77 79 84 83 85 91 92 96 97 101 102 93 98 99 95 94 100 207 206 202 201 197 196 88 87 190 188 187 183 189 184 182 177 172 173 176 65 66 61 60 39 38 35 34 137 136 135 138 141 142 121 122 114 128 125 133 132 129 124 130 131 123 242 140 139 241 228 234 238 233 240 257 254 268 273 265 253 266 269 165 166 170 171 281 278 288 292 293 295 296 294 287 289 282 277 274 283 299 300 279 280 291 286 290 285 284 259 258 315 267 255 262 263 250 144 229 261 272 256 264 260 252 249 226 243 239 220 217 216 212 211 109 232 221 247 219 222 224 235 314 143 146 147 158 157 151 159 162 163 152 156 148 149 209 145 154 150 153 155 160 161 164 210 167 168 169 178 181 185 174 175 179 180 186 191 198 203 204 194 195 193 192 301 302 199 200 205 312 311 307 306 303 308 309 310 305 304 298 297 276 275 318 270 271 244 248 215 223 218 213 231 110 246 214 237 119 118 251 245 227 236 230 313 225 113 115 116 117 108 112 111 107 5 106 4 120 208 126 127 134 13 17 18 25 14 16 19 27 24 26 8 9 12 3 : 711.012
4 1 
1 2 6 7 10 11 15 103 21 22 29 32 31 30 28 23 20 27 24 19 16 17 18 25 26 37 36 33 104 44 47 51 54 57 58 53 52 46 43 41 42 39 38 35 34 137 136 138 132 129 124 131 130 123 121 122 119 118 220 221 225 313 231 232 239 240 241 242 139 140 143 144 142 141 209 145 154 150 153 155 160 161 164 60 61 66 65 172 173 176 183 187 188 189 190 87 88 90 89 80 76 73 81 75 74 69 70 63 62 105 56 55 50 48 45 40 49 316 317 59 64 67 68 71 78 82 83 85 84 72 77 79 86 93 91 92 96 97 101 102 98 99 95 100 207 206 202 201 94 197 196 198 191 184 182 177 169 210 162 159 156 152 149 146 147 148 151 157 158 163 167 168 174 185 181 178 179 175 180 186 195 194 203 204 200 199 205 311 312 309 300 308 306 310 304 298 286 282 293 290 272 280 279 284 291 285 295 192 193 288 278 165 166 171 170 281 292 289 283 277 296 287 294 274 315 264 261 297 253 252 245 244 257 243 235 238 236 237 248 251 270 247 229 234 233 230 223 222 218 215 219 227 226 228 224 246 314 250 259 255 258 254 267 263 256 249 273 271 275 276 305 299 303 307 302 301 268 269 265 260 266 318 262 214 213 212 217 109 110 216 211 114 113 14 13 4 5 106 107 111 112 108 117 125 128 133 135 134 127 126 208 120 116 115 9 8 3 12 : 702.397
4 2 
1 2 6 7 10 11 15 21 22 29 32 31 30 28 23 27 24 19 18 25 26 37 42 41 43 46 52 53 58 57 54 51 47 44 50 48 45 36 33 104 40 49 316 317 55 56 59 105 64 67 68 71 78 82 83 85 91 92 96 97 101 102 93 98 99 90 89 86 84 79 77 72 80 76 73 62 63 70 69 74 75 81 95 100 207 206 202 201 197 196 94 88 87 190 189 188 187 183 176 173 172 177 182 184 191 198 203 204 195 194 186 180 179 175 174 185 181 178 169 65 66 61 60 164 210 167 168 171 170 281 288 292 293 295 192 193 200 199 301 302 306 307 205 312 311 303 308 309 300 299 296 294 289 287 282 278 277 274 283 286 290 291 285 284 279 280 305 310 304 298 297 276 275 318 270 271 273 272 268 263 262 264 267 261 265 260 259 258 314 143 144 141 131 140 232 119 225 5 4 112 111 107 106 108 109 211 118 217 222 240 241 266 315 269 166 165 242 239 233 227 223 244 245 218 214 219 215 246 234 229 236 237 252 247 251 253 256 224 248 249 235 226 257 254 255 250 139 221 212 213 228 230 238 313 216 220 231 243 110 123 124 129 132 115 116 13 136 137 38 39 209 145 154 150 153 155 160 161 149 152 156 159 162 163 158 157 151 147 148 146 142 121 120 117 113 130 122 114 128 125 133 138 135 134 126 127 208 14 34 35 17 16 3 8 9 12 20 103 : 664.269
4 3 
1 3 8 9 12 16 17 35 34 39 38 145 209 150 154 153 155 160 162 163 158 157 159 156 152 149 151 148 146 147 142 141 138 137 136 135 133 128 125 208 134 127 126 120 13 14 5 4 106 107 111 112 115 116 108 113 114 117 124 129 132 121 131 130 123 122 119 118 221 220 139 143 144 140 239 231 232 313 225 222 229 226 228 227 247 246 236 235 234 238 242 241 240 243 233 230 237 110 109 217 216 212 211 224 223 214 215 219 218 213 244 245 248 249 318 270 271 275 276 297 304 299 312 200 302 193 281 289 282 285 300 310 306 192 309 305 298 301 308 303 307 311 205 199 295 292 288 170 171 166 165 269 266 264 257 251 256 263 262 267 252 260 253 314 254 268 265 259 250 255 258 261 272 315 274 296 279 280 284 291 283 294 293 287 290 286 273 277 278 168 167 175 174 179 180 186 194 195 204 203 198 191 184 189 190 188 187 183 176 173 172 177 182 185 181 178 169 210 161 164 60 61 65 66 87 88 196 197 201 202 206 207 100 94 95 99 98 90 89 93 102 101 97 96 92 91 86 79 77 72 84 85 83 82 78 71 68 67 64 73 76 80 81 75 74 69 70 63 62 58 53 52 46 43 42 41 44 47 51 54 57 105 59 56 55 50 48 45 49 317 316 40 104 36 37 26 25 18 19 24 27 33 32 31 30 28 23 20 103 29 22 21 15 11 10 7 6 2 : 596.304
5 0 
1 2 6 7 10 11 15 21 22 29 32 31 30 103 20 23 28 33 40 59 55 52 201 41 64 97 45 54 86 82 295 303 71 74 101 160 283 227 232 298 313 230 314 277 83 90 199 182 214 118 238 249 142 124 128 131 14 34 125 288 99 289 91 92 62 162 161 310 139 308 143 141 270 304 39 35 231 268 120 221 224 245 239 151 175 185 84 311 234 163 260 165 309 248 112 115 205 137 136 152 146 147 296 100 194 269 284 140 132 119 190 255 250 223 111 106 107 5 266 290 253 241 208 135 237 281 192 200 292 149 209 212 267 172 53 56 49 263 4 13 236 42 217 8 12 122 178 68 96 47 144 123 117 108 38 300 282 225 219 273 186 206 65 109 220 228 312 155 44 77 203 46 130 164 210 293 301 264 184 51 58 105 66 202 306 287 244 216 302 36 37 134 242 150 243 159 148 169 181 189 187 271 138 61 176 226 258 154 286 156 278 116 133 193 67 73 81 98 87 85 80 235 291 305 280 262 168 180 195 75 89 78 102 93 72 50 48 69 233 240 218 213 197 183 177 129 275 204 316 317 104 257 171 57 26 265 299 9 145 307 179 198 79 76 188 126 153 63 60 315 211 297 279 157 222 229 247 274 167 207 127 25 113 252 95 70 318 43 272 256 294 166 121 196 261 173 276 254 259 94 251 16 285 110 191 88 158 174 215 246 170 114 17 19 24 18 27 3 : 3850.29
5 1 
1 138 271 224 144 109 303 206 151 180 209 258 199 130 212 216 143 249 62 184 80 56 32 44 47 58 89 71 102 67 54 50 105 91 68 65 266 299 140 262 118 200 142 287 145 169 281 164 195 241 38 182 219 289 306 160 294 284 233 257 127 116 228 214 148 163 221 237 39 274 272 13 9 134 112 225 290 19 188 84 315 174 36 301 312 318 280 263 305 40 25 26 101 147 265 270 99 72 251 277 111 114 230 291 155 242 232 295 194 211 122 308 103 21 30 81 273 239 86 125 186 259 203 189 185 137 255 117 59 250 210 100 192 7 6 2 254 94 57 115 17 135 97 152 124 16 41 317 22 4 187 83 20 279 267 96 15 63 60 227 106 76 202 286 193 311 161 42 85 175 24 244 196 98 64 222 264 107 165 66 110 177 34 128 302 285 33 8 238 178 297 261 307 269 49 208 173 253 300 170 121 120 293 149 74 3 126 172 69 48 46 35 198 11 168 205 53 176 119 23 108 304 256 167 82 278 132 260 217 247 213 218 220 88 18 31 243 12 207 153 92 245 252 246 215 37 10 104 78 93 248 52 313 240 275 223 179 288 171 296 204 154 27 139 157 235 131 282 191 136 201 90 14 113 123 190 141 55 77 316 70 197 183 133 162 166 234 146 276 75 236 5 29 79 150 156 268 292 181 51 129 73 87 95 283 314 229 298 231 226 43 61 158 28 309 310 159 45 : 4869.47
5 2 
1 62 74 45 191 232 249 4 212 190 70 220 260 8 219 108 90 209 172 294 288 290 127 113 124 318 257 167 223 251 154 80 56 83 96 40 49 52 33 57 61 218 118 206 195 179 97 120 248 182 145 199 138 162 305 269 241 144 278 169 166 295 214 243 261 242 87 93 153 35 292 16 142 221 289 53 42 13 131 107 112 276 156 94 315 192 128 51 76 67 102 200 281 177 155 126 262 273 194 231 309 146 301 244 266 186 36 26 317 32 43 68 135 17 168 165 37 187 130 20 19 111 149 225 303 136 217 302 201 114 105 287 204 88 81 271 109 141 14 117 106 5 9 227 224 284 215 152 151 316 137 60 54 31 71 18 307 270 175 170 267 236 258 245 233 180 189 213 279 238 234 75 178 158 202 82 22 10 7 6 2 143 85 65 252 34 46 21 15 79 263 188 123 229 41 299 193 48 78 274 210 297 110 211 207 176 173 157 77 159 183 64 160 148 286 104 164 84 312 283 44 27 163 98 115 132 174 205 293 277 171 121 304 59 256 66 196 116 23 39 310 63 103 235 89 99 250 264 73 161 47 203 255 259 133 230 296 122 208 184 28 197 12 11 38 268 280 247 282 254 285 240 226 92 58 311 3 24 314 91 306 253 140 100 313 181 198 101 147 228 222 139 246 125 275 291 265 237 300 216 185 298 129 29 50 272 55 119 239 30 150 86 25 69 72 95 308 134 : 4906.9
5 3 
1 2 6 7 10 11 15 21 22 29 103 20 23 28 30 31 32 33 36 37 42 41 43 46 52 53 58 57 54 51 47 44 104 40 45 48 50 49 316 317 55 56 59 105 62 63 73 76 80 86 84 79 77 72 64 67 68 71 78 82 83 85 91 92 96 97 101 102 93 98 99 90 89 81 75 74 69 70 88 87 94 95 100 207 206 202 201 197 196 190 188 187 183 189 184 186 304 308 273 205 311 199 293 298 170 289 284 285 318 249 231 235 225 119 118 228 129 232 236 211 142 147 159 296 276 185 195 277 265 222 269 220 213 230 223 243 248 258 259 266 290 274 283 294 299 278 263 166 306 310 305 291 255 233 239 242 143 227 200 192 177 182 172 156 161 160 153 176 173 38 39 60 61 66 65 164 167 229 132 131 140 139 219 226 260 261 250 157 148 146 158 149 144 247 234 114 122 218 112 107 106 108 109 241 217 221 237 214 252 246 152 151 313 240 315 295 171 180 307 301 178 210 155 150 154 145 138 209 254 245 268 270 267 165 286 168 272 256 271 302 292 198 204 312 309 169 174 297 253 162 264 244 203 194 193 288 279 281 287 280 224 238 314 215 251 262 123 124 216 125 128 117 116 115 5 4 111 113 121 257 163 181 175 300 303 179 191 282 275 212 110 141 130 133 135 34 35 137 136 208 120 14 13 126 127 134 17 16 19 24 27 26 25 18 12 9 8 3 : 1570.3
