0 0 
1 12 27 16 18 8 30 24 28 23 22 31 29 21 2 3 9 104 48 317 316 40 51 68 73 75 89 83 67 92 96 76 72 62 55 59 79 78 71 84 82 77 80 97 85 93 69 81 90 99 101 102 91 86 98 202 197 95 100 206 201 94 169 60 278 302 281 294 296 283 166 143 250 242 219 253 255 257 254 252 275 279 205 307 200 293 193 203 204 17 25 58 46 61 176 188 87 88 74 187 168 162 147 153 158 152 142 113 212 109 111 41 209 38 34 39 19 26 37 36 7 11 6 10 70 64 66 172 183 179 181 198 190 63 177 167 149 161 136 128 141 137 112 13 5 106 107 115 208 135 126 127 116 4 14 138 150 145 154 155 272 273 274 280 259 315 291 286 285 264 140 139 217 110 213 211 118 129 35 134 120 117 221 225 244 248 223 249 251 267 262 298 310 304 297 305 299 308 303 184 196 207 191 186 174 178 175 301 292 170 290 289 199 312 311 309 277 265 261 269 165 148 151 157 210 146 266 268 282 300 287 263 256 243 144 260 258 231 234 236 218 229 238 241 240 237 226 228 215 233 216 314 246 247 235 230 222 313 232 119 122 125 130 131 123 108 124 133 132 121 114 220 239 227 245 214 224 318 271 270 276 284 171 288 295 192 306 194 195 185 189 65 164 182 173 180 156 163 159 160 43 42 53 52 105 49 44 50 45 47 57 54 56 33 32 20 15 103 : 1365.48
0 1 
1 12 32 31 2 5 115 116 133 137 129 132 123 130 141 138 209 152 120 113 131 122 124 128 125 108 139 220 217 237 226 229 234 242 231 211 213 222 219 224 245 318 275 276 309 300 304 310 305 308 287 293 296 288 295 199 205 306 302 174 180 172 190 187 175 186 193 200 203 195 177 191 173 182 184 81 99 93 64 68 77 57 42 43 9 8 17 110 212 216 109 114 142 163 303 292 281 170 192 291 299 274 269 254 250 238 218 228 227 235 214 215 244 223 248 251 264 263 262 268 272 284 285 280 315 265 314 143 243 232 236 233 225 240 140 313 221 119 118 239 230 241 247 246 257 144 147 13 136 134 135 117 208 34 145 38 156 159 151 162 188 87 312 311 301 307 289 294 282 277 171 181 185 178 179 183 65 75 80 84 91 97 101 102 86 69 63 35 39 61 189 204 194 198 201 207 94 62 74 73 82 71 85 83 96 89 70 78 79 90 196 206 100 202 197 164 60 168 176 169 167 161 210 160 146 121 126 14 111 112 107 106 4 127 154 153 158 260 165 166 267 259 255 266 261 256 252 253 249 270 271 298 297 283 290 278 286 273 279 258 148 155 157 149 150 37 46 58 66 54 26 19 18 25 16 103 21 7 10 6 11 22 29 15 316 317 40 44 45 49 41 55 59 67 92 88 95 98 72 76 52 51 53 36 47 105 56 33 27 28 23 24 20 30 48 50 104 3 : 1226.97
0 2 
1 2 10 33 37 34 137 138 136 122 225 232 237 215 219 236 228 218 109 216 113 121 144 240 314 229 263 262 257 318 270 269 281 292 287 288 294 282 283 299 192 306 315 266 268 264 261 265 258 255 284 271 275 298 290 291 297 310 305 304 276 300 309 303 308 307 199 200 207 196 201 202 197 94 206 102 97 96 91 101 92 67 39 116 145 118 220 221 119 114 211 242 243 217 231 239 226 234 238 313 227 246 222 212 235 247 256 267 296 274 251 250 140 141 165 286 279 272 285 273 301 302 311 205 175 172 187 66 65 177 160 155 158 163 131 130 120 129 128 209 151 146 139 252 260 253 249 254 143 259 162 154 38 124 108 135 208 115 13 5 7 3 11 15 22 8 25 26 161 176 293 170 289 277 278 210 152 153 159 157 167 191 190 183 181 61 75 76 69 47 36 17 27 29 31 30 28 150 148 166 186 203 204 180 179 168 174 185 189 188 173 78 84 83 72 77 73 105 44 41 54 46 56 59 316 57 51 53 52 32 50 55 40 21 103 12 48 45 49 43 42 58 62 63 64 93 70 80 74 82 71 98 99 89 87 195 312 193 171 295 280 248 224 245 244 223 214 213 241 233 230 147 142 149 156 164 169 88 95 178 184 182 198 194 100 90 85 86 81 68 79 317 104 60 14 106 110 132 125 133 123 117 127 112 9 23 24 19 16 18 107 4 111 126 134 35 20 6 : 1380.11
0 3 
1 103 31 29 6 2 21 11 7 10 32 33 20 15 40 45 41 42 47 53 54 43 63 66 65 61 164 60 197 202 207 206 182 172 169 88 201 196 95 94 100 86 83 82 98 91 96 317 316 50 49 106 4 34 5 111 125 208 107 213 118 110 217 216 211 114 222 240 234 237 228 119 231 238 219 227 232 242 239 230 236 246 252 235 229 218 212 109 221 220 209 149 152 142 210 93 89 99 90 87 198 194 177 148 141 157 161 163 150 146 160 159 156 158 151 35 153 154 145 155 137 126 135 124 128 132 130 121 117 129 116 113 112 115 14 26 19 22 59 56 71 78 79 74 75 81 102 92 101 97 84 85 80 69 186 174 181 178 173 184 191 190 179 185 188 187 183 176 162 168 189 205 175 180 204 199 306 312 308 309 307 303 296 281 289 285 304 305 310 297 298 270 272 284 280 300 273 257 263 258 259 315 265 260 269 256 255 264 249 245 251 248 223 214 224 215 244 318 271 261 253 266 283 291 274 166 165 295 171 203 195 167 277 293 301 311 200 287 278 288 193 302 192 294 299 279 170 282 292 286 290 275 276 268 267 262 254 314 313 225 241 243 233 226 247 250 139 143 144 147 133 13 136 108 36 37 25 134 131 140 122 123 120 127 138 39 38 62 58 76 64 68 67 72 70 48 104 24 23 105 77 73 46 55 57 44 52 51 9 8 17 16 28 30 27 18 12 3 : 1249.79
1 0 
1 10 8 20 27 9 128 107 106 111 115 5 112 108 123 125 133 138 132 134 116 4 137 120 127 135 126 25 14 208 129 131 148 158 178 203 202 207 206 204 95 100 61 210 160 155 164 185 182 177 181 180 292 290 286 279 296 294 318 298 304 305 310 309 199 307 192 301 200 205 306 193 302 311 312 303 273 247 248 215 224 235 241 242 212 141 142 151 209 34 136 117 121 124 146 163 156 145 150 187 186 175 171 308 299 272 261 258 250 314 254 139 140 157 147 143 265 267 269 252 256 264 166 195 194 191 179 174 184 176 183 87 66 189 169 168 188 81 55 56 49 316 38 45 50 40 37 33 16 17 13 152 149 162 153 154 159 12 6 22 30 105 51 52 53 54 43 42 57 82 78 72 64 58 46 63 41 44 47 48 104 28 23 32 317 85 91 102 92 101 83 75 76 74 69 67 68 84 62 60 39 35 259 167 165 281 289 283 284 287 282 293 285 297 275 270 276 280 300 288 277 263 262 268 257 251 253 246 228 234 229 243 236 219 213 218 227 245 249 244 223 214 226 222 225 233 313 240 238 237 260 315 271 291 295 278 170 274 266 255 144 221 118 109 211 220 217 231 232 119 239 230 122 114 110 216 113 130 161 90 201 172 65 173 190 88 196 94 198 197 89 98 99 96 97 93 86 80 73 70 77 79 71 59 18 26 21 11 29 15 19 24 36 31 103 7 2 3 : 1246.29
1 1 
1 7 33 29 21 41 54 50 55 51 46 43 53 104 19 12 5 107 106 127 112 111 4 115 9 25 37 42 36 30 20 23 32 22 316 67 82 91 69 79 84 62 58 145 155 162 174 180 274 277 283 278 175 159 157 156 161 60 178 173 87 189 176 172 186 181 185 169 168 179 193 289 301 311 309 302 284 272 266 315 286 300 304 305 290 279 318 271 248 285 310 297 276 270 275 298 308 170 171 260 265 269 291 273 254 251 252 233 232 221 220 143 256 268 261 257 247 244 214 215 228 218 240 313 243 217 109 212 211 216 238 241 239 237 222 235 234 229 227 236 219 213 226 223 224 245 249 246 255 230 242 231 314 264 280 287 299 200 194 195 306 296 282 292 294 293 295 303 192 204 203 100 101 92 96 97 102 78 77 57 56 317 63 80 72 73 74 90 93 68 83 86 89 59 64 76 71 85 98 81 99 202 207 201 183 188 196 75 70 65 66 177 88 206 198 197 199 205 312 307 288 281 167 210 140 130 131 117 122 113 121 142 147 209 141 129 208 128 110 119 225 118 114 124 133 146 253 258 148 139 144 259 267 263 262 250 163 158 165 166 190 95 94 191 184 187 182 39 35 137 134 136 138 135 132 123 150 154 153 149 152 151 160 164 61 52 34 116 47 44 40 45 48 105 49 24 103 6 28 15 2 16 18 8 120 125 108 13 14 38 126 26 17 31 27 10 11 3 : 1286.95
1 2 
1 8 13 136 123 121 137 132 130 128 135 152 154 209 158 146 142 141 108 112 4 107 129 131 14 134 127 115 120 111 38 160 150 165 265 258 263 253 262 269 250 254 239 119 118 122 113 143 232 226 229 236 238 110 221 211 124 149 147 241 242 144 314 234 243 313 225 109 216 220 114 240 212 217 140 294 192 295 287 296 277 282 283 274 315 267 268 261 276 275 247 246 245 248 249 255 266 257 252 318 270 271 272 273 284 297 305 298 285 291 290 281 292 286 303 306 199 289 288 278 279 280 310 304 300 299 309 308 200 205 311 301 307 302 171 312 193 293 170 256 251 264 166 259 260 231 228 235 237 244 224 223 219 215 214 218 233 213 222 227 230 139 151 156 210 176 94 75 74 81 62 71 68 79 82 85 83 93 96 102 92 89 187 182 178 197 88 65 61 58 52 53 50 51 42 47 57 46 43 44 54 23 28 18 20 27 36 41 161 155 153 164 183 87 201 204 203 181 60 72 86 91 97 101 98 95 100 206 189 198 191 190 173 66 168 167 174 175 163 162 177 179 195 194 196 207 202 80 76 84 77 78 67 55 56 49 59 105 64 70 69 99 90 73 63 169 172 185 180 186 188 184 159 157 148 35 39 26 40 317 104 316 45 48 37 34 145 138 133 125 9 16 17 126 208 117 116 106 5 25 19 12 21 103 22 33 24 29 32 6 11 15 30 31 7 2 3 10 : 1200.52
1 3 
1 103 20 32 33 7 15 3 8 24 27 18 25 11 31 104 49 72 86 78 85 83 98 99 82 57 55 51 45 48 40 50 56 105 58 68 67 97 102 101 93 77 73 69 74 89 96 92 91 81 90 183 189 177 176 190 70 80 79 84 71 76 206 202 204 198 100 95 94 75 64 59 54 41 36 23 30 17 12 28 21 19 13 125 137 26 16 116 112 111 4 14 136 133 148 151 135 46 317 316 37 42 52 63 161 158 157 167 179 182 184 203 194 169 162 269 278 282 284 293 292 287 290 286 285 298 305 310 307 281 280 295 174 185 172 87 88 207 197 201 196 309 308 300 299 279 283 277 294 171 168 180 178 186 195 200 199 302 301 306 291 275 276 166 242 238 247 229 241 243 226 228 218 237 230 118 213 217 216 220 109 110 211 140 144 143 231 232 212 225 113 131 129 210 65 66 53 62 188 173 187 181 191 61 154 38 35 47 60 145 160 164 156 147 146 152 34 120 127 134 208 115 106 5 107 108 117 126 132 165 170 175 288 193 312 311 205 192 274 289 303 296 297 304 318 271 270 273 272 267 263 268 262 253 255 265 315 264 258 266 260 256 245 244 249 248 251 252 246 254 261 257 314 313 221 239 139 233 222 240 250 259 224 215 219 234 227 214 223 235 236 119 114 128 121 122 123 163 141 142 130 138 124 149 209 150 159 155 153 39 43 44 29 22 9 10 6 2 : 1201.69
2 0 
1 50 23 197 223 201 268 247 121 131 207 51 34 212 113 177 31 124 164 65 122 220 41 59 33 242 120 171 282 295 97 100 67 176 239 181 92 145 243 238 182 196 272 153 40 56 80 52 118 157 7 3 42 46 115 133 2 180 306 280 168 110 101 85 15 274 222 273 217 310 219 154 226 144 283 160 200 198 311 294 159 233 264 63 47 58 281 60 86 64 186 192 256 279 221 53 277 206 69 111 25 266 249 129 108 152 289 292 19 73 44 54 119 308 313 9 126 237 184 302 303 291 255 232 229 209 195 76 74 38 148 228 155 163 61 84 43 305 142 263 36 250 208 90 83 81 161 307 296 275 107 158 173 96 4 140 267 285 318 162 230 298 37 21 103 190 147 116 26 259 218 246 265 211 114 49 102 138 93 146 309 127 75 271 167 191 252 24 28 27 312 70 210 304 203 87 300 71 179 254 99 316 22 12 104 234 245 244 14 132 45 6 13 18 151 314 224 112 317 77 48 150 194 202 88 257 227 301 260 82 284 216 105 178 125 290 139 175 297 231 5 16 240 214 149 55 62 286 91 270 205 165 66 17 106 109 193 213 288 30 172 134 170 262 169 199 187 79 123 98 143 241 299 183 269 117 248 287 261 215 225 130 293 185 156 253 128 95 251 20 11 89 94 174 10 166 276 72 35 236 315 29 39 137 204 68 32 8 188 278 135 235 78 57 136 189 258 141 : 5058.13
2 1 
1 145 133 249 119 292 174 294 112 21 228 186 83 272 251 153 66 262 305 276 204 180 309 250 290 101 70 264 4 137 281 65 64 173 82 202 208 175 93 171 304 308 285 67 265 231 298 274 77 182 266 98 312 212 121 163 168 314 130 155 303 224 201 2 146 61 22 295 243 237 95 43 116 196 134 217 149 222 181 167 8 18 48 164 125 16 49 31 75 176 165 24 310 96 56 241 148 154 195 194 260 89 203 200 227 245 166 53 29 316 60 213 17 114 254 187 68 273 79 105 126 136 275 270 107 185 100 159 140 142 150 141 90 138 157 117 184 74 287 282 279 188 284 271 106 255 47 71 232 259 263 162 293 280 144 40 283 296 120 132 169 131 214 253 223 278 297 209 207 160 26 152 183 99 14 73 62 258 215 172 84 311 23 41 110 151 289 317 33 111 123 256 240 158 50 55 88 170 44 80 242 244 69 78 143 91 12 210 118 239 236 178 247 286 206 19 277 129 191 156 127 28 72 30 11 27 94 36 122 252 299 199 218 318 257 267 246 76 63 87 32 52 102 147 177 205 315 306 9 161 268 229 221 15 113 248 45 135 216 220 54 25 58 51 139 307 7 189 288 97 57 124 34 192 81 37 103 6 59 269 190 313 226 86 179 5 38 108 35 13 39 92 10 104 3 198 230 109 261 115 301 302 128 197 85 291 235 225 211 238 233 20 46 193 300 219 234 42 : 5075.24
2 2 
1 257 51 67 193 265 304 242 6 134 7 12 283 303 210 154 291 202 94 126 190 112 4 182 263 66 311 61 55 58 60 188 93 286 125 23 229 26 262 90 207 101 34 171 306 100 197 183 2 22 98 102 17 147 238 192 281 270 212 250 297 224 264 75 87 149 42 40 46 199 295 184 20 228 248 239 299 285 115 129 216 155 73 204 39 195 59 205 143 158 118 146 260 119 121 49 315 293 178 258 219 268 148 145 19 273 29 269 36 172 79 187 267 65 57 196 312 62 282 152 305 246 278 69 82 15 252 244 290 163 222 177 309 318 108 289 271 231 89 245 288 189 230 136 151 103 317 95 186 37 72 71 144 38 185 159 128 275 18 249 164 206 124 139 27 28 76 191 279 241 232 141 221 173 44 105 256 220 277 201 251 88 77 85 174 200 236 237 276 160 217 170 83 179 298 175 162 81 308 211 78 92 45 274 167 41 198 302 316 68 96 234 32 161 111 176 240 150 284 272 180 106 255 48 300 113 127 254 226 13 117 107 110 203 292 52 56 50 25 63 122 33 53 91 214 104 215 253 259 114 84 310 296 266 157 301 168 225 243 247 213 208 35 116 3 131 181 209 313 80 307 135 137 11 16 130 138 194 64 54 9 123 233 74 169 109 70 165 166 5 280 223 218 99 21 261 227 140 47 133 31 30 153 142 8 10 132 294 314 235 287 156 86 43 97 120 24 14 : 5129.97
2 3 
1 236 8 2 9 27 91 40 79 133 70 145 149 109 141 193 302 198 228 242 116 35 161 232 34 131 293 299 307 166 46 269 283 309 298 223 230 122 142 148 251 273 234 227 156 241 111 173 94 168 66 155 15 26 47 68 244 308 312 284 238 211 174 178 81 222 224 286 292 295 165 143 268 281 296 289 255 250 184 195 187 95 97 29 235 225 267 253 254 277 146 88 285 318 270 247 221 101 31 57 17 67 280 257 192 123 317 167 78 83 181 80 77 300 306 294 287 108 150 12 172 197 264 37 82 157 220 63 48 21 136 130 137 252 262 85 30 93 74 190 191 206 194 51 33 6 7 22 124 5 19 104 282 171 278 304 73 96 188 162 43 44 183 182 135 154 89 114 107 212 153 159 23 132 14 117 106 58 64 38 204 202 138 118 140 56 92 87 169 72 69 55 41 13 176 65 52 113 53 105 45 16 180 203 20 18 76 175 290 303 301 276 201 189 25 152 129 215 274 185 186 170 208 134 120 127 3 240 305 160 151 214 226 229 39 207 311 205 179 315 272 291 245 314 36 24 84 75 144 263 313 110 119 258 237 279 271 259 158 147 217 218 32 10 316 42 163 115 199 256 265 213 60 126 98 200 177 71 49 216 260 246 128 310 297 248 261 239 266 219 50 164 210 100 196 102 99 61 4 139 233 243 231 275 288 249 209 103 28 11 121 125 112 59 90 54 62 86 : 3851.38
3 0 
1 98 71 150 293 302 196 195 126 16 92 17 52 172 7 141 153 105 117 183 120 250 154 19 268 258 157 149 227 207 251 229 242 147 217 86 135 13 51 70 164 56 131 35 80 73 78 283 10 23 315 74 57 62 83 127 134 173 275 299 248 257 282 26 235 191 231 159 209 263 48 222 223 30 54 67 63 94 142 95 24 244 201 22 11 43 281 301 291 68 167 36 14 160 61 104 58 15 20 8 27 273 214 133 199 204 318 276 267 37 266 236 237 240 170 277 252 116 28 99 289 49 33 109 132 188 305 97 77 151 40 216 161 309 55 39 144 307 179 219 259 4 124 178 3 46 270 192 108 130 187 175 180 262 162 81 189 169 278 139 182 44 9 233 265 211 246 59 112 271 113 306 203 121 221 241 239 119 163 2 230 111 90 82 269 300 12 122 125 225 110 280 313 79 220 106 249 255 166 298 100 193 292 123 245 34 224 274 264 88 256 60 284 297 212 308 205 304 260 254 234 287 114 232 210 84 38 89 45 29 32 96 115 190 206 185 176 42 140 194 102 103 177 218 247 136 85 165 208 128 76 50 101 202 311 310 138 317 31 137 197 69 65 285 314 253 213 312 200 72 171 158 66 75 261 184 6 47 174 316 181 148 25 87 18 118 93 279 145 226 53 146 155 198 288 286 152 168 156 91 143 303 243 186 294 272 228 295 41 129 64 215 296 290 5 238 107 21 : 5073.27
3 1 
1 229 180 151 31 314 2 265 60 230 223 217 304 310 305 117 109 291 220 142 182 62 3 84 311 279 246 301 260 130 199 100 91 187 173 309 144 95 76 271 123 59 105 63 158 147 288 268 85 61 9 317 308 139 239 69 39 251 183 316 300 90 152 259 30 119 270 294 227 225 258 178 278 255 247 256 254 313 112 221 172 245 55 22 12 143 57 66 175 54 216 241 250 110 58 195 299 136 166 45 106 263 160 108 115 40 210 267 159 43 133 34 49 46 237 235 171 286 47 14 18 52 253 125 302 249 224 244 146 156 113 41 150 157 307 297 140 248 222 261 83 23 42 19 56 185 10 93 24 67 179 17 138 107 16 209 162 88 202 154 285 165 303 27 208 101 102 28 33 15 37 71 73 103 13 68 161 264 29 197 164 292 282 92 50 118 266 81 21 82 252 213 284 274 276 228 186 128 233 215 114 290 295 257 72 269 191 193 201 75 206 99 181 190 231 94 281 194 218 79 78 198 275 80 189 77 174 318 283 226 120 153 149 207 6 277 96 127 32 134 137 44 20 243 211 155 312 289 36 184 135 315 170 188 204 141 262 296 176 306 8 104 272 219 169 7 11 97 122 203 242 26 5 205 200 65 232 87 168 132 64 196 53 167 192 236 212 131 293 234 121 148 111 116 145 238 177 86 240 287 280 129 38 35 4 48 25 89 98 298 273 126 214 70 74 124 163 51 : 4998.04
3 2 
1 81 97 261 110 41 44 47 129 154 266 9 253 95 140 227 80 89 197 52 57 242 141 284 183 101 304 168 295 230 213 187 179 290 267 298 137 209 232 54 17 300 240 20 58 36 37 136 217 55 16 96 196 72 61 271 302 282 314 221 139 105 102 88 84 103 40 98 186 8 92 42 180 274 68 28 312 287 167 224 178 307 142 233 244 100 7 245 113 109 211 165 153 117 283 313 163 318 229 156 175 14 25 13 112 289 275 316 104 33 71 10 93 6 246 311 77 90 66 204 122 118 107 43 143 149 216 38 236 49 131 151 53 126 190 23 146 62 256 121 315 228 59 193 2 279 116 254 303 239 296 164 150 82 173 265 305 177 293 237 138 249 309 276 181 108 250 251 252 248 203 86 166 294 301 273 243 291 225 288 170 241 263 308 15 27 162 189 277 48 45 220 4 85 260 198 317 30 182 74 127 310 280 218 226 205 119 115 231 191 238 144 208 130 157 285 5 195 185 212 148 278 255 123 78 12 114 11 24 262 235 174 35 214 147 215 125 65 34 270 26 83 91 219 268 223 297 258 259 171 56 29 202 269 169 155 201 21 257 152 94 60 299 306 106 128 272 200 158 159 199 161 192 31 32 120 247 111 145 46 160 87 3 281 207 99 63 124 135 132 19 75 286 188 18 172 222 264 73 206 79 194 184 292 176 134 39 234 133 210 22 70 69 76 67 51 50 64 : 5108.18
3 3 
1 7 49 288 297 305 291 240 251 249 255 170 121 112 241 245 237 281 289 304 149 14 104 58 194 31 264 292 238 259 115 52 136 137 34 113 155 213 171 279 285 126 210 287 231 179 95 88 92 97 99 147 138 122 117 24 40 150 127 135 106 212 219 144 244 226 110 70 63 80 130 13 228 312 192 203 294 184 234 230 199 278 274 100 176 67 55 53 94 235 161 225 174 180 193 65 154 131 108 45 73 107 111 10 61 145 86 116 89 82 36 50 204 301 284 273 146 248 229 22 56 101 84 316 125 218 123 318 129 4 44 83 27 256 205 275 222 223 157 128 141 209 313 5 48 175 261 308 277 272 310 189 178 177 183 200 30 16 216 75 54 62 181 66 71 59 270 142 74 201 32 236 220 119 258 247 224 132 165 265 206 290 269 266 143 295 303 140 12 9 37 87 85 11 33 133 296 60 81 46 191 102 185 68 19 239 232 243 250 233 186 90 197 173 76 2 317 187 198 96 57 172 35 227 314 139 98 72 153 221 25 69 91 42 151 124 208 252 293 286 262 196 207 267 268 158 15 23 28 38 103 18 190 311 152 160 47 169 302 3 39 17 8 263 280 217 211 253 315 257 283 202 182 246 118 309 299 163 29 20 93 64 78 134 188 166 300 298 276 164 195 282 156 159 162 105 77 167 254 242 307 41 168 260 271 306 214 215 148 79 43 6 21 114 109 51 26 120 : 3999.49
4 0 
1 10 2 3 7 6 15 11 21 44 52 42 26 25 20 29 28 43 57 47 59 40 316 64 68 69 61 53 62 172 184 177 165 296 289 281 279 270 267 250 314 144 140 259 269 293 200 204 292 171 274 260 266 224 223 215 244 249 227 238 234 233 232 231 118 221 213 217 216 109 119 114 116 106 18 24 33 23 103 36 37 148 136 14 134 35 154 159 152 141 146 157 175 186 182 198 90 83 98 73 50 49 32 22 19 5 111 8 17 112 4 107 108 117 122 123 121 124 135 208 120 115 34 128 125 127 137 16 13 30 104 39 138 126 129 113 133 132 38 155 167 179 166 290 297 310 304 271 318 214 240 139 255 251 247 245 212 219 226 237 242 228 225 252 248 273 272 263 241 230 211 220 147 130 131 142 143 243 110 222 235 218 229 313 239 236 246 257 268 262 287 295 288 312 308 309 305 300 276 284 285 283 280 278 277 303 302 294 286 291 282 192 301 199 170 194 195 193 307 203 176 210 315 264 299 298 275 256 265 261 253 254 258 189 197 201 206 196 183 190 66 181 168 162 169 161 153 156 160 151 149 163 158 145 150 209 164 60 58 54 87 202 95 100 187 173 174 311 306 205 207 191 185 180 178 81 92 93 63 74 70 65 77 86 82 79 71 75 67 84 85 97 91 105 56 55 89 72 76 78 99 88 188 94 96 102 101 80 317 45 48 51 41 46 31 27 9 12 : 1420.32
4 1 
1 22 29 31 32 125 13 107 112 117 121 220 222 237 226 118 110 109 219 216 211 233 232 221 313 240 140 260 267 254 264 263 265 291 272 285 290 294 293 288 277 156 157 164 155 162 287 281 171 295 167 199 302 307 311 312 205 306 301 289 303 308 273 286 283 304 309 305 300 274 252 224 214 218 234 225 238 243 239 212 217 236 246 229 235 213 215 245 244 223 248 270 271 276 275 268 256 318 249 314 241 247 251 253 258 266 255 259 165 174 172 183 194 202 185 292 192 200 193 175 177 173 52 51 42 63 73 201 197 90 206 179 180 186 187 203 207 100 196 176 66 94 278 195 178 269 315 144 230 143 242 129 145 154 79 93 86 72 68 71 62 70 80 92 102 101 96 91 84 67 59 74 78 85 76 77 69 65 153 149 148 142 262 170 160 141 131 130 135 134 120 115 138 124 39 38 113 108 5 8 33 2 20 24 19 17 18 25 26 35 14 116 106 4 147 146 152 127 126 128 122 114 111 132 133 208 137 136 123 119 231 139 250 261 284 282 296 310 298 297 280 299 279 181 191 204 190 189 198 182 169 210 161 60 61 36 15 11 10 30 41 43 44 317 150 209 158 166 257 228 227 168 151 159 163 184 88 97 98 99 83 75 64 45 50 81 95 87 188 89 82 40 56 105 57 55 47 48 49 316 104 54 58 46 37 53 34 16 103 28 12 9 23 21 27 3 6 7 : 1430.52
4 2 
1 17 18 21 44 40 50 51 74 81 72 54 57 53 62 42 104 19 22 32 28 23 103 9 3 48 45 43 46 52 66 164 168 167 169 184 146 151 158 174 175 194 180 179 193 292 303 205 311 312 304 310 268 263 256 262 264 286 285 280 283 297 308 309 298 305 300 287 192 195 199 295 281 219 229 245 318 253 267 289 301 307 306 200 302 296 294 288 170 171 277 290 299 282 272 275 276 271 273 279 274 252 236 251 246 144 166 186 190 197 204 207 100 202 95 188 173 176 65 88 196 187 201 87 182 172 94 206 198 189 203 185 181 178 278 293 284 291 315 261 254 235 243 259 260 143 129 124 132 141 255 265 165 269 227 228 110 212 217 114 108 138 136 135 134 137 120 116 107 111 112 106 5 115 13 16 35 14 4 10 11 6 2 30 7 49 210 160 154 156 161 183 177 191 60 63 55 317 316 85 82 86 70 61 56 47 41 105 84 102 96 92 91 99 93 89 98 90 79 76 77 83 101 97 68 71 75 69 80 73 64 67 78 59 37 39 153 157 163 150 155 209 145 58 36 130 113 242 139 230 216 314 240 233 313 241 231 237 247 224 214 266 258 257 250 140 142 34 126 127 133 38 149 152 159 162 148 147 117 131 122 123 239 238 221 119 232 211 220 234 222 226 248 249 270 244 223 215 218 213 225 109 118 121 125 208 128 26 8 15 33 20 31 24 25 27 29 12 : 1310.21
4 3 
1 19 26 41 53 43 316 55 59 47 46 37 23 27 34 14 135 142 267 264 254 165 166 290 286 294 273 278 288 171 170 307 311 312 302 303 301 204 203 206 207 197 100 196 181 174 179 194 186 178 176 87 184 183 82 105 56 58 61 60 210 39 146 158 147 137 141 132 124 131 130 117 145 9 3 24 12 30 31 103 20 6 7 10 15 22 33 49 45 64 89 76 74 83 102 92 98 99 95 94 282 274 280 283 308 300 297 298 310 305 304 276 271 284 299 287 192 205 200 199 306 291 275 270 268 315 269 257 272 295 289 296 281 293 292 259 232 225 239 234 222 212 220 110 217 233 144 231 313 119 213 242 237 241 230 216 118 113 122 138 4 112 106 157 162 153 156 149 169 201 90 80 79 68 78 84 91 97 101 96 93 202 198 66 187 175 193 309 262 318 314 263 253 252 249 224 227 245 215 223 214 236 218 219 240 114 121 116 120 107 115 108 128 125 136 209 164 155 154 151 152 160 65 81 73 69 77 71 72 67 85 70 75 86 190 182 88 189 188 177 277 285 279 256 260 261 235 228 247 221 211 109 140 143 250 243 229 238 139 129 133 134 208 13 111 123 226 246 258 251 244 248 255 266 265 148 163 159 161 195 180 185 191 172 173 167 168 150 52 42 51 54 104 25 17 127 126 35 38 44 50 57 63 62 317 11 32 40 48 29 21 28 16 36 18 8 5 2 : 1317.57
5 0 
1 16 139 300 93 287 174 151 74 91 103 35 127 226 289 129 242 203 318 200 194 278 177 233 237 44 4 282 60 269 167 95 63 124 116 134 170 100 83 136 207 230 15 132 40 5 12 175 197 70 20 275 243 291 280 229 110 133 314 294 253 316 80 61 299 119 160 307 277 135 157 259 180 168 274 45 11 92 84 19 66 148 169 198 267 250 89 310 298 191 120 147 130 73 162 271 189 187 281 137 128 202 254 176 288 192 295 215 58 8 41 33 27 3 106 32 2 94 39 149 163 90 186 123 10 54 204 101 50 245 18 17 53 273 211 283 264 65 266 118 256 196 301 105 199 257 236 286 312 221 117 249 153 225 165 79 181 99 303 305 55 64 234 247 146 104 193 246 184 155 240 152 138 69 183 263 81 24 57 313 238 178 23 290 98 201 309 88 251 227 297 304 212 47 42 51 21 111 262 72 143 219 248 14 59 75 164 209 244 317 185 224 107 308 182 102 206 52 284 112 38 255 228 260 87 231 195 86 97 67 172 142 285 141 26 279 7 258 159 121 213 22 56 190 78 9 292 28 46 150 214 241 222 36 82 48 43 85 154 34 13 311 161 158 115 29 208 126 217 205 171 306 140 25 68 109 131 145 77 210 113 216 232 220 315 114 62 37 188 49 166 30 108 173 265 156 71 76 252 144 223 179 296 218 239 270 272 293 302 96 31 276 122 268 125 235 261 6 : 5114.15
5 1 
1 290 262 313 108 65 46 245 252 243 253 318 288 182 248 131 157 107 138 158 186 132 2 209 113 211 240 144 201 246 139 300 87 45 43 106 196 105 21 259 224 307 69 289 273 278 185 178 286 292 291 241 170 207 203 11 50 73 88 191 192 305 267 99 149 121 214 279 95 198 189 230 277 284 68 103 27 187 30 251 298 123 222 12 227 82 169 308 199 233 272 188 229 311 268 244 130 235 271 39 220 129 6 77 56 26 111 270 90 97 249 159 20 151 119 118 48 127 154 306 274 150 109 53 217 100 10 152 202 76 210 96 78 59 28 117 44 164 255 40 261 281 38 193 133 141 168 86 247 84 71 316 16 17 112 83 64 25 79 128 89 195 166 18 51 57 179 58 120 140 212 122 263 264 269 301 296 302 177 124 31 134 280 225 194 215 236 238 254 260 304 160 55 181 226 297 219 221 33 35 135 110 161 62 15 173 101 47 19 23 299 75 24 136 70 114 223 92 184 287 242 172 165 60 14 4 258 72 13 200 314 3 22 163 282 257 146 143 148 204 315 104 37 309 206 218 8 237 175 9 126 125 317 102 41 36 54 7 61 137 34 67 142 205 94 190 310 183 293 294 156 231 91 213 174 115 5 239 162 295 176 74 85 63 234 250 98 208 167 216 155 228 232 52 116 197 283 147 275 153 32 171 276 66 93 265 81 80 180 303 285 312 266 145 49 29 256 42 : 5024.82
5 2 
1 301 153 236 170 95 201 172 312 198 226 137 299 237 195 239 144 117 10 120 146 149 129 130 27 317 9 270 73 89 168 209 275 231 302 306 282 263 178 169 316 61 96 300 16 48 220 232 200 284 240 305 256 264 22 28 25 41 250 271 12 83 90 55 185 160 132 287 206 177 39 311 253 272 229 219 143 221 163 142 289 277 296 65 176 173 259 121 208 245 318 35 18 128 69 127 81 298 110 228 262 76 17 276 268 204 267 197 202 313 213 88 266 227 113 3 94 234 252 66 93 79 292 303 31 77 196 308 15 20 224 186 6 53 248 265 294 5 254 191 288 290 315 215 223 103 43 54 164 84 38 188 161 50 179 152 67 91 281 32 217 193 86 171 187 101 125 291 283 44 100 261 249 225 203 165 280 222 104 274 126 167 141 36 68 109 14 139 26 42 21 2 293 235 123 210 124 251 247 279 194 106 260 295 157 34 115 147 78 269 273 75 148 30 4 82 183 116 238 107 46 258 13 108 242 135 70 102 175 314 182 140 138 8 119 111 285 244 310 97 60 190 218 155 11 62 59 7 99 29 150 154 19 58 174 297 184 156 51 118 241 158 233 85 246 286 255 98 133 92 278 257 105 87 199 134 56 74 211 166 192 214 37 212 151 136 159 33 122 181 52 207 49 40 131 64 243 309 304 45 72 71 189 80 47 24 112 230 114 162 57 307 180 205 145 23 63 216 : 5155.33
5 3 
1 48 150 64 191 125 19 3 6 37 283 300 218 122 285 282 307 291 171 186 204 147 108 155 197 94 63 77 98 172 176 229 247 145 45 72 50 136 7 26 102 187 275 227 118 148 208 315 179 271 170 190 192 194 29 28 115 217 234 287 133 156 95 154 128 39 278 87 293 245 258 18 51 104 25 33 106 279 276 139 314 316 56 160 124 130 232 181 144 107 286 182 89 193 253 309 303 200 256 284 157 142 221 262 298 312 304 295 199 313 225 206 46 188 81 75 82 90 173 230 240 119 146 177 263 228 138 121 112 140 235 236 250 166 53 21 265 246 8 58 141 41 251 224 34 280 292 252 233 301 310 308 270 219 237 238 259 231 131 13 38 169 207 201 103 158 61 65 101 178 79 91 80 36 32 11 23 2 16 143 152 296 132 123 223 318 311 92 85 183 164 62 88 151 248 249 137 114 243 267 242 272 66 67 31 70 210 57 59 299 159 198 175 305 261 269 255 96 52 126 281 244 195 10 5 86 99 83 189 196 93 68 84 185 78 97 202 24 161 254 257 167 73 47 17 174 60 165 266 264 209 153 14 4 135 117 127 12 100 76 162 149 116 212 220 109 27 20 35 69 54 22 317 49 44 9 184 306 163 113 289 74 120 134 111 168 211 273 302 268 222 213 216 241 297 260 203 205 294 129 15 43 42 30 71 40 110 226 239 215 55 105 180 288 290 274 277 214 : 3854.65
