0 0 
1 2 6 7 10 11 15 103 21 22 29 30 31 32 33 36 37 42 41 43 46 52 53 58 57 54 51 47 44 104 40 45 48 50 49 316 317 55 56 59 105 64 72 77 79 84 67 68 71 78 82 83 85 86 80 76 73 69 70 74 75 81 90 89 93 91 92 96 97 101 102 98 99 95 94 100 207 206 202 201 197 196 198 203 204 194 195 200 199 205 312 311 307 306 302 301 303 308 309 310 305 304 298 297 276 275 318 270 271 273 272 280 279 284 285 291 300 299 296 290 286 283 282 287 289 294 295 193 192 293 292 288 281 278 277 274 315 269 266 265 260 258 259 250 255 261 264 267 268 263 262 256 253 257 254 251 252 249 248 245 244 224 223 214 215 219 218 213 222 230 233 238 237 234 229 227 236 235 228 226 247 246 314 243 240 241 242 232 239 231 313 118 225 119 220 221 217 109 216 212 211 110 114 122 130 131 139 140 144 143 142 135 128 129 113 141 146 149 151 170 171 166 165 132 138 34 35 137 136 134 127 126 116 13 14 4 106 107 111 112 115 120 125 108 124 117 123 121 133 208 210 164 60 61 66 65 169 167 168 175 174 179 180 186 62 63 178 181 185 191 184 182 177 172 173 176 183 187 188 189 190 87 88 156 152 150 153 155 160 162 209 148 163 157 147 158 159 161 154 38 39 145 5 28 23 20 12 19 26 25 18 17 16 24 27 9 8 3 : 588.327
0 1 
1 2 6 7 10 11 15 21 22 29 30 31 32 33 36 37 104 40 316 317 49 50 48 45 44 47 51 54 57 55 56 59 105 62 63 58 53 52 46 43 41 42 60 61 66 65 176 183 187 188 189 190 87 88 70 74 69 64 73 76 80 75 81 90 89 86 84 79 77 72 67 68 71 78 82 83 85 91 92 96 97 101 102 93 98 99 95 94 100 207 206 202 201 197 196 198 203 204 195 194 191 184 182 177 173 172 169 178 181 185 186 180 179 174 175 168 167 210 164 161 160 155 153 150 154 145 38 39 35 34 137 136 135 125 128 133 138 209 149 152 156 159 162 163 158 157 151 148 146 147 142 141 132 129 124 131 130 123 121 122 119 118 140 139 242 241 240 239 232 231 230 233 238 243 246 247 249 251 256 261 193 192 295 144 143 259 258 254 314 250 255 275 300 297 310 304 285 284 283 296 298 280 291 282 286 293 292 288 281 278 277 290 303 301 205 312 307 306 200 199 308 302 311 309 299 273 253 272 274 279 270 318 257 264 260 265 315 269 267 266 166 165 170 171 294 289 287 305 271 276 262 268 263 252 248 244 245 236 219 224 215 223 226 235 234 237 228 229 227 214 213 222 313 225 220 221 211 218 217 216 212 110 109 114 113 108 106 111 112 115 116 117 120 208 4 14 13 127 134 126 107 5 9 8 3 12 27 24 26 25 18 17 16 19 28 23 20 103 : 678.025
0 2 
1 2 6 7 10 11 21 22 29 30 31 32 33 36 37 42 41 43 46 47 44 104 40 316 317 49 45 48 50 55 56 59 105 57 54 51 52 53 58 62 63 70 69 74 75 81 73 76 80 86 79 77 72 64 67 68 71 78 82 83 84 85 91 92 96 97 101 102 93 98 99 89 90 88 87 94 95 100 207 206 202 201 197 196 198 203 204 195 194 191 185 181 178 186 180 179 174 175 168 167 169 177 182 184 189 190 188 187 183 176 173 172 65 66 61 60 164 210 162 159 156 152 149 148 147 146 141 142 130 122 231 236 219 234 119 313 233 230 216 220 241 252 251 261 264 268 267 260 262 256 254 258 255 139 243 240 221 217 212 211 214 218 239 250 229 227 237 245 249 248 224 226 238 242 223 235 247 246 314 259 315 143 144 151 157 158 163 165 269 266 263 265 274 272 273 271 270 318 275 276 297 298 304 305 310 309 308 303 301 302 306 307 311 312 205 199 200 193 192 295 299 296 294 288 292 293 300 291 285 280 279 284 286 290 283 289 287 282 277 278 281 170 171 166 253 257 215 213 124 132 129 123 140 131 113 108 121 114 110 109 118 232 228 222 225 244 138 34 35 39 38 154 153 155 160 161 150 145 209 128 208 117 4 106 112 126 127 134 137 136 135 133 125 120 115 116 14 13 111 107 5 27 24 19 16 18 26 25 17 9 8 3 12 20 23 28 103 15 : 718.475
0 3 
1 2 6 7 10 11 15 103 21 22 29 30 31 32 33 36 37 42 41 43 46 52 53 58 57 54 51 47 44 104 40 316 317 49 45 48 50 55 56 59 105 62 63 70 69 74 75 81 80 76 73 64 67 68 71 78 82 83 85 84 72 77 79 86 91 92 96 97 101 102 93 98 99 89 90 66 65 61 60 164 161 160 155 153 150 154 145 209 149 152 156 159 162 163 158 157 151 148 146 147 144 143 242 241 240 238 233 230 229 234 237 243 314 250 259 255 258 260 265 266 315 168 167 210 169 172 173 176 183 187 188 190 87 88 196 197 94 95 100 207 206 202 201 198 191 174 178 184 189 182 177 181 185 186 180 179 175 281 292 289 294 287 277 293 301 200 199 307 303 310 284 297 271 304 300 296 290 283 291 298 305 276 280 299 274 269 165 166 170 171 194 195 204 203 205 311 312 309 308 306 302 193 192 295 288 278 272 268 262 261 264 267 273 279 275 286 282 285 263 256 253 254 318 249 245 244 246 252 257 251 270 236 235 227 214 219 226 228 248 247 223 222 221 313 216 212 211 218 224 215 213 110 225 109 220 118 231 232 239 139 140 142 113 114 217 119 130 123 121 122 108 4 106 107 111 112 5 9 8 13 134 127 208 115 116 14 125 128 133 129 117 132 124 131 141 138 126 120 135 136 137 34 35 39 38 17 16 18 25 26 27 24 20 23 28 19 12 3 : 718.264
1 0 
1 2 6 7 10 11 15 21 22 29 32 31 30 103 20 23 28 33 104 40 316 317 49 45 48 50 55 56 59 105 57 54 51 47 44 41 42 43 46 52 53 58 62 63 70 69 74 75 81 80 76 73 64 67 68 71 72 77 79 84 78 82 83 85 91 92 96 97 101 102 93 86 89 90 98 99 95 100 207 206 202 201 94 197 196 88 87 66 65 61 60 154 145 130 123 122 121 108 113 124 132 129 114 115 116 34 4 13 14 107 111 5 106 9 8 3 16 19 24 27 18 17 25 26 37 36 38 39 35 137 138 136 135 208 133 128 125 117 112 134 127 247 235 228 222 227 236 252 253 254 256 267 170 171 166 165 269 315 266 265 258 225 221 220 118 119 110 109 217 216 212 211 213 218 219 215 214 223 224 244 245 248 249 318 270 271 275 276 273 272 280 279 284 285 291 283 286 290 299 300 298 297 304 305 310 309 308 303 296 294 289 287 282 274 277 278 281 288 292 293 295 192 193 301 302 306 307 311 312 205 199 200 195 194 204 203 198 164 161 160 155 153 150 149 152 156 159 162 210 169 172 173 176 183 187 188 190 189 191 184 182 177 178 181 185 186 180 179 174 175 168 167 163 158 157 151 148 146 147 144 143 140 139 242 241 240 239 232 231 313 230 233 238 243 237 234 229 226 261 264 257 255 246 251 262 263 268 259 250 260 314 131 142 141 209 126 120 12 : 590.102
1 1 
1 2 6 7 10 11 21 22 29 30 31 32 33 104 40 316 317 49 45 48 50 55 56 59 105 64 72 77 79 67 68 71 78 82 83 84 85 91 92 96 97 101 102 93 98 99 90 89 86 80 76 73 81 75 74 69 70 63 62 57 54 51 47 44 41 42 43 46 52 53 58 61 60 66 65 172 173 176 183 187 188 190 87 88 94 95 100 207 206 202 201 197 196 198 203 204 195 194 191 189 184 182 177 178 181 185 186 180 179 174 175 171 170 192 193 199 200 205 312 311 307 306 302 301 303 308 309 310 305 304 298 297 268 257 261 240 313 233 232 231 239 146 163 157 158 151 148 147 144 143 238 221 118 119 139 234 235 226 237 227 250 251 253 262 263 269 266 315 287 294 295 293 292 288 281 278 277 272 285 290 274 282 289 284 318 243 217 216 212 211 213 109 229 230 225 246 247 244 255 140 142 141 131 130 123 122 121 124 129 132 138 110 220 222 228 236 214 218 219 267 264 249 248 245 223 224 215 252 273 286 283 300 299 296 291 279 280 270 271 276 275 256 314 254 258 265 260 259 165 166 168 167 169 210 162 39 38 154 145 150 209 135 127 126 208 120 14 13 107 106 4 5 9 35 34 137 136 37 111 112 115 116 134 133 128 125 117 108 113 114 242 241 164 161 160 155 153 149 152 156 159 36 8 3 12 18 26 25 16 17 19 24 27 28 23 20 103 15 : 729.335
1 2 
1 2 6 7 10 11 15 103 21 22 29 30 31 32 33 28 23 20 12 19 24 27 16 17 18 25 26 36 37 42 43 41 104 45 40 316 317 49 48 50 55 56 59 105 57 54 51 47 44 46 52 53 58 62 64 67 68 71 78 82 83 85 91 92 96 97 101 102 93 98 99 89 86 84 79 77 72 80 76 73 69 70 74 75 81 90 95 100 207 206 202 201 94 197 196 198 194 195 203 204 200 199 205 312 311 307 306 302 301 193 192 295 294 293 292 288 281 278 277 289 287 282 274 315 272 273 280 279 284 285 291 283 286 290 296 299 303 308 309 300 305 310 304 298 297 276 275 271 270 318 249 248 245 244 247 254 250 143 144 112 115 116 13 120 126 127 134 135 136 137 138 133 128 252 253 257 264 265 235 231 139 242 140 220 221 118 119 232 225 239 241 240 233 230 222 217 211 216 109 218 219 238 243 313 314 246 251 256 262 263 268 267 261 260 258 255 259 163 157 180 170 171 167 168 158 151 179 174 175 178 169 172 173 176 87 66 63 65 88 183 187 189 188 190 191 184 182 177 181 185 186 166 165 269 266 162 159 156 152 149 146 148 147 142 141 131 130 123 35 34 39 38 145 209 150 154 153 155 160 161 210 164 60 61 122 121 132 129 124 117 208 125 236 229 237 226 213 227 228 234 214 223 224 215 212 110 114 113 108 5 14 111 106 107 4 9 8 3 : 663.043
1 3 
1 2 6 7 10 11 15 103 21 22 29 32 31 30 28 23 20 12 19 24 27 26 25 18 16 17 35 34 38 39 37 36 33 104 40 316 317 49 45 48 50 55 56 59 105 57 54 51 47 44 41 42 43 46 52 53 58 62 63 70 69 74 75 81 80 76 73 64 67 68 71 78 82 83 72 77 79 84 85 91 92 96 97 101 102 93 86 89 90 98 99 95 94 100 207 206 202 201 197 196 198 203 204 195 194 191 185 181 178 186 180 179 174 175 168 167 169 177 182 184 172 173 176 183 187 188 189 190 87 88 66 65 61 60 164 210 161 160 155 153 150 154 145 209 149 152 156 159 162 163 158 157 151 148 146 147 141 142 140 139 242 241 240 234 313 224 244 243 223 219 248 310 305 304 297 298 275 249 273 284 299 300 286 274 315 269 165 166 285 290 171 278 277 283 170 281 288 292 293 295 294 289 282 287 280 296 193 192 199 200 205 312 311 307 306 302 301 303 308 309 318 262 252 261 263 254 257 272 276 270 253 251 256 264 266 265 260 259 250 144 143 314 255 258 267 268 279 291 271 245 247 215 214 211 237 229 228 235 218 226 233 238 246 236 227 222 225 220 221 118 119 109 232 239 231 230 213 212 110 217 216 114 113 117 132 129 128 125 124 121 122 123 130 131 138 137 136 135 133 134 127 126 208 120 116 115 13 14 107 106 108 112 111 4 5 9 8 3 : 662.584
2 0 
1 2 6 7 10 11 15 103 20 23 179 191 91 69 141 241 273 257 275 236 238 294 174 182 188 297 266 244 130 112 107 125 79 317 58 63 83 316 314 223 235 37 214 215 175 205 277 122 140 312 168 207 265 146 143 132 274 121 276 305 155 303 51 90 59 183 211 243 301 286 111 172 25 26 176 184 299 227 213 228 123 210 158 249 285 204 42 260 92 33 193 237 114 93 150 280 186 282 264 272 187 181 230 50 55 64 56 94 142 194 27 24 38 197 304 250 289 308 203 86 133 247 160 251 5 306 84 68 131 253 151 49 311 233 199 43 65 35 137 162 154 134 232 117 156 100 178 77 82 57 75 87 198 263 12 8 231 34 258 222 307 109 138 242 120 245 226 318 108 261 113 147 185 171 153 217 225 239 208 116 115 17 129 39 248 60 196 73 89 97 85 200 268 240 288 190 270 262 189 209 72 192 127 287 166 45 173 76 32 31 28 21 22 29 30 102 62 41 126 219 293 220 99 80 295 315 104 54 95 302 96 61 74 128 161 157 163 300 298 267 281 135 118 66 269 145 136 13 9 19 16 18 234 256 148 159 279 254 246 212 110 216 259 164 4 119 167 309 221 278 255 98 81 78 101 52 165 291 252 271 170 206 218 283 46 53 195 201 88 296 149 14 292 144 139 177 169 124 224 313 180 70 152 47 44 290 229 71 40 48 67 105 36 310 202 284 106 3 : 4252.01
2 1 
1 183 184 205 310 74 69 73 76 148 291 165 258 170 318 221 233 244 228 132 129 262 66 81 88 176 199 11 96 200 118 226 209 47 134 265 246 202 186 250 35 139 28 210 5 52 38 198 59 85 106 245 273 94 68 168 44 29 160 232 21 98 276 282 294 306 164 239 204 289 77 284 171 4 143 63 203 304 67 51 255 151 39 107 240 261 251 27 82 103 194 140 281 122 298 313 142 201 79 53 70 187 159 212 317 155 42 3 24 22 241 307 93 193 288 123 214 102 56 13 156 89 150 312 72 248 254 162 65 25 83 80 293 92 45 161 10 301 54 157 309 158 40 280 311 126 133 277 238 247 266 279 249 268 192 110 147 231 216 253 264 9 43 49 146 154 287 135 108 33 219 275 236 116 34 234 121 149 225 188 152 213 101 60 229 224 163 50 105 117 191 270 252 278 230 257 62 75 61 95 111 211 112 99 104 125 78 14 26 316 37 190 223 222 166 185 130 305 90 206 124 283 32 41 303 167 36 119 218 269 178 169 208 15 20 30 189 115 302 308 299 215 128 227 271 295 297 235 267 131 18 19 173 48 114 84 7 6 87 100 153 64 55 207 195 285 272 120 290 274 300 46 109 180 260 242 172 58 17 181 144 141 177 57 12 292 138 113 179 237 174 220 196 259 263 217 91 197 137 136 97 86 8 127 175 145 256 23 31 16 314 296 315 182 243 286 2 71 : 5010.99
2 2 
1 2 6 7 10 11 293 315 303 192 260 268 249 244 193 170 242 100 95 101 85 258 164 296 161 32 66 313 233 156 231 60 194 237 155 8 217 117 176 14 177 78 281 168 307 35 127 212 238 234 235 273 142 153 200 93 76 189 191 97 202 51 105 77 72 89 57 52 98 88 63 46 41 62 36 21 22 158 12 210 182 270 301 140 283 312 302 87 288 145 148 246 254 218 255 225 122 228 131 216 151 187 203 277 118 266 166 143 121 133 291 309 79 272 107 214 112 111 257 138 132 116 220 129 226 165 306 195 65 160 75 69 53 47 67 49 40 178 171 208 113 130 297 292 290 172 209 147 141 125 115 265 318 239 304 169 5 120 136 128 124 99 96 157 196 61 23 20 19 24 27 26 17 139 251 299 150 289 287 261 241 114 280 275 183 310 263 245 278 279 300 80 317 308 42 135 173 221 229 38 219 108 109 119 213 159 4 252 181 110 13 34 144 295 190 311 175 163 285 271 243 262 222 253 199 154 39 256 146 123 232 314 284 269 68 102 81 83 205 227 298 236 223 248 247 276 282 56 15 28 149 16 197 211 30 29 33 104 55 74 86 59 316 92 45 91 201 70 186 167 82 137 43 179 174 207 37 18 103 188 180 184 204 3 9 274 126 286 224 73 185 90 267 250 162 215 230 134 54 44 58 152 206 48 50 240 84 198 264 259 294 64 106 71 25 31 94 305 : 3996.38
2 3 
1 2 6 7 10 11 15 21 22 29 103 20 23 28 30 31 32 33 104 40 316 317 49 45 48 50 55 56 59 105 57 54 51 47 44 41 42 43 46 52 53 58 62 63 74 71 73 85 102 91 84 79 81 76 70 96 93 86 194 278 151 221 261 187 301 280 298 165 287 270 244 154 156 152 185 251 169 197 201 83 67 64 72 89 92 101 98 97 82 80 68 78 77 205 202 175 227 260 223 245 148 210 95 90 69 75 87 196 191 312 294 207 88 183 178 182 308 281 171 254 295 293 290 291 222 305 283 282 304 257 128 129 238 108 5 14 13 116 112 111 4 237 224 195 271 150 229 218 143 110 212 233 242 214 255 247 193 184 60 203 199 318 267 176 296 99 61 65 66 179 272 300 173 181 186 206 189 252 259 277 288 164 198 275 147 219 250 268 180 273 131 135 243 239 208 114 217 220 138 132 119 253 289 228 225 153 158 264 263 232 240 216 230 168 306 170 248 303 297 269 200 174 177 188 94 100 256 266 315 311 190 286 249 172 258 231 142 146 145 141 144 211 285 157 155 160 163 265 167 162 284 246 149 234 127 134 125 213 215 117 120 109 136 122 140 314 226 309 302 307 241 34 126 115 107 113 118 276 279 161 313 123 124 35 36 37 26 25 18 17 16 19 24 27 3 12 8 9 106 292 133 274 139 39 38 209 137 121 130 262 166 159 310 299 192 204 236 235 : 2552.97
3 0 
1 2 6 7 10 11 15 103 29 22 21 47 39 137 151 247 254 230 291 107 111 216 221 222 242 146 179 168 286 177 43 64 78 317 37 153 206 93 54 57 45 104 80 51 76 152 162 228 244 122 246 314 219 114 257 125 128 142 273 276 279 238 315 212 310 170 225 134 5 115 116 223 298 141 108 132 124 241 272 149 154 145 306 293 261 265 305 26 208 252 60 243 67 156 181 135 250 46 189 251 296 55 143 214 98 69 73 158 215 17 18 19 211 41 131 12 3 249 34 33 194 198 239 236 72 148 297 138 209 266 68 316 89 42 278 233 171 163 232 173 264 133 213 139 237 318 269 292 260 235 313 130 234 123 195 186 161 287 262 218 248 258 191 97 81 100 178 99 193 61 63 71 53 49 311 113 231 281 136 127 117 240 164 144 180 229 112 106 4 13 255 207 295 226 283 284 62 176 88 74 96 59 82 86 200 119 294 183 220 275 309 70 50 30 75 197 40 245 65 56 84 192 256 167 165 110 16 14 217 270 184 36 27 24 185 38 308 302 303 166 157 91 299 199 205 66 289 271 109 118 259 277 224 290 190 159 147 274 174 188 187 87 79 101 85 83 92 58 44 52 182 304 210 169 300 268 204 307 150 35 196 280 227 121 202 90 102 95 267 253 48 172 105 155 25 94 77 301 288 129 140 282 201 203 263 160 120 8 20 23 28 31 32 312 126 9 175 285 : 4058.32
3 1 
1 105 219 107 270 250 283 252 301 88 65 102 82 32 21 12 18 237 268 306 171 75 85 67 54 97 45 48 55 89 81 78 36 145 181 221 253 131 165 189 282 113 156 226 295 298 238 155 168 236 313 271 128 143 106 35 136 230 255 289 144 94 309 100 69 210 209 291 304 256 257 132 188 80 53 52 251 183 43 104 40 305 153 119 211 241 258 96 276 254 286 120 66 60 57 231 8 16 25 260 265 240 203 38 141 206 296 26 244 284 224 127 135 34 201 95 205 172 46 19 17 186 87 197 163 73 159 280 112 124 154 259 116 300 223 227 288 261 194 275 308 49 317 316 302 51 178 164 315 243 9 122 277 169 74 13 216 125 287 303 170 269 278 213 249 212 235 117 93 151 217 118 121 138 37 33 133 239 147 247 180 191 311 293 20 10 2 99 242 129 41 30 279 297 77 196 111 234 4 152 310 160 312 173 139 137 192 228 232 248 83 307 266 294 267 262 5 167 175 179 62 11 134 140 61 207 31 158 198 185 68 109 208 177 285 193 91 42 98 64 126 264 200 263 29 184 86 76 24 59 274 245 157 22 84 6 150 47 70 115 79 23 108 56 202 299 71 174 195 142 272 222 290 318 166 110 44 63 273 292 123 233 14 114 149 50 28 101 90 15 72 204 199 146 246 92 190 176 187 3 27 215 161 103 7 58 182 220 130 214 218 281 148 162 39 225 314 229 : 4652.15
3 2 
1 219 265 186 167 197 70 311 66 192 274 245 110 111 231 250 100 121 305 285 14 127 314 283 241 200 281 296 62 99 169 269 215 313 260 115 112 109 221 252 315 300 176 174 153 75 53 193 171 132 290 310 291 236 284 273 175 198 80 48 44 57 56 40 104 27 24 21 32 25 102 234 226 45 5 145 142 12 19 26 287 203 170 165 108 107 114 257 179 295 309 190 151 149 247 208 124 275 95 184 55 125 83 71 228 201 139 199 316 105 50 89 209 202 39 37 268 224 246 17 18 263 271 88 195 294 240 161 180 143 148 94 214 253 144 36 128 177 233 299 118 216 227 81 30 159 205 280 120 96 248 289 28 113 187 239 67 134 4 29 33 277 306 185 318 135 162 138 106 210 23 164 304 301 90 183 49 60 92 6 266 20 178 140 156 15 8 232 77 292 117 298 218 235 262 34 69 116 222 31 86 72 13 166 46 312 225 249 63 251 123 279 211 293 189 223 38 220 267 254 16 131 191 97 261 7 126 141 307 157 282 256 264 150 35 54 181 286 152 288 101 68 103 79 65 74 43 129 238 160 47 22 255 136 119 230 212 194 297 155 217 87 207 276 206 82 73 258 259 244 147 52 172 9 158 188 303 61 182 84 204 59 163 146 302 78 64 168 91 270 213 133 137 317 42 11 3 93 51 173 122 243 41 196 10 2 272 229 278 85 154 308 242 98 237 130 76 58 : 4954.25
3 3 
1 2 6 7 10 11 15 103 21 22 29 30 31 32 33 28 23 20 19 24 27 26 25 127 129 275 190 187 266 144 133 278 299 243 228 279 167 98 305 225 242 126 116 5 4 111 271 247 252 281 93 44 48 49 50 65 291 261 216 108 217 220 213 118 122 130 37 36 104 40 316 317 80 100 283 153 236 164 268 145 293 159 254 263 288 205 206 74 81 89 96 185 300 224 318 218 231 301 315 277 227 226 112 115 120 135 138 260 248 284 282 246 149 179 274 106 219 238 229 232 304 272 162 168 197 53 54 102 78 45 41 63 90 60 169 194 265 270 262 264 233 143 119 297 295 88 142 258 107 222 150 188 171 286 251 234 249 223 13 296 259 253 307 152 154 38 302 214 244 184 290 42 52 47 43 46 105 51 58 76 178 209 240 241 124 141 239 230 235 215 114 245 312 310 267 151 156 163 180 196 200 139 123 117 211 237 172 148 212 160 287 303 294 177 256 314 158 161 157 192 250 201 280 191 189 289 204 298 131 113 121 181 134 137 35 193 125 109 132 208 170 309 186 207 55 155 87 39 66 94 306 311 199 61 203 183 285 140 313 136 34 128 257 276 273 147 221 308 166 255 182 210 146 269 176 99 198 202 91 86 82 67 64 68 92 97 101 84 85 75 95 292 174 165 175 62 57 56 59 73 70 69 72 71 79 83 77 195 173 110 17 18 16 12 8 14 9 3 : 3024.21
4 0 
1 2 6 7 10 11 15 21 22 29 30 31 32 104 40 316 317 49 45 48 50 55 56 59 105 62 63 64 73 76 80 86 79 77 72 67 68 71 78 82 83 84 85 91 92 96 97 101 102 93 98 99 90 89 81 75 74 69 70 88 87 94 95 100 207 206 202 201 197 196 198 203 204 195 194 186 180 179 175 167 168 166 165 144 143 250 259 255 258 260 265 266 269 315 272 273 279 284 285 294 293 292 288 281 278 277 171 170 192 193 205 312 311 307 306 200 199 302 301 295 296 289 287 282 274 283 286 290 303 308 309 299 300 291 280 298 318 271 270 297 304 310 305 275 276 249 248 247 246 314 254 257 261 264 267 268 263 262 256 253 251 252 245 214 211 110 212 109 220 217 216 213 219 313 238 240 242 241 243 234 237 228 236 223 244 224 226 231 230 229 235 218 227 215 222 225 239 139 140 233 232 119 221 118 123 124 132 129 121 113 131 142 141 130 122 114 117 115 4 107 108 116 125 138 38 39 14 13 120 208 126 127 134 128 133 135 145 209 149 152 146 147 148 151 157 158 163 210 169 174 178 181 185 177 182 184 189 190 188 191 187 183 176 173 172 65 66 60 61 164 161 160 162 159 156 155 153 150 154 136 137 34 35 41 43 46 52 53 58 42 57 54 51 47 44 37 36 33 24 27 26 25 18 17 16 19 112 111 106 5 9 8 3 12 28 23 20 103 : 619.957
4 1 
1 2 6 7 10 11 15 21 22 29 32 40 316 317 49 45 48 50 55 56 59 105 64 73 76 80 81 75 74 69 70 62 63 61 60 65 66 87 88 90 89 86 79 77 72 67 68 71 78 82 83 84 85 91 92 96 97 101 102 93 98 99 95 94 100 207 206 202 201 197 196 190 189 188 187 183 176 173 172 177 182 184 191 194 195 198 203 204 200 205 312 311 307 306 303 301 302 199 193 192 295 293 292 288 294 289 287 282 283 279 280 284 285 291 286 290 296 299 300 308 309 310 305 304 298 297 276 275 318 270 271 273 272 268 263 262 256 253 251 252 249 248 245 244 224 223 214 215 219 218 227 226 228 235 236 237 234 229 222 213 211 212 109 110 216 217 220 221 118 119 139 140 144 143 242 241 240 239 232 231 225 313 230 233 238 243 246 247 314 254 257 255 250 259 258 260 265 264 261 267 266 166 165 269 315 274 277 278 281 170 171 175 180 186 185 181 178 179 174 168 167 169 210 159 162 163 158 157 151 148 146 147 149 152 156 209 141 142 131 130 132 129 124 121 123 122 114 113 108 117 125 128 133 138 137 164 161 160 155 153 150 154 145 34 35 38 39 136 135 134 127 126 208 120 14 13 116 115 112 111 107 106 4 5 9 8 3 12 17 16 18 25 26 37 36 42 41 43 46 52 53 58 57 54 51 47 44 104 31 30 20 23 28 33 27 24 19 103 : 479.53
4 2 
1 3 12 8 9 17 16 18 25 26 36 37 42 43 46 52 53 58 54 57 62 63 61 60 66 65 176 173 172 177 182 184 178 181 185 186 180 179 175 174 169 167 168 163 158 157 151 148 152 156 159 162 210 164 161 160 155 153 150 154 145 38 39 35 34 134 127 126 208 120 116 115 13 14 5 4 112 111 107 106 108 113 114 110 109 217 216 212 211 213 218 219 215 214 223 224 244 245 248 249 318 270 271 275 276 297 298 304 310 305 300 299 309 308 303 296 290 286 283 291 285 284 279 280 273 272 268 263 262 256 253 251 252 247 246 243 238 233 229 234 237 236 235 228 227 226 222 230 313 225 221 220 118 119 231 232 239 240 241 242 139 140 142 141 131 130 123 122 121 132 129 124 117 125 128 133 135 136 137 138 209 149 146 147 144 143 314 254 257 261 264 267 258 255 250 259 260 265 266 315 269 165 166 171 170 281 278 277 274 282 287 289 294 288 292 293 295 301 302 306 307 311 312 205 200 199 192 193 195 194 204 203 198 191 189 183 187 188 190 87 88 196 197 201 202 206 207 100 94 95 99 98 93 102 101 97 96 92 91 85 83 82 78 71 68 67 84 86 89 90 81 75 74 70 69 73 76 80 79 77 72 64 105 59 56 55 51 47 41 44 45 48 50 49 317 316 40 104 33 27 24 19 20 23 28 30 31 32 29 22 21 103 15 11 10 7 6 2 : 449.317
4 3 
1 2 6 7 10 11 15 21 22 29 103 12 20 23 28 30 31 32 33 27 24 19 16 18 25 26 37 36 104 40 49 316 317 59 105 56 55 50 48 45 57 54 51 47 44 41 42 43 46 52 53 58 63 62 64 72 77 79 84 67 68 71 78 82 83 85 91 92 96 97 101 102 93 86 80 76 73 69 70 74 75 81 89 90 98 99 95 94 100 207 206 202 201 197 196 88 87 66 65 61 60 164 161 160 155 153 150 209 145 154 38 39 35 34 137 133 128 127 134 131 130 123 121 122 113 114 110 109 217 216 212 211 213 218 219 215 214 223 224 244 245 248 249 318 270 271 275 276 273 272 315 267 268 263 262 256 253 251 252 247 246 227 228 226 237 234 230 231 313 222 239 240 225 220 221 118 119 232 233 238 229 235 236 243 242 241 314 143 144 139 140 259 255 261 264 254 250 257 258 260 265 266 269 165 166 171 170 281 288 277 278 292 289 287 282 274 283 286 290 279 280 284 285 291 299 300 298 297 304 305 310 309 308 303 296 294 293 295 192 193 301 302 306 307 311 312 205 199 200 204 203 198 194 195 186 180 179 178 181 185 191 184 182 177 189 190 188 187 183 176 173 172 169 174 175 168 167 210 162 159 156 152 149 163 158 157 151 148 146 147 142 141 138 132 129 124 126 120 208 135 136 125 117 108 106 107 111 112 4 5 115 116 13 14 17 9 8 3 : 480.929
5 0 
1 2 6 7 10 11 15 103 21 22 29 83 72 70 68 94 75 169 185 163 255 270 266 272 238 217 216 212 151 265 225 120 177 49 175 206 62 197 50 298 14 204 296 292 303 139 300 60 267 121 176 310 220 213 246 183 190 41 36 33 126 159 40 241 219 199 307 194 95 260 221 54 39 13 130 172 100 32 31 30 28 23 20 44 58 105 187 214 271 269 123 128 138 114 86 59 64 91 218 314 141 167 305 140 275 308 143 315 235 116 18 104 71 202 276 118 286 263 250 12 253 237 171 247 297 77 82 299 273 201 135 284 34 45 48 188 184 55 162 243 85 102 63 79 186 302 277 124 131 133 152 259 191 278 264 8 17 127 122 258 66 312 281 311 157 136 309 251 5 210 165 180 268 293 125 164 279 84 282 78 93 76 203 166 61 229 245 240 129 117 9 26 24 19 144 317 73 226 181 96 170 239 234 242 261 92 81 67 283 189 80 232 231 158 43 87 200 27 25 16 107 208 257 274 52 38 137 146 196 236 289 161 101 53 37 46 318 195 56 316 97 99 74 154 178 182 106 254 4 113 109 233 211 119 280 98 207 301 288 160 150 230 155 306 153 65 294 215 249 173 192 227 287 290 110 111 108 244 285 179 132 168 252 313 256 148 134 145 209 291 224 147 69 88 90 57 51 42 156 304 228 222 193 262 35 223 248 47 174 149 112 295 115 89 205 198 142 3 : 4180.22
5 1 
1 2 6 48 45 68 93 99 172 312 306 289 207 41 54 46 177 189 88 69 271 215 180 291 236 194 195 193 310 265 229 132 106 115 129 114 174 315 156 34 4 275 282 97 89 87 82 317 316 90 157 18 237 125 209 228 276 217 130 137 154 67 65 261 290 199 210 214 152 27 313 150 31 181 185 204 84 39 190 168 266 251 254 44 179 63 113 116 182 73 186 267 111 86 178 175 21 270 119 264 70 303 77 258 284 255 246 222 110 213 221 283 176 225 5 212 25 8 136 112 227 216 118 146 58 198 163 188 76 72 95 287 149 79 123 250 51 29 22 50 161 166 260 126 167 238 300 17 36 105 191 197 141 42 128 147 47 102 273 279 33 3 239 219 298 133 96 92 61 272 170 295 249 226 218 62 151 81 71 131 293 292 109 107 121 9 253 311 148 269 169 235 263 309 294 171 59 308 201 94 243 268 140 117 301 202 281 13 122 139 53 83 231 74 66 242 314 208 220 288 205 183 64 104 30 20 103 192 305 12 274 245 247 75 286 296 299 120 14 49 162 38 127 206 277 101 16 196 100 232 85 78 173 164 26 23 234 307 37 142 56 155 91 15 145 24 257 153 32 224 28 57 241 124 135 230 244 52 184 60 35 143 262 252 211 200 248 55 10 11 240 159 158 98 187 160 7 134 165 318 278 19 144 43 304 297 285 233 259 302 138 256 80 280 203 223 108 40 : 4651.66
5 2 
1 2 6 7 10 11 15 103 21 22 29 237 284 271 197 88 60 199 188 274 185 177 175 171 289 288 307 283 267 265 318 247 229 225 220 235 217 301 211 230 250 264 293 168 81 184 101 89 93 91 84 71 94 165 128 124 123 272 315 245 275 212 213 147 191 294 296 92 56 59 54 48 317 82 316 40 45 79 63 156 158 127 136 313 107 109 195 302 43 52 38 209 312 279 65 117 303 135 115 14 9 122 125 17 26 12 4 110 231 139 299 281 256 298 95 27 154 253 300 167 36 308 309 290 226 238 121 218 219 297 282 192 241 129 173 75 249 268 69 55 102 70 99 190 46 47 205 269 208 5 106 144 116 130 141 166 232 132 228 304 287 155 152 151 162 137 273 243 263 255 193 203 187 98 72 41 44 58 53 39 57 286 120 314 143 200 202 206 311 178 244 251 240 159 149 280 215 260 142 131 233 74 51 33 28 68 32 30 31 49 181 105 96 254 194 145 61 305 153 104 67 169 224 83 223 246 222 239 150 160 276 182 176 87 292 73 85 157 172 34 295 112 258 310 252 134 133 214 262 210 66 76 86 97 78 80 198 306 278 196 270 221 114 118 236 180 42 37 35 18 16 19 13 111 183 62 186 126 108 161 140 207 119 170 113 138 259 285 248 291 24 20 25 189 201 204 164 174 163 146 23 100 64 77 179 266 257 227 277 50 242 261 234 148 90 216 8 3 : 3617.32
5 3 
1 2 6 7 10 11 15 103 21 22 29 32 31 30 20 23 28 33 27 24 19 16 17 18 25 26 37 36 104 40 45 48 50 49 316 317 55 56 59 105 64 73 76 80 81 75 74 69 70 62 63 14 120 122 119 220 236 114 108 215 224 249 121 126 113 308 243 273 182 189 307 237 166 180 311 285 61 38 39 42 41 43 46 52 53 58 57 54 51 47 44 60 181 183 66 187 164 161 154 155 160 263 300 168 165 269 293 276 297 267 257 255 264 232 139 159 298 210 157 304 141 299 289 178 191 177 195 167 260 294 265 240 246 313 221 125 219 223 138 140 148 169 254 228 208 222 268 261 302 280 214 209 241 111 115 134 231 133 137 34 35 131 124 117 129 225 230 218 274 170 201 190 185 186 174 283 279 250 200 199 271 245 227 216 118 130 144 163 158 156 150 149 152 305 282 288 205 175 303 173 172 65 176 198 87 188 184 179 306 290 301 270 275 226 235 142 123 266 229 281 287 295 292 194 88 95 94 99 98 93 102 101 97 96 92 91 85 83 82 78 71 68 67 72 79 84 77 86 89 90 196 192 312 310 248 262 202 100 207 206 204 203 197 278 147 145 153 146 162 315 193 106 127 128 238 109 212 213 217 233 234 244 253 256 296 272 247 258 318 286 251 242 143 277 151 259 309 239 132 135 136 252 284 171 291 314 211 112 4 5 107 110 116 13 9 8 3 12 : 2024.58
