0 0 
1 2 140 134 241 10 242 260 153 5 61 292 41 42 22 262 301 33 277 176 31 90 65 46 191 130 272 40 146 195 222 231 147 23 125 124 43 93 137 300 276 169 145 89 74 209 27 159 284 255 16 120 99 246 245 295 211 133 91 36 32 309 180 198 160 34 189 54 289 207 76 149 266 227 234 171 212 258 92 70 173 237 279 163 106 107 139 143 123 156 270 233 121 56 96 208 213 104 288 204 269 256 249 100 273 19 257 287 183 164 57 11 55 118 305 167 162 220 253 261 45 175 71 217 248 263 306 67 53 101 188 161 81 252 192 122 50 232 280 283 251 196 282 199 187 144 7 224 215 20 6 265 73 60 105 62 113 142 148 184 12 97 82 49 8 109 30 37 216 316 154 250 291 238 244 240 102 311 72 155 136 9 48 170 85 202 3 80 201 165 39 235 194 203 35 174 111 298 296 221 210 158 218 275 131 152 299 59 116 219 313 267 83 190 151 247 172 24 285 129 115 315 77 69 141 264 128 185 64 29 293 181 197 254 214 79 239 108 312 297 135 228 223 286 119 138 52 230 95 84 193 25 112 281 294 51 15 21 87 177 179 168 236 117 13 126 68 317 271 4 47 314 278 114 259 229 206 157 274 150 303 18 58 127 78 182 307 103 17 75 166 38 28 186 225 302 243 26 44 308 66 63 205 86 178 88 110 98 304 318 132 14 226 200 290 268 310 94 : 5363.69
0 1 
1 142 84 56 234 93 201 75 194 207 196 177 92 284 31 10 37 166 26 144 107 217 193 52 140 162 91 102 147 108 255 39 146 230 134 129 151 81 32 300 160 148 36 316 99 135 245 165 156 20 232 260 149 210 176 285 27 25 289 298 191 19 97 85 95 22 38 223 103 114 203 197 174 110 72 277 269 242 126 51 30 121 127 89 257 181 62 178 78 185 53 192 311 187 17 145 12 76 124 270 246 118 313 182 61 120 67 247 33 209 35 131 122 4 237 28 44 317 215 248 58 318 265 211 117 82 88 180 143 244 276 273 13 141 137 128 309 271 100 79 6 228 184 173 224 231 305 267 111 295 266 189 288 206 29 60 109 261 158 252 74 208 132 221 70 69 123 59 14 23 268 314 240 112 258 168 222 304 34 280 66 278 259 9 116 48 40 256 171 179 155 214 5 272 65 293 152 86 68 198 291 219 77 49 251 64 212 87 307 286 21 296 199 133 262 153 57 96 55 7 3 106 229 18 43 294 105 204 125 220 264 301 290 167 186 253 163 227 263 279 115 94 83 63 50 169 2 202 302 312 170 282 190 161 292 101 11 226 136 159 130 249 175 213 299 243 138 200 315 254 218 235 306 287 183 90 80 113 41 71 188 250 119 46 104 164 308 241 297 310 283 195 54 45 16 157 239 73 15 172 233 238 24 216 139 42 154 150 98 225 303 274 205 47 236 275 281 8 : 5180.89
0 2 
1 176 6 125 258 158 93 265 302 299 184 69 32 186 90 21 49 78 237 183 35 48 27 161 309 140 276 104 117 157 285 208 246 166 124 56 201 94 269 123 57 122 44 87 106 53 86 28 107 16 11 12 181 189 101 97 304 103 51 144 290 126 52 162 172 206 311 65 58 39 240 160 197 70 96 46 247 72 64 195 257 99 47 59 25 174 310 182 75 24 129 136 3 2 110 4 207 179 229 89 141 33 109 147 196 152 259 169 34 221 243 232 230 255 305 30 278 234 43 187 205 77 79 180 26 295 286 194 5 80 127 312 38 231 143 277 98 9 222 248 91 190 164 250 224 289 135 296 146 45 268 15 238 306 314 213 156 150 155 76 149 118 308 288 239 111 272 242 85 260 151 42 170 71 251 263 294 210 227 225 133 185 236 159 138 116 137 218 200 293 92 318 17 40 171 62 165 7 291 284 220 271 254 120 233 20 10 215 217 134 121 22 228 61 281 198 267 252 303 81 245 301 214 292 279 202 175 115 212 244 253 192 154 41 18 31 270 142 241 211 223 249 145 216 235 37 19 63 204 148 54 88 203 112 50 83 82 256 177 173 178 298 273 262 282 261 14 168 275 226 300 188 128 113 219 315 67 95 114 108 167 29 316 274 68 130 193 73 102 163 132 264 280 191 313 297 60 55 209 283 8 153 100 307 13 66 84 287 266 23 199 74 131 317 36 105 119 139 : 5331.79
0 3 
1 169 191 289 37 35 147 41 270 43 144 187 166 218 209 102 215 13 192 297 290 254 93 127 34 154 155 16 81 266 107 237 240 220 221 120 82 238 113 214 76 40 172 295 156 318 109 317 46 226 250 229 263 133 117 152 29 55 49 53 26 167 51 208 301 106 42 54 11 126 205 60 77 306 31 230 258 174 9 7 69 253 116 83 183 223 153 299 213 95 249 225 256 115 134 124 5 112 21 199 150 159 137 245 122 65 311 151 98 168 232 123 140 257 274 273 30 52 85 8 231 203 304 200 4 219 186 161 129 20 96 130 48 236 262 22 57 118 248 267 99 173 207 90 10 291 171 36 300 279 261 89 307 283 303 27 28 217 242 32 265 70 296 284 302 19 275 202 233 212 131 88 80 312 178 276 158 86 143 293 198 145 119 177 25 47 141 313 282 309 234 316 170 193 294 136 206 194 44 176 18 58 3 277 87 251 165 59 281 287 84 50 305 255 252 146 114 163 63 101 260 62 33 160 149 188 175 185 121 235 224 197 17 64 244 264 278 280 94 72 74 180 189 181 71 110 24 92 61 222 45 190 243 227 14 56 68 271 308 75 298 288 78 79 310 285 162 195 73 272 184 157 104 6 246 132 196 292 201 100 269 179 314 286 66 210 164 148 15 67 105 97 239 125 211 135 315 91 247 241 38 204 139 216 39 228 259 103 142 182 2 23 268 138 108 128 12 111 : 5345.55
1 0 
1 49 69 89 309 298 280 247 163 302 94 254 294 153 244 7 64 228 261 28 199 126 32 15 304 242 61 207 172 299 115 174 165 85 105 76 91 75 84 78 77 72 65 258 108 134 223 121 159 272 289 216 173 170 226 122 79 22 308 259 198 30 145 196 96 95 18 318 9 55 103 151 287 62 238 268 181 245 155 33 218 139 50 13 221 125 187 71 52 263 239 112 56 293 253 109 279 233 246 270 182 229 236 283 274 11 248 14 63 45 132 257 90 150 176 42 44 291 277 146 130 54 166 57 214 224 3 219 211 295 128 227 210 88 167 256 169 43 37 60 200 273 190 86 51 47 230 252 206 193 296 6 177 107 39 300 158 120 243 41 234 144 131 237 314 184 310 262 12 36 185 100 101 281 195 240 316 19 311 140 152 231 171 58 215 21 104 197 312 255 124 186 265 87 35 297 267 203 278 81 162 135 8 143 307 102 66 204 178 40 23 27 220 127 179 188 222 136 301 250 191 271 138 260 276 285 192 315 68 83 46 225 114 264 10 269 241 217 306 67 232 266 31 249 213 80 194 99 106 175 38 141 123 292 168 2 98 149 180 133 282 286 305 48 209 29 119 208 4 157 137 288 5 148 70 20 111 313 17 251 160 74 26 117 212 303 205 275 116 25 161 16 59 290 142 93 201 202 284 34 110 235 147 92 189 154 164 183 317 113 118 24 129 53 97 82 73 156 : 5288.49
1 1 
1 115 207 77 113 35 293 308 144 314 22 122 307 203 223 252 98 183 48 111 220 50 251 246 221 269 170 228 247 295 248 88 265 288 201 44 187 71 200 182 73 189 90 38 204 149 238 259 36 153 107 49 27 83 119 260 256 312 310 224 74 250 217 116 226 270 290 43 282 195 3 267 215 26 4 28 136 278 275 123 124 2 7 46 164 313 117 206 284 289 42 17 118 148 33 133 185 181 198 176 9 171 287 230 318 10 21 213 177 184 128 311 82 141 240 158 315 211 244 291 12 31 47 255 299 283 143 172 297 126 125 254 20 72 131 180 167 300 99 67 231 209 54 104 8 92 145 61 229 106 151 268 160 139 262 51 233 190 96 234 227 271 188 108 55 69 94 249 163 286 264 205 76 281 186 68 317 34 276 292 25 78 93 81 316 130 166 57 56 29 114 212 216 138 127 303 309 62 147 210 235 80 120 152 173 53 280 263 132 192 30 97 64 218 306 109 272 45 261 79 40 137 199 285 302 65 179 87 66 194 86 63 70 146 159 232 41 258 294 105 134 89 103 11 135 225 121 95 24 15 75 296 100 305 273 59 5 165 193 266 175 253 219 242 304 18 214 155 142 85 13 169 178 60 168 110 257 239 32 39 150 208 191 58 129 23 298 154 245 162 197 37 274 222 14 237 52 91 16 156 161 241 236 277 279 140 112 102 157 174 196 243 101 19 6 84 202 301 : 5226.45
1 2 
1 78 68 155 182 173 87 249 165 81 45 313 128 158 214 314 55 71 163 82 93 77 99 21 28 161 299 189 110 213 209 310 86 256 101 162 241 156 295 242 146 277 300 317 40 159 118 104 20 74 224 219 188 204 271 311 152 48 6 52 276 142 255 148 131 292 216 65 46 44 174 240 25 246 248 22 14 103 194 53 127 223 9 27 12 285 239 151 294 90 37 80 289 220 252 230 312 67 227 301 288 205 95 100 145 51 217 215 279 261 31 41 206 181 72 195 7 3 236 92 274 160 268 57 257 13 193 120 166 122 197 283 139 50 303 264 207 176 196 94 150 85 302 98 34 258 5 147 318 143 200 192 304 306 270 218 39 114 119 138 167 112 178 141 8 199 284 58 153 169 273 253 280 237 234 144 190 19 56 42 136 129 26 117 208 221 281 84 247 228 109 210 309 89 2 11 212 18 243 211 187 157 115 262 233 47 49 263 275 164 76 315 184 198 63 75 296 97 83 116 191 168 254 66 171 229 23 24 179 172 186 38 170 30 267 222 201 133 108 265 305 202 245 226 297 298 293 244 88 121 124 250 16 307 260 266 282 126 96 102 15 10 130 62 111 132 225 36 291 269 175 185 29 308 203 106 232 286 43 137 134 140 70 64 235 125 107 4 259 60 54 113 278 35 105 73 287 69 33 79 59 17 316 238 91 123 231 251 290 183 180 154 177 272 149 61 135 32 : 5186.97
1 3 
1 31 7 195 33 12 95 99 318 216 94 66 135 258 73 300 62 15 122 244 299 309 158 160 171 298 84 193 245 256 214 261 228 112 270 169 178 8 185 242 273 106 98 16 154 19 277 72 167 190 90 316 85 3 18 26 308 189 40 9 275 218 284 192 69 38 268 181 234 314 50 77 44 179 207 301 251 317 64 42 220 28 206 303 279 141 243 68 57 55 67 78 88 276 289 110 266 14 239 227 219 310 194 45 121 186 129 30 79 80 126 108 29 34 262 83 210 293 269 260 81 200 285 197 217 225 2 232 223 281 305 102 86 61 209 296 170 111 82 93 132 164 237 224 255 125 204 292 252 146 221 5 302 265 271 139 144 56 74 53 46 313 119 63 117 238 246 174 87 134 290 241 114 41 163 306 101 54 20 137 120 199 312 235 267 136 103 278 177 257 35 115 211 49 124 75 187 59 283 165 274 249 205 231 105 157 76 152 166 71 213 145 229 24 140 226 128 133 311 4 150 70 60 143 48 47 196 286 36 183 198 215 254 263 184 280 149 176 191 161 156 172 297 201 131 155 6 248 21 113 151 153 39 13 27 92 91 104 250 51 142 107 109 116 212 259 37 32 304 222 118 264 175 188 307 203 294 295 43 65 168 240 233 147 180 17 182 100 315 173 282 97 25 272 162 291 96 236 22 159 253 247 23 138 208 148 123 130 89 52 230 127 202 288 11 58 287 10 : 5169.18
2 0 
1 145 285 121 283 165 248 231 98 23 289 21 133 223 32 274 146 70 78 2 15 198 180 197 94 268 52 154 222 181 266 291 203 6 215 130 122 91 194 185 205 310 75 210 58 25 40 3 277 269 63 316 178 252 293 173 233 100 318 270 104 294 247 219 216 311 22 19 242 109 177 174 85 53 220 46 147 108 186 159 35 106 5 110 258 257 260 312 206 54 161 229 88 76 136 230 29 182 120 123 33 84 238 188 45 55 47 4 234 99 97 288 193 135 127 214 56 18 299 156 175 126 273 305 59 200 11 20 48 239 235 24 169 141 105 191 152 232 290 68 217 195 128 69 150 87 83 313 67 71 149 228 225 41 196 111 297 138 243 271 303 246 240 57 187 304 295 82 81 275 131 189 286 80 112 134 13 62 90 172 211 315 14 249 276 309 93 278 280 250 10 190 92 38 42 209 168 184 155 102 44 163 139 307 244 39 167 148 255 259 245 272 129 140 218 226 263 115 12 49 287 86 142 107 153 51 262 143 17 237 241 282 265 162 125 113 212 236 253 254 30 95 256 199 224 27 208 166 298 7 65 116 251 308 171 264 164 179 183 261 124 118 317 227 34 213 158 96 202 314 28 43 300 201 36 207 279 64 101 66 72 160 292 114 144 157 192 284 73 79 302 170 301 176 89 132 74 151 306 26 8 103 37 119 221 77 16 204 281 61 31 60 117 296 267 9 50 137 : 5333.9
2 1 
1 227 271 295 297 19 128 215 299 308 302 115 189 30 267 131 235 18 20 173 48 114 84 7 15 208 169 178 269 218 119 36 167 303 41 32 283 124 206 90 305 130 185 166 222 223 190 37 316 26 14 78 125 104 99 112 211 111 95 61 75 62 257 230 278 252 270 191 117 105 50 163 224 229 60 101 213 152 188 225 149 121 234 34 116 236 275 219 33 108 135 287 154 146 49 43 9 264 253 216 231 147 110 192 268 249 279 266 247 238 277 133 126 311 280 40 158 309 157 54 301 10 161 45 92 293 80 83 25 65 162 254 248 72 312 150 89 156 13 56 102 214 123 288 193 93 307 241 22 24 3 42 155 317 212 159 187 70 53 79 201 142 313 298 122 281 140 194 103 82 27 251 261 240 107 39 151 255 51 67 304 203 63 143 4 171 284 77 289 204 177 141 144 181 17 58 172 242 260 180 109 46 300 274 290 120 272 285 195 207 55 64 153 100 87 6 228 129 244 233 148 291 165 258 221 318 170 132 76 73 184 183 205 310 69 74 262 66 81 88 176 199 11 96 200 118 226 209 47 134 265 246 202 186 250 35 139 28 210 5 52 38 198 59 85 106 245 273 94 68 168 44 29 160 232 21 98 276 282 294 306 164 239 57 12 292 138 113 179 237 174 220 196 259 263 217 91 197 137 136 97 86 8 127 175 145 256 23 31 16 314 296 315 182 243 286 2 71 : 5177.34
2 2 
1 156 139 140 119 48 184 166 277 189 235 267 143 243 168 51 12 313 17 251 284 226 158 22 6 204 281 135 16 238 301 200 87 260 68 190 164 180 76 55 20 316 116 202 303 314 198 186 229 5 308 263 134 249 31 58 236 72 73 178 149 242 304 273 228 159 283 201 21 163 264 274 290 318 231 97 133 113 272 279 253 293 309 94 99 160 310 64 206 136 312 141 205 144 216 54 44 43 103 210 182 285 130 111 209 295 14 121 56 223 93 66 46 187 191 175 2 112 28 42 30 40 287 69 107 35 183 128 150 83 50 311 67 102 230 52 91 123 24 185 177 104 222 176 169 32 26 270 261 247 63 61 36 252 162 146 125 246 299 294 120 241 171 80 174 192 74 258 101 10 65 75 278 292 27 207 220 33 13 106 47 208 286 84 71 34 105 240 115 4 275 95 179 254 154 193 153 45 57 9 280 289 82 172 70 100 170 62 211 29 38 248 298 161 297 218 227 7 118 234 127 60 288 282 89 232 15 85 268 78 53 173 265 148 296 124 110 219 129 152 215 315 18 98 90 126 59 49 307 167 109 239 145 199 291 245 197 117 23 300 262 138 259 250 8 257 151 137 25 131 122 255 224 165 132 221 225 19 96 41 203 88 305 194 188 92 181 213 217 276 302 256 147 233 237 39 266 3 142 244 79 212 77 11 214 108 196 155 269 271 157 86 37 195 306 81 114 317 : 5318.46
2 3 
1 265 243 209 60 180 10 18 278 38 189 7 75 260 272 130 223 240 107 119 318 139 242 241 203 58 124 264 174 306 115 42 129 116 86 94 192 315 212 273 169 188 172 185 263 266 88 100 120 268 49 40 164 215 309 257 103 136 113 234 37 159 24 148 112 71 187 160 295 6 97 74 80 269 162 254 168 25 77 153 197 30 62 205 65 102 196 72 184 99 5 31 170 171 308 296 276 304 19 245 238 286 127 3 11 314 282 146 95 78 161 106 15 126 110 145 101 50 20 89 158 165 211 73 163 224 271 317 142 195 287 229 81 134 92 156 204 82 157 2 46 290 207 221 152 294 233 91 84 181 125 9 121 256 199 300 47 28 208 227 133 217 200 59 177 114 232 281 297 220 226 85 45 292 275 44 183 285 201 246 270 93 144 69 29 52 23 213 210 291 267 57 299 96 194 280 249 26 298 248 302 141 117 202 150 12 198 283 167 310 140 137 98 48 63 255 68 123 22 190 251 147 21 33 87 288 36 176 186 111 259 17 4 32 35 66 105 179 131 149 173 235 138 122 14 316 34 279 230 293 90 219 108 178 216 43 222 155 39 247 8 13 56 70 154 252 228 261 312 262 166 301 284 214 225 128 143 303 307 132 41 76 53 305 250 109 239 313 253 151 79 236 289 274 231 51 54 104 175 16 182 218 258 206 277 64 191 193 55 67 61 135 244 311 237 83 27 118 : 5354.2
3 0 
1 19 42 58 97 93 130 83 278 87 132 157 127 108 107 265 257 88 207 126 135 214 229 227 89 59 76 38 125 27 223 9 30 162 205 253 256 86 292 309 123 305 284 23 282 202 44 67 32 176 71 280 138 164 220 57 171 170 149 178 198 158 31 160 96 183 81 90 3 146 14 74 243 288 168 240 109 195 225 262 264 277 233 281 78 173 275 222 293 306 285 104 106 110 294 236 298 82 213 235 122 318 144 154 290 238 254 94 60 37 65 34 80 141 48 62 54 182 124 20 187 147 261 193 175 311 297 134 172 111 302 43 79 276 228 177 77 159 75 137 315 151 113 316 84 142 179 68 244 295 181 185 239 13 2 251 269 99 310 133 153 47 92 50 249 234 131 308 286 252 217 166 204 163 145 139 49 273 209 121 101 41 188 307 85 266 200 268 317 156 29 91 98 184 15 215 221 136 242 197 103 100 224 55 304 115 7 260 190 73 283 4 246 250 16 263 296 12 33 11 140 248 313 63 169 201 36 231 61 51 72 119 245 270 211 28 219 26 6 226 259 247 18 116 45 212 314 218 167 148 69 39 189 120 291 210 155 192 180 165 114 208 161 117 118 66 272 230 279 287 206 64 24 112 21 129 289 17 102 95 300 274 35 10 8 216 5 241 255 174 237 232 271 56 196 303 299 143 53 22 40 105 191 52 128 70 186 301 258 46 150 203 152 25 312 199 267 194 : 5270.06
3 1 
1 104 119 149 195 272 182 43 132 117 90 96 41 302 37 34 91 103 15 178 234 126 73 180 186 196 277 216 69 184 145 257 229 143 261 9 21 99 58 24 118 224 283 155 183 26 35 123 292 53 102 101 105 278 5 6 148 45 130 134 48 60 305 154 295 211 281 160 116 199 201 174 209 316 258 242 217 215 23 49 112 192 243 157 205 253 197 311 221 225 29 17 3 162 168 19 8 135 198 156 136 151 153 75 287 286 294 210 232 291 83 67 124 20 32 13 77 78 212 14 260 270 264 97 74 273 187 193 206 129 208 231 39 141 284 140 282 30 188 144 275 304 289 54 106 233 81 159 125 241 76 71 244 298 299 239 131 10 189 18 94 228 138 296 267 290 109 236 137 213 68 169 62 120 133 266 61 121 312 177 166 142 84 114 147 237 262 107 80 16 173 167 303 297 171 271 66 40 226 245 27 38 139 222 47 252 52 185 280 152 46 285 170 276 113 98 44 268 202 122 70 255 301 179 22 194 308 127 161 150 315 190 163 238 181 110 318 165 85 36 309 56 95 82 63 265 200 111 50 317 314 227 12 7 33 87 65 256 274 25 4 115 86 55 79 59 72 230 269 223 288 310 248 300 306 247 246 203 307 250 172 249 219 57 28 164 2 293 92 88 11 176 31 251 51 100 235 175 220 263 240 128 108 214 42 204 191 158 313 254 259 146 93 89 64 207 279 218 : 5206.79
3 2 
1 123 198 59 281 235 32 153 185 150 231 275 152 164 83 58 242 92 285 28 284 35 240 258 127 251 196 295 209 6 135 174 172 203 261 230 161 309 115 36 31 129 163 292 160 315 134 159 175 26 3 50 213 143 253 314 303 268 190 112 17 23 216 42 204 116 286 184 156 257 169 223 109 227 126 211 246 138 280 54 67 66 288 263 312 250 113 221 283 139 183 121 173 293 188 89 20 228 226 243 41 187 76 65 167 18 2 266 311 63 103 239 215 146 110 70 60 191 254 4 308 128 49 133 61 51 207 95 279 305 57 43 247 206 87 197 81 91 182 233 214 16 108 155 12 38 277 141 5 106 318 290 44 122 47 137 186 273 131 217 56 154 74 85 100 302 244 282 140 272 98 225 267 145 269 157 69 202 219 271 199 86 170 222 111 125 256 102 148 120 62 48 21 8 212 265 229 307 224 80 194 15 22 37 176 270 27 75 9 124 181 93 72 34 192 289 274 130 200 90 298 201 101 30 52 46 117 64 73 210 10 218 300 310 149 14 33 313 294 105 255 11 79 78 316 104 276 249 97 99 177 158 208 132 241 107 53 248 234 29 179 296 13 178 238 193 147 236 205 7 304 264 88 68 71 142 136 220 262 55 39 24 189 168 119 162 84 40 165 245 278 180 25 19 317 96 195 171 166 260 94 297 306 299 114 252 151 259 144 232 118 237 291 301 45 287 82 77 : 5211.74
3 3 
1 273 124 38 100 286 304 142 234 93 155 166 143 217 255 261 308 126 203 299 159 295 169 306 282 199 310 290 311 101 182 26 147 307 140 108 283 28 242 210 164 136 232 146 174 39 197 192 226 23 17 40 149 56 222 153 284 90 29 111 267 160 251 86 179 82 98 207 141 317 259 266 67 36 205 238 239 214 250 47 316 27 202 122 95 16 235 171 180 280 294 76 14 62 193 41 176 125 2 11 103 33 49 264 263 107 65 151 161 223 249 58 78 272 81 99 189 119 315 220 168 135 296 94 172 117 110 268 265 5 139 44 54 30 24 158 134 252 248 297 274 92 79 83 129 70 287 128 131 201 106 115 190 113 13 37 48 57 35 22 89 18 91 244 51 112 150 130 84 195 289 63 175 186 102 281 19 50 59 121 183 7 46 285 291 256 85 72 209 69 187 260 42 34 300 262 148 167 269 88 188 144 200 137 45 96 73 318 104 303 52 215 277 15 253 196 181 97 77 177 309 243 212 185 123 105 114 228 157 145 43 275 313 305 298 156 278 9 279 292 10 61 204 53 120 132 231 276 236 206 221 170 312 233 165 154 257 270 133 314 64 109 213 3 116 225 230 127 60 32 173 178 87 75 74 218 219 241 55 163 288 229 12 293 198 258 301 152 25 302 20 138 254 162 31 227 4 208 271 247 184 191 71 6 21 80 118 194 237 211 68 8 66 240 246 224 245 216 : 5253.97
4 0 
1 40 47 205 116 96 157 131 225 239 179 258 310 143 273 233 44 204 285 226 23 302 274 170 221 140 283 208 312 97 71 15 51 222 138 94 178 22 3 207 63 162 137 243 245 77 75 190 73 7 228 145 17 13 308 171 313 209 114 54 48 252 270 34 69 260 257 294 102 79 84 46 160 117 197 135 261 286 21 256 193 124 32 194 39 202 248 234 113 100 244 122 81 98 191 133 284 149 232 129 307 305 271 167 318 266 144 108 66 311 18 112 20 169 304 28 123 107 11 2 6 200 295 267 176 196 76 85 118 237 104 188 125 4 14 27 263 289 189 296 240 91 186 159 134 192 92 53 37 121 255 301 50 89 298 303 101 61 172 24 31 127 45 300 41 184 25 16 177 247 90 219 227 288 10 306 5 26 103 291 115 216 314 238 181 180 68 165 83 282 42 8 220 251 72 218 156 128 215 217 235 185 246 49 12 212 187 88 43 67 264 309 174 80 56 38 148 175 155 62 59 52 151 276 29 33 229 147 119 78 249 315 254 210 224 230 214 166 279 236 262 299 132 253 287 297 269 55 141 265 183 106 231 173 30 163 203 65 223 82 281 164 95 139 161 201 19 86 87 153 74 150 259 278 199 111 64 213 275 36 35 268 109 146 57 154 152 316 158 105 272 280 242 130 70 182 126 198 110 211 293 168 195 290 277 60 99 241 58 317 9 292 93 250 120 136 142 206 : 5347.59
4 1 
1 193 143 21 197 70 196 81 79 125 56 216 24 77 80 237 275 282 139 152 115 124 33 189 46 117 182 87 252 154 167 266 226 228 238 230 131 309 293 220 93 99 188 160 234 35 50 42 195 212 123 255 58 232 270 37 129 32 315 78 157 48 204 121 54 219 118 203 28 317 111 263 227 211 243 14 61 94 11 240 187 198 137 62 91 55 146 158 175 97 156 38 67 2 4 27 233 298 272 30 281 119 17 225 75 201 277 74 297 305 274 181 306 239 153 235 261 185 136 22 183 72 134 114 184 155 113 18 242 214 256 148 215 301 248 273 192 177 249 166 20 186 312 15 294 308 176 52 245 13 236 271 127 259 244 132 107 172 141 120 287 250 223 206 7 210 64 71 310 39 150 135 260 276 130 110 213 116 59 6 292 279 258 288 247 262 241 283 269 314 313 96 98 43 90 57 122 217 69 173 104 41 162 29 44 302 53 170 264 178 23 128 303 300 9 257 164 144 290 140 36 108 100 316 208 165 267 222 147 231 49 16 161 34 207 102 174 138 86 163 65 168 83 285 51 221 149 26 109 85 95 307 194 40 45 286 82 151 291 295 31 47 101 63 311 229 190 199 142 254 68 73 66 180 179 296 105 89 3 218 200 304 126 60 84 268 92 278 253 284 280 224 299 19 202 159 5 289 25 191 106 169 88 10 12 171 145 205 112 209 133 318 265 8 76 251 246 103 : 5356.86
4 2 
1 229 194 141 149 97 236 15 242 302 58 200 29 237 247 239 219 225 271 304 139 254 82 87 309 71 232 213 220 72 112 80 209 208 181 252 123 276 224 146 204 54 23 52 301 136 210 148 114 134 40 117 30 154 55 174 43 100 101 94 274 172 316 259 277 297 291 109 235 162 212 44 88 230 246 147 261 300 115 266 121 312 250 95 311 119 41 193 265 243 105 50 26 240 205 195 234 244 214 110 125 81 207 8 129 171 293 253 287 165 48 120 13 152 198 281 98 65 144 262 93 84 127 190 299 4 78 91 199 222 202 183 106 59 258 142 89 249 286 272 159 145 16 268 228 10 313 305 315 167 74 155 85 206 197 192 185 256 38 2 173 251 257 215 34 92 296 160 157 64 295 269 131 126 217 226 132 275 122 156 28 3 168 179 186 76 177 96 310 25 35 128 111 68 175 143 102 53 19 7 66 46 161 238 31 108 218 216 184 264 116 17 51 24 63 290 169 45 21 138 42 79 153 245 280 241 288 255 176 285 294 292 5 267 163 308 60 178 103 270 189 298 260 36 151 164 158 6 303 62 314 203 124 188 18 278 20 282 150 14 107 73 289 279 306 170 61 57 90 180 32 201 263 318 227 137 56 307 284 69 231 12 191 273 317 104 22 67 77 37 211 223 75 49 47 187 135 166 83 133 140 248 233 39 11 70 9 196 33 27 221 99 182 113 118 130 283 86 : 5333.49
4 3 
1 172 313 89 288 50 210 59 162 100 141 251 52 124 120 168 125 150 198 317 22 256 228 37 35 148 173 226 191 49 207 297 28 220 236 154 144 282 67 289 60 103 311 151 118 239 10 46 6 208 274 240 237 27 200 98 174 87 262 56 187 114 57 83 73 186 91 295 218 268 299 138 62 102 217 308 309 254 171 291 53 196 88 165 182 190 78 75 296 312 264 82 58 238 290 15 32 105 71 273 276 158 126 261 314 247 170 178 176 189 36 11 17 179 12 142 197 259 180 111 3 61 42 156 127 275 104 23 51 310 303 233 166 115 304 287 130 224 45 122 160 94 219 283 284 278 123 272 175 185 9 96 306 157 106 77 294 235 80 147 140 257 271 231 81 69 315 149 117 48 139 121 307 76 79 202 192 4 234 5 305 26 41 316 2 223 64 205 263 222 177 266 145 25 244 92 19 232 293 258 265 199 134 188 135 267 242 29 65 253 101 47 119 112 243 155 66 221 229 255 250 18 21 241 163 55 68 24 318 116 211 212 214 113 38 201 109 95 93 70 108 213 16 286 216 252 99 129 184 281 20 54 31 164 206 277 246 215 13 132 136 270 146 298 302 248 193 300 74 133 153 143 84 204 181 86 269 203 33 159 301 292 245 90 169 167 131 39 63 128 249 280 40 30 72 7 209 8 34 225 110 152 14 183 97 43 44 260 107 161 85 194 137 227 230 195 279 285 : 5407.92
5 0 
1 80 98 249 246 10 73 167 303 90 301 306 146 86 55 201 262 143 116 54 187 283 176 125 203 200 259 270 17 67 84 257 42 33 264 177 2 72 169 123 47 18 57 150 229 92 75 50 105 307 279 64 6 178 292 240 202 263 276 69 19 318 235 224 236 131 78 308 227 51 59 197 286 284 52 289 60 4 141 208 29 76 297 135 290 79 314 192 28 12 25 272 109 305 179 188 26 118 93 260 58 104 66 190 230 36 171 162 155 253 113 133 168 261 88 48 38 163 32 316 49 205 280 130 128 16 256 100 223 184 95 126 159 34 207 87 209 268 147 248 304 211 193 182 189 274 94 166 288 255 233 152 174 173 271 251 30 53 97 295 96 215 231 311 282 287 296 291 258 198 40 317 139 273 234 15 81 106 41 206 3 299 293 196 121 74 157 24 265 302 210 191 250 254 110 56 153 119 20 103 243 124 107 275 22 77 194 175 180 117 14 214 156 247 241 158 44 313 165 61 277 300 151 220 298 232 144 65 85 39 170 244 309 172 186 122 27 222 221 62 204 115 5 111 102 83 101 43 195 237 68 217 315 294 99 310 132 238 82 142 46 45 267 161 245 149 269 129 114 8 145 137 11 225 281 70 127 71 154 23 21 134 31 285 35 312 239 218 108 242 7 199 213 266 120 183 226 216 219 160 63 89 212 140 228 13 181 278 164 138 112 148 91 185 252 136 9 37 : 5385.19
5 1 
1 227 72 12 81 245 163 159 199 222 213 36 189 217 218 173 250 233 261 80 99 145 91 79 228 172 197 294 309 306 102 303 161 39 147 28 192 124 181 121 119 301 166 247 244 297 202 110 126 256 276 92 190 282 7 31 310 114 212 125 128 240 305 313 191 193 273 156 153 117 178 17 285 200 97 87 290 229 6 143 100 71 160 205 52 118 210 55 291 182 150 130 194 168 315 151 123 113 33 211 179 75 60 73 44 58 300 171 299 304 167 264 223 293 246 155 48 249 30 295 254 35 268 149 184 152 216 208 174 142 138 207 277 63 251 238 280 204 51 275 270 272 65 286 311 53 93 177 269 129 56 94 115 237 140 29 266 258 111 296 234 316 105 279 298 175 187 40 135 13 41 203 242 108 9 11 106 236 221 67 112 131 281 22 5 107 16 27 34 54 255 220 253 23 259 3 37 206 141 230 127 158 186 164 307 271 116 14 318 224 2 61 284 120 265 25 122 241 157 74 215 57 260 278 308 15 96 225 8 84 76 132 139 83 86 134 21 47 292 165 219 43 185 59 68 32 188 24 195 101 180 243 109 252 148 103 235 4 42 104 239 201 162 136 18 317 169 70 289 283 267 50 88 26 232 263 144 226 176 46 146 133 302 274 82 69 154 85 78 214 209 66 38 196 62 77 257 312 198 95 262 314 248 64 45 170 183 90 19 20 288 231 287 49 98 89 137 10 : 5329.35
5 2 
1 147 227 284 179 255 6 236 193 207 301 306 53 220 209 132 11 192 245 228 121 172 198 293 123 213 231 216 152 82 295 211 21 108 283 206 197 109 89 313 120 45 225 129 258 266 250 27 285 260 113 148 114 130 269 214 131 312 303 118 57 178 28 274 35 26 186 259 219 106 144 181 78 62 15 94 289 175 277 229 243 203 177 315 68 75 240 169 5 212 246 200 117 204 253 96 201 125 39 107 83 307 164 65 252 318 233 202 33 299 311 232 163 296 218 133 238 91 317 210 249 188 24 47 71 314 153 162 185 79 43 145 287 23 116 76 142 224 84 195 182 22 281 221 305 291 265 126 271 80 241 294 155 222 102 72 70 127 31 37 103 297 170 110 235 167 38 105 257 205 191 173 44 12 97 85 99 230 100 66 143 194 217 272 276 309 189 14 128 308 223 87 9 73 139 32 34 64 176 95 304 137 136 40 7 20 60 286 247 119 251 292 234 124 254 237 199 49 160 149 310 150 267 50 261 29 63 187 90 316 111 141 159 16 146 140 242 98 67 112 262 208 19 52 154 290 278 288 226 122 42 134 183 158 157 17 36 248 244 298 166 275 13 61 86 190 215 30 174 280 270 302 239 81 77 161 18 8 69 184 56 282 25 101 54 115 55 180 10 3 4 58 273 268 168 263 104 135 74 48 151 2 93 300 171 138 59 264 196 279 156 88 92 41 51 165 256 46 : 5347.52
5 3 
1 152 229 98 113 160 204 84 252 315 281 62 277 197 194 236 305 24 292 155 232 20 121 226 64 35 127 86 237 270 313 92 39 136 242 143 251 230 178 78 45 238 48 217 119 105 82 180 66 265 244 245 169 108 260 266 139 210 15 46 255 150 234 10 12 29 95 55 165 41 6 2 32 316 290 282 311 102 93 167 63 14 269 8 59 56 69 207 193 158 172 72 317 173 26 17 7 174 301 243 85 187 110 206 25 154 125 263 293 109 13 90 146 44 209 223 253 27 192 170 140 177 96 54 239 164 296 149 97 241 271 18 76 19 157 203 213 166 130 83 71 70 168 28 94 40 195 298 247 60 134 310 285 274 171 133 65 185 288 57 256 147 279 294 182 74 11 276 61 272 47 297 141 42 75 3 205 190 37 129 228 117 248 312 287 227 240 261 99 145 220 289 142 176 135 9 43 262 302 106 73 80 58 307 103 31 222 118 179 201 299 77 268 116 111 81 67 151 304 291 286 275 22 191 264 53 132 259 208 79 114 153 267 115 33 36 101 161 104 128 122 87 51 308 112 91 137 126 156 221 144 283 216 212 254 138 235 249 23 189 89 50 186 278 215 211 107 5 159 198 52 258 68 219 214 233 181 148 309 300 34 162 246 314 225 120 30 257 100 202 231 124 183 163 184 199 38 196 318 295 250 224 280 306 49 16 131 273 200 123 21 218 4 88 188 303 284 175 : 5319.21
