0 0 
1 2 140 275 143 153 157 48 102 84 57 211 114 179 206 69 267 235 130 218 317 88 119 200 231 261 300 266 131 145 89 152 164 255 33 83 190 173 244 41 80 213 237 234 155 191 170 197 92 240 159 107 209 27 93 74 43 160 139 298 227 169 276 158 137 163 174 262 222 195 259 260 318 47 4 201 68 290 94 25 178 86 302 203 311 37 109 8 82 97 62 184 148 142 113 105 6 20 215 224 7 144 199 282 5 154 106 96 116 270 279 171 241 250 70 39 65 242 272 226 291 265 44 12 297 294 103 26 187 286 285 236 28 66 189 64 15 13 73 95 304 207 134 123 216 110 16 283 308 9 60 243 288 271 303 45 30 79 284 10 176 146 24 246 273 147 78 49 193 156 17 75 166 38 186 278 316 59 51 205 247 98 233 202 132 14 268 310 136 21 29 177 168 225 56 126 281 194 117 221 210 63 127 120 76 289 54 150 34 198 180 309 32 36 258 133 46 295 245 61 99 196 251 280 232 50 122 192 252 188 101 53 67 115 293 124 40 81 161 90 23 22 18 58 182 307 175 100 249 256 269 204 104 91 31 71 217 248 263 121 72 274 229 238 230 52 138 223 228 135 312 108 239 214 254 181 87 111 112 185 306 253 220 162 167 305 118 55 11 183 287 257 19 128 264 141 77 315 129 85 172 151 299 277 313 219 3 314 212 125 42 208 292 301 35 149 165 296 : 5199.76
0 1 
1 37 201 207 196 177 38 190 292 151 161 179 171 256 223 22 93 136 224 122 131 35 209 33 67 118 246 270 124 12 145 181 257 192 63 50 60 206 111 267 305 231 4 186 167 200 134 65 26 217 255 39 32 189 293 295 198 109 91 288 34 294 204 23 252 169 182 72 42 76 203 245 135 44 148 158 94 115 123 279 263 227 163 120 241 297 310 283 195 178 62 242 269 152 86 68 219 251 184 228 229 18 43 185 78 58 248 214 273 315 254 218 173 11 64 159 212 61 312 144 302 139 24 238 233 172 15 73 2 103 114 126 51 121 127 89 268 29 165 253 81 277 193 107 232 157 16 45 54 308 164 104 46 119 28 317 215 183 287 306 235 318 265 211 117 82 88 180 143 226 244 276 87 307 286 21 296 199 133 262 153 57 96 55 7 3 106 282 170 90 80 113 41 71 13 141 137 128 309 271 100 79 304 280 105 125 220 264 301 290 66 278 259 9 116 48 40 155 5 272 222 168 258 112 240 314 14 59 69 70 221 132 208 74 30 237 274 130 25 27 285 176 210 138 243 299 213 175 249 149 260 20 156 99 316 36 160 142 84 56 234 230 92 284 31 10 83 53 216 174 313 75 17 197 52 140 162 108 146 247 291 154 150 98 225 303 205 47 236 275 281 8 147 166 261 266 102 85 97 19 191 298 289 129 188 250 239 300 110 101 194 202 311 187 77 49 95 6 : 5072.32
0 2 
1 81 278 104 6 123 155 308 128 245 283 163 65 162 219 210 249 177 281 266 222 109 11 8 143 26 75 113 250 257 300 226 275 14 261 282 262 273 178 240 256 82 83 50 112 129 24 182 87 25 59 47 99 157 209 192 16 168 139 121 176 124 28 298 39 120 66 203 58 216 237 111 167 103 130 102 60 285 315 94 312 303 133 277 195 101 9 206 272 214 236 244 110 122 246 301 172 88 54 148 290 63 19 68 97 72 229 207 4 2 3 287 223 227 247 280 132 73 274 43 187 77 180 295 286 194 231 186 153 276 188 181 173 309 306 265 93 158 258 125 197 70 96 92 13 53 64 108 224 296 294 189 86 105 12 36 304 51 201 141 89 106 179 44 263 156 20 150 100 98 313 175 71 135 31 15 248 269 23 33 127 147 196 152 259 169 34 221 243 232 230 305 30 234 204 242 205 302 299 252 212 142 114 134 284 119 228 239 159 185 67 55 279 291 154 76 7 235 62 171 225 220 116 146 198 84 217 241 238 233 251 18 260 41 46 191 161 118 27 48 35 183 78 49 21 90 190 32 69 184 255 38 80 5 136 42 297 293 202 271 115 145 170 131 268 211 137 29 40 264 144 79 254 289 57 310 288 37 174 316 126 17 107 208 61 160 311 85 56 117 10 151 215 200 199 270 213 22 314 140 138 193 95 307 165 253 218 267 292 149 166 318 317 45 52 74 164 91 : 5053.47
0 3 
1 169 191 196 37 35 147 41 43 187 166 316 209 102 215 13 192 297 290 254 116 21 69 7 9 174 258 230 31 306 77 60 205 126 11 54 42 106 301 208 51 167 26 53 49 55 29 152 117 133 263 229 250 226 46 317 109 318 156 295 172 40 76 214 113 123 235 115 154 155 220 107 159 5 277 3 58 18 176 44 194 206 136 294 193 170 163 234 309 282 313 141 47 25 177 119 145 218 223 146 183 121 83 50 17 221 273 30 127 85 8 231 203 304 200 4 219 175 161 129 20 96 130 185 224 253 22 57 118 248 267 99 173 207 90 10 291 171 36 300 279 261 89 307 283 303 27 28 217 242 32 70 296 284 302 19 275 202 233 212 131 88 80 178 276 158 86 143 293 198 63 101 260 62 33 160 149 188 186 48 197 82 64 244 264 278 280 94 72 74 180 189 181 52 110 24 92 61 222 45 190 243 227 238 56 68 137 308 75 298 288 78 79 310 120 162 195 274 272 184 157 104 114 252 305 255 84 236 281 287 165 59 87 251 311 122 216 112 256 299 153 168 100 240 314 66 148 67 211 135 91 204 12 108 39 128 2 23 285 259 269 271 199 125 81 241 286 65 71 182 16 164 292 266 144 265 315 201 312 289 268 270 245 213 239 134 179 95 210 73 15 225 139 124 232 237 105 34 14 228 150 246 93 132 98 6 138 111 151 97 142 103 249 38 257 247 140 262 : 5206.74
1 0 
1 19 49 125 175 31 107 99 69 89 309 280 288 294 120 51 214 304 224 231 50 169 216 264 256 189 39 43 32 165 104 302 221 75 94 200 298 293 217 223 246 211 295 128 210 88 13 76 82 10 111 67 15 64 138 98 172 228 27 190 56 46 2 274 287 278 191 233 222 52 70 62 73 241 177 316 68 283 57 195 102 181 11 192 151 140 127 141 289 59 267 158 296 55 9 81 271 18 95 96 196 204 307 285 234 45 38 152 197 290 142 93 201 202 284 34 110 147 92 154 183 317 113 118 219 168 157 121 159 242 5 71 91 41 243 66 16 239 146 149 263 248 54 178 292 60 203 268 301 90 100 180 279 144 266 306 166 132 24 206 245 8 207 194 48 286 236 133 14 23 184 4 156 20 176 269 35 155 174 79 311 86 161 277 25 116 275 205 303 212 117 26 74 160 318 17 313 63 185 115 300 314 252 129 3 312 193 237 281 315 257 84 36 21 44 78 105 58 173 65 255 187 77 47 101 134 145 225 218 227 163 135 130 260 143 6 265 261 28 171 262 162 137 208 150 251 112 30 33 53 215 308 153 240 179 119 114 209 103 42 186 270 291 238 213 148 229 136 182 7 83 85 80 12 310 299 282 124 272 198 259 22 167 109 226 122 220 230 276 188 170 72 258 108 139 164 250 131 253 247 29 199 273 254 123 126 249 37 87 97 232 106 40 305 297 61 235 244 : 5142.32
1 1 
1 161 61 151 106 139 233 190 262 51 234 227 271 188 108 55 69 94 163 249 286 264 205 281 186 68 317 34 109 292 53 150 263 132 192 30 97 64 218 306 166 272 214 155 142 41 13 22 169 219 178 60 168 273 257 239 159 145 92 8 104 54 232 231 67 99 300 167 180 131 216 258 32 39 298 293 229 208 191 58 129 23 66 154 245 162 194 197 37 274 222 14 237 52 82 77 91 16 146 70 63 86 268 276 87 179 65 302 285 199 137 40 79 261 45 72 21 213 177 184 128 311 240 141 158 315 211 244 291 294 105 134 313 117 206 284 289 42 17 118 148 33 133 185 181 198 176 9 171 287 230 318 10 20 254 125 126 297 172 143 283 308 209 235 217 250 74 43 282 195 3 267 269 135 47 255 299 215 26 4 28 136 24 95 121 225 11 89 223 252 98 183 48 111 220 50 251 246 221 228 247 295 248 88 170 265 288 201 44 187 200 182 73 189 90 38 226 116 224 310 312 256 260 119 83 27 49 107 153 36 259 238 149 204 71 203 307 122 314 144 140 76 35 113 96 160 207 301 173 152 120 80 210 147 62 309 303 127 138 243 212 114 29 56 57 103 280 130 316 81 93 78 270 290 85 84 31 12 164 46 7 2 124 123 275 278 15 75 296 100 305 110 59 5 165 193 266 175 253 242 304 156 241 236 277 279 112 102 196 101 6 157 174 19 202 25 115 18 : 5007.88
1 2 
1 78 68 155 182 173 87 249 106 203 291 112 167 138 119 114 39 218 270 306 304 192 200 143 318 147 5 258 34 98 302 85 150 94 196 176 207 264 303 50 139 283 197 122 166 257 160 36 225 132 111 62 130 10 15 102 96 126 137 43 286 232 110 224 219 255 148 131 292 59 79 33 69 287 73 105 35 278 113 54 60 259 4 107 125 235 64 70 140 134 282 266 260 307 16 250 124 121 88 244 293 298 297 144 162 241 247 84 281 221 208 117 26 129 136 42 56 47 49 19 301 288 67 178 141 8 199 284 58 153 169 237 234 174 231 135 177 189 202 161 28 21 99 77 93 82 163 71 55 314 214 158 128 118 159 40 317 300 277 146 242 295 156 90 31 190 206 181 195 7 3 236 80 37 294 180 22 65 248 246 91 17 240 61 14 103 120 193 13 57 268 274 89 41 261 279 215 217 51 145 100 95 269 175 185 29 308 252 309 116 127 38 170 30 267 222 201 133 108 265 305 299 245 226 123 220 289 151 239 165 81 45 313 104 20 74 44 272 227 205 48 6 52 276 142 186 172 179 24 23 229 171 66 254 168 191 230 83 97 296 75 63 198 18 210 109 228 183 316 46 27 216 25 53 12 285 152 311 271 204 188 101 256 86 310 209 213 194 312 9 72 223 273 253 280 184 315 76 164 275 263 290 149 154 32 157 212 233 262 115 92 187 211 243 251 238 11 2 : 5030.96
1 3 
1 31 7 95 99 216 94 66 135 73 300 233 168 65 43 295 314 234 181 268 38 69 192 284 218 275 9 40 189 308 26 18 3 85 316 90 167 72 277 19 154 16 98 106 273 242 185 8 178 169 270 112 228 261 263 254 215 198 183 36 286 196 47 48 143 70 150 4 311 133 128 226 140 24 145 166 231 283 59 187 75 124 49 211 115 35 257 177 278 103 136 267 235 312 199 120 137 20 54 101 306 163 41 114 241 290 134 87 174 246 238 46 53 74 56 144 139 271 265 302 258 221 146 252 292 204 125 255 224 237 164 132 82 111 170 296 209 61 86 102 305 281 223 232 2 225 197 285 200 81 260 269 293 210 83 262 126 310 219 227 239 14 266 110 289 276 88 294 203 307 188 175 264 118 222 12 304 32 37 259 212 116 109 107 142 76 51 250 104 91 92 27 13 39 153 151 113 21 248 6 155 201 297 243 206 28 220 42 64 317 251 301 207 179 44 77 50 193 244 122 15 62 147 180 17 182 100 173 282 97 25 272 162 291 96 93 315 195 165 274 249 229 318 156 172 303 279 184 280 149 176 191 161 213 71 152 157 105 217 33 205 299 309 158 160 171 298 84 68 190 245 256 214 313 119 63 117 34 29 108 5 80 79 30 129 186 121 45 194 240 141 131 57 55 67 78 236 22 159 253 247 23 60 138 208 148 123 130 89 52 230 127 202 288 11 58 287 10 : 5150.38
2 0 
1 111 196 41 225 228 232 171 308 251 116 65 7 298 166 208 27 224 199 256 313 30 254 253 236 212 113 162 265 282 217 237 143 262 51 153 107 142 86 287 115 272 129 140 218 263 230 29 182 120 123 33 193 238 114 47 214 239 191 273 175 156 172 4 248 235 200 165 169 275 24 141 84 188 90 126 317 144 264 288 292 207 202 99 305 285 105 62 11 20 45 211 48 231 58 210 310 119 37 103 8 306 151 74 132 87 89 176 301 170 302 79 284 192 297 138 243 271 303 246 240 122 130 17 215 203 291 266 181 315 14 35 268 94 197 180 198 66 31 179 183 261 124 118 227 34 213 222 154 244 219 108 147 46 220 53 85 174 177 19 22 311 216 247 294 104 270 318 100 233 6 173 293 252 178 316 63 269 277 223 274 146 70 110 164 158 28 43 300 201 152 73 290 68 195 128 69 150 83 52 67 71 149 64 98 136 12 49 75 72 26 133 267 96 314 279 145 23 289 21 36 3 40 25 160 259 241 226 157 137 18 55 59 32 135 78 242 283 112 77 16 2 39 109 15 101 97 127 56 299 95 80 286 189 131 121 81 82 295 304 187 57 92 190 10 250 280 278 93 309 276 249 245 234 76 88 186 159 106 5 258 257 260 312 206 54 161 229 255 148 167 307 139 163 44 102 155 184 168 209 42 38 13 134 91 194 185 205 221 204 281 61 60 125 117 296 9 50 : 5002.08
2 1 
1 227 271 295 297 19 128 215 299 308 302 115 189 30 267 131 235 18 20 173 48 114 84 7 15 208 169 178 269 218 119 36 167 303 41 32 283 124 206 90 305 130 185 166 222 223 190 37 316 26 14 78 125 104 99 112 211 111 95 61 75 62 257 230 278 252 270 191 117 105 50 163 224 229 60 101 213 152 188 225 149 121 234 34 116 236 275 219 33 108 135 287 154 146 49 43 9 264 253 216 231 147 110 192 268 249 279 266 247 238 277 133 126 311 280 40 158 309 157 54 301 10 51 255 151 39 107 240 261 251 27 82 103 194 140 281 122 298 313 142 201 79 53 70 187 159 212 317 155 42 3 24 22 241 307 93 193 288 123 214 102 56 13 156 89 150 312 72 248 254 162 65 25 83 80 293 92 45 161 67 304 203 63 143 4 171 284 77 289 204 177 141 144 181 17 58 172 242 260 180 109 46 300 274 290 120 272 285 195 207 55 64 153 100 87 6 228 129 244 233 148 291 165 258 221 318 170 132 76 73 184 183 205 310 69 74 262 66 81 88 176 199 11 96 200 118 226 209 47 134 265 246 202 186 250 35 139 28 210 5 52 38 198 59 85 106 245 273 94 68 168 44 29 160 232 21 98 276 282 294 306 164 239 57 12 292 138 113 179 237 174 220 196 259 263 217 91 197 137 136 97 86 8 127 175 145 256 23 31 16 314 296 315 182 243 286 2 71 : 5177.13
2 2 
1 119 147 82 161 219 11 144 293 115 216 223 204 41 236 148 203 36 13 6 106 178 100 313 20 152 65 285 220 30 214 188 32 120 305 224 110 252 303 314 196 145 129 233 255 16 39 162 91 273 71 15 156 83 172 306 264 171 250 27 248 247 107 254 111 130 141 197 173 192 92 176 73 259 139 207 208 297 70 53 89 311 269 52 76 98 200 217 158 142 268 231 271 230 300 213 61 124 122 167 181 95 266 222 232 299 308 170 88 57 127 66 69 234 132 163 257 12 118 157 56 312 253 239 175 159 60 174 298 289 201 277 238 108 78 288 81 31 153 292 315 155 198 309 9 64 137 294 199 270 279 240 51 26 17 77 45 29 62 116 44 135 131 229 8 22 245 211 260 96 5 262 125 154 221 296 151 274 263 275 186 112 123 227 184 128 85 79 160 74 99 202 187 295 179 24 284 282 90 93 138 4 19 302 235 166 34 14 258 113 242 102 40 48 210 63 68 195 133 301 193 59 168 117 109 290 2 101 50 143 215 243 283 54 58 23 225 87 43 278 140 251 7 276 307 280 218 3 136 241 206 209 205 42 146 237 226 25 164 317 194 310 261 150 212 114 134 121 182 37 94 49 46 165 177 72 47 28 191 105 304 18 249 286 281 272 38 103 183 291 265 169 104 126 189 97 149 75 67 316 228 287 244 318 35 84 33 246 185 55 10 80 86 190 256 267 21 180 : 5317.55
2 3 
1 10 313 126 258 34 2 124 172 192 155 92 3 277 191 128 55 67 102 216 283 285 255 300 52 79 156 117 143 230 44 106 29 82 246 250 132 301 165 284 223 11 105 180 64 43 23 142 144 201 66 73 16 7 290 306 207 312 247 225 69 262 314 267 211 188 274 204 252 237 244 135 8 131 111 151 161 193 35 303 195 209 309 297 158 307 104 14 270 149 137 159 109 30 4 154 228 122 134 74 148 279 91 54 162 61 199 222 121 19 140 21 164 182 215 218 80 249 292 186 9 49 39 95 177 213 38 286 15 71 203 141 194 202 263 243 90 53 115 189 212 45 163 76 239 236 298 108 179 25 175 235 37 178 97 231 119 234 257 273 221 27 26 233 187 176 93 24 125 268 220 70 113 103 47 22 51 12 120 269 254 157 83 129 253 224 226 150 266 219 248 118 136 183 316 153 6 89 123 152 206 299 166 295 147 41 289 98 68 287 311 145 31 84 198 227 181 214 114 310 261 169 315 291 94 229 317 271 20 50 110 78 190 72 232 99 85 60 101 18 280 184 171 265 217 168 17 28 185 62 40 197 281 205 65 259 77 146 127 238 304 276 251 294 32 296 308 170 56 5 112 100 88 278 13 63 33 138 48 210 96 75 260 272 130 240 107 318 139 242 241 200 46 196 87 288 293 208 58 173 302 160 167 305 282 256 275 245 264 133 174 57 59 36 42 116 86 81 : 5196.93
3 0 
1 19 42 58 97 93 83 30 255 253 105 266 146 236 90 24 55 267 257 303 89 259 234 103 59 54 39 87 82 172 279 144 4 44 165 248 116 26 37 127 307 273 270 56 112 223 295 311 132 67 102 242 175 121 280 306 206 18 138 13 176 196 179 214 237 7 136 129 228 47 100 84 153 217 137 139 119 185 74 197 189 188 6 25 115 98 21 85 91 131 23 20 284 38 49 31 145 160 96 181 291 183 263 3 14 221 244 162 123 305 135 251 125 45 11 57 249 261 147 219 166 224 120 114 124 62 12 48 141 204 65 64 66 180 33 118 117 276 309 256 111 79 10 35 215 41 171 186 52 150 128 70 198 134 178 149 86 292 108 227 229 126 107 157 278 205 282 243 220 164 302 113 202 81 75 32 187 201 5 130 34 210 99 269 200 268 194 151 158 246 314 133 71 50 300 260 218 301 258 191 207 72 88 182 101 203 177 155 152 312 174 28 288 168 240 109 77 195 76 225 297 262 156 163 190 264 148 211 199 15 51 277 250 233 281 304 78 173 275 169 222 293 285 27 298 317 294 286 231 110 239 73 193 208 106 104 213 235 318 9 2 142 238 254 94 60 265 143 315 184 170 313 161 16 80 310 247 192 290 212 241 95 43 296 53 226 46 17 68 69 274 92 283 140 245 29 40 61 36 63 316 216 230 8 308 167 271 289 272 232 287 122 209 252 299 154 159 22 : 5084.85
3 1 
1 104 119 149 195 272 182 43 132 117 90 96 41 302 37 34 91 103 15 178 234 126 73 180 186 196 277 216 69 184 145 257 229 143 261 9 21 99 58 24 118 224 171 297 303 167 173 16 80 107 262 237 147 114 84 142 166 177 312 121 61 246 247 306 300 248 310 288 223 269 230 72 59 79 55 86 115 4 25 274 256 65 87 33 7 12 227 314 317 50 111 200 265 63 82 95 56 309 36 85 165 318 110 181 238 163 190 315 150 161 127 308 194 22 179 301 255 70 122 202 268 44 98 113 276 170 285 46 152 280 185 52 252 47 222 139 38 27 245 226 40 66 271 283 155 183 26 35 123 292 53 102 101 105 278 5 6 148 45 130 134 48 60 305 154 295 211 281 160 116 199 201 174 209 316 258 242 217 215 23 49 112 192 243 157 253 197 311 221 225 29 17 3 162 168 19 8 135 198 156 136 151 153 75 287 286 294 210 232 291 83 67 124 20 32 13 77 78 212 14 260 270 264 97 74 273 187 193 206 129 208 231 39 141 284 140 282 30 188 144 275 304 289 54 106 233 81 159 125 241 76 71 244 298 299 239 131 10 189 18 94 228 138 296 267 290 109 236 137 213 68 169 62 120 133 266 203 307 250 172 249 219 57 28 164 2 293 92 88 11 176 31 251 51 100 235 175 220 263 240 128 108 214 42 204 191 205 158 313 254 259 146 93 89 64 207 279 218 : 5196.83
3 2 
1 123 198 59 281 235 32 153 185 150 231 275 152 164 83 58 242 92 285 28 284 35 240 258 127 251 196 295 209 6 135 174 172 203 261 230 161 309 115 36 31 129 163 292 160 315 134 159 175 26 3 50 213 143 253 314 303 268 190 112 17 23 216 42 204 116 286 184 156 257 169 223 109 227 126 211 246 138 280 54 67 66 288 263 312 250 113 221 283 139 183 121 173 293 188 89 20 228 226 243 41 187 76 65 167 18 2 266 311 63 103 239 215 146 110 70 60 191 254 4 308 128 49 133 61 51 207 95 279 305 57 43 247 206 87 197 81 91 182 233 214 16 108 155 12 38 277 141 5 106 318 290 44 122 47 137 186 273 131 217 56 154 74 85 100 302 244 282 140 272 98 225 267 145 269 157 69 202 219 271 199 86 170 222 111 125 256 102 148 120 62 48 21 8 212 265 229 307 224 80 194 15 22 37 176 270 27 75 9 124 181 93 72 34 192 289 274 130 200 90 298 201 101 30 52 46 117 64 73 210 10 218 300 310 149 14 33 313 294 105 255 11 79 78 316 104 276 249 97 99 177 158 208 132 241 107 53 248 234 29 179 296 13 178 238 193 147 236 205 7 304 264 88 68 71 142 136 220 262 55 39 24 189 168 119 162 84 40 165 245 278 180 25 19 317 96 195 171 166 260 94 297 306 299 114 252 151 259 144 232 118 237 291 301 45 287 82 77 : 5211.74
3 3 
1 273 124 38 286 304 297 248 252 134 158 24 30 54 44 139 228 265 268 41 193 62 14 76 294 280 180 171 68 211 72 66 240 310 199 282 306 169 295 166 255 143 120 132 231 276 236 206 221 170 95 233 165 154 257 63 187 302 156 88 109 213 3 116 225 230 127 260 32 173 178 87 209 74 47 108 283 28 85 100 210 164 136 291 285 190 39 197 105 226 52 17 40 149 56 222 153 42 34 316 300 262 148 251 86 179 131 98 207 123 237 53 204 61 10 292 73 144 188 314 107 133 60 161 119 244 58 5 296 287 253 270 81 64 198 312 181 191 184 247 271 216 245 224 218 11 23 125 256 243 309 177 77 189 115 151 89 78 160 267 111 90 284 313 305 298 75 250 242 141 232 146 174 317 239 29 82 101 192 70 129 83 79 92 274 142 290 311 128 182 26 147 307 140 219 241 55 163 288 229 27 293 16 258 301 152 25 20 138 254 162 31 227 4 220 168 135 114 94 172 117 110 176 15 2 215 103 33 49 264 263 69 65 196 275 223 249 157 167 272 269 99 97 43 315 208 71 194 59 121 183 7 46 113 13 37 18 150 145 51 112 91 130 84 195 289 185 175 186 102 281 19 50 6 21 80 118 45 96 279 318 246 104 235 278 9 106 137 12 201 277 303 214 122 238 205 234 93 217 261 308 203 299 159 155 200 259 266 212 22 35 57 48 67 36 202 8 126 : 5115.24
4 0 
1 40 47 291 115 216 238 181 68 83 42 8 215 208 312 97 71 15 14 4 125 188 104 237 118 85 76 300 45 127 31 24 172 61 101 298 89 50 301 121 37 92 134 159 186 91 240 296 189 289 196 176 267 295 200 6 2 11 107 123 28 5 306 288 304 169 20 112 18 311 66 108 144 266 318 167 271 305 307 129 232 149 133 191 98 122 100 171 39 194 93 250 217 136 128 142 206 233 285 256 202 12 205 180 241 218 157 81 151 276 29 78 168 293 126 70 242 214 224 223 252 161 175 282 220 239 13 247 41 53 160 74 120 26 198 156 303 192 10 72 16 77 245 243 137 145 17 308 248 313 209 114 132 253 287 297 269 34 55 141 265 117 183 106 231 163 113 203 65 21 82 281 235 164 54 270 69 294 102 79 46 135 286 124 32 9 317 58 99 60 277 290 195 251 211 110 257 182 130 280 272 105 316 152 52 67 88 187 212 49 185 30 244 95 234 139 264 309 174 80 193 56 38 148 155 62 59 314 229 147 119 249 315 254 284 261 84 246 260 258 173 48 299 33 43 197 165 179 255 279 210 262 166 236 230 310 225 131 96 116 103 7 73 190 75 274 170 221 140 283 302 23 226 204 44 273 143 201 19 86 87 153 150 259 278 199 111 64 213 275 36 35 268 109 146 57 154 158 292 184 25 177 90 219 227 228 162 63 207 3 22 178 94 138 222 51 27 263 : 5136.44
4 1 
1 143 70 196 272 106 234 107 13 228 226 266 167 252 87 182 129 260 35 315 216 191 193 99 220 39 150 100 36 74 140 290 144 264 245 273 20 206 186 249 148 15 312 248 308 166 301 52 294 177 223 210 7 176 22 136 185 261 235 153 239 306 181 274 305 297 277 201 75 225 17 281 298 27 4 67 61 14 243 211 111 317 77 80 130 135 64 71 310 288 247 262 267 165 208 316 108 164 300 303 128 23 178 170 302 29 162 41 104 173 69 217 122 57 90 43 98 96 296 105 89 3 218 200 304 126 60 84 92 278 253 284 280 224 299 169 88 12 171 145 205 209 133 318 265 8 286 120 103 268 250 257 78 56 207 34 161 26 149 221 51 285 83 110 213 116 59 6 292 279 258 241 63 101 47 31 295 291 151 82 45 40 194 307 95 85 109 168 65 163 86 138 174 102 16 49 231 147 222 113 287 141 214 256 215 192 269 311 229 190 199 142 233 38 156 158 146 55 91 62 44 137 53 198 187 240 227 30 28 11 32 54 94 97 2 118 219 203 175 119 263 255 123 212 195 42 50 93 293 309 112 10 25 76 81 79 125 259 127 124 188 160 270 114 152 21 282 275 237 66 73 68 313 131 230 238 154 134 115 184 155 132 242 18 283 179 276 172 232 244 271 236 9 5 37 157 180 204 139 254 58 33 72 189 314 46 117 48 121 19 202 159 289 251 246 183 197 24 : 5008.06
4 2 
1 52 117 244 215 127 285 171 288 74 210 153 79 238 282 81 272 169 41 63 24 51 218 161 70 48 46 213 102 310 290 240 26 50 105 92 151 202 229 65 47 123 12 200 209 19 112 174 62 303 71 82 254 258 138 42 225 3 36 280 246 255 147 247 242 106 212 141 168 274 94 271 315 167 100 101 85 206 197 278 33 124 230 91 203 267 257 178 34 296 160 164 64 6 269 131 187 217 226 132 27 69 9 116 8 184 216 294 143 149 142 199 78 177 182 38 120 115 180 96 45 214 223 259 189 175 53 59 80 23 16 136 228 134 66 30 204 88 249 32 39 300 307 312 250 311 198 75 193 201 130 56 279 140 266 121 306 191 119 289 262 264 95 57 207 194 318 270 103 60 163 2 5 292 135 13 165 237 77 188 4 236 190 98 84 93 144 17 183 67 104 11 273 298 113 248 68 111 35 25 89 76 186 179 90 99 28 192 260 221 304 44 287 87 40 128 110 245 176 152 7 150 173 301 281 172 299 20 316 211 231 14 133 256 302 308 235 157 295 275 156 146 122 18 232 158 162 61 243 159 222 263 261 234 54 129 49 268 196 283 107 314 126 15 205 21 284 227 181 286 185 97 108 58 29 241 239 265 291 309 253 170 220 137 72 317 208 139 252 219 276 224 166 148 114 145 251 31 55 155 43 305 313 277 297 10 109 293 233 154 83 86 37 22 118 195 73 125 : 5162.54
4 3 
1 251 119 78 279 19 221 243 218 102 70 127 74 83 3 121 205 146 213 201 6 73 99 100 46 194 134 23 130 52 154 124 120 140 240 277 200 300 245 252 282 17 107 233 265 178 81 302 308 285 290 271 220 65 256 84 237 69 272 281 143 96 224 215 232 10 33 187 189 247 260 246 153 165 253 235 160 170 291 275 287 274 56 49 238 318 174 196 197 12 64 93 244 312 266 149 249 85 44 183 167 169 90 135 188 199 181 142 182 180 91 166 227 299 62 131 314 297 63 54 97 86 225 214 270 35 51 295 242 156 298 136 132 13 206 164 31 20 184 66 216 286 16 95 109 113 212 211 116 68 55 163 241 21 108 250 229 155 112 122 219 283 284 278 175 185 9 306 157 106 77 294 80 147 257 231 315 117 48 139 307 76 79 202 192 234 18 305 26 41 316 2 223 129 263 222 177 145 25 293 258 4 171 168 226 236 289 304 255 94 24 38 71 92 280 248 193 133 204 269 203 159 301 311 186 267 29 101 47 45 115 303 310 104 42 61 111 123 264 82 58 15 32 105 273 276 158 126 261 176 36 11 179 296 75 195 172 313 288 50 210 59 162 141 259 150 198 317 22 228 37 148 173 191 207 28 144 67 60 103 151 118 239 208 27 98 87 262 114 57 125 5 292 268 138 217 309 254 53 88 190 230 137 161 89 43 14 152 110 34 8 209 7 72 30 40 128 39 : 5066.49
5 0 
1 128 259 146 226 101 60 182 300 137 218 206 50 25 219 103 202 105 302 225 213 234 304 293 299 143 285 119 235 115 8 124 107 113 89 238 194 175 55 117 14 214 224 247 241 158 44 75 167 148 141 208 126 253 28 15 316 209 291 176 181 276 305 53 165 242 270 228 223 6 81 180 5 195 13 82 10 47 2 261 236 177 102 139 205 79 201 312 86 72 48 121 308 92 23 155 88 306 99 281 183 267 96 164 104 7 42 67 232 18 262 256 178 230 283 187 90 114 122 198 258 152 296 287 282 172 231 215 243 295 97 266 30 112 271 240 174 95 233 255 288 166 85 274 129 168 12 33 245 45 140 284 161 254 192 313 250 199 108 106 142 211 265 61 153 263 197 17 216 173 156 246 80 40 315 237 297 132 264 303 169 260 280 193 184 16 251 100 210 9 78 68 87 51 77 49 131 286 133 154 52 149 109 118 298 273 301 203 188 269 38 62 56 185 76 189 159 310 98 24 21 292 138 278 57 163 307 252 70 120 135 179 314 217 123 84 71 59 83 73 150 11 94 171 35 318 196 63 58 317 134 46 116 221 64 204 191 3 249 125 294 66 26 110 222 27 290 186 248 309 157 170 39 29 65 144 20 31 220 151 160 277 74 275 268 257 43 22 69 91 279 272 244 4 93 127 147 145 200 111 190 311 227 239 162 32 54 19 34 212 36 130 207 289 37 41 229 136 : 5228.22
5 1 
1 160 105 206 86 313 59 95 246 21 48 47 316 40 67 204 262 137 64 191 269 8 73 20 53 103 248 28 16 114 120 26 182 277 146 203 122 205 35 10 301 230 219 211 272 102 72 62 188 140 178 296 185 167 190 123 236 151 181 261 285 74 61 254 291 176 312 264 143 259 49 200 315 145 256 292 165 275 15 32 134 253 270 274 289 128 197 194 306 263 309 231 119 244 252 300 118 54 117 220 229 255 218 153 78 193 216 317 58 17 149 39 239 287 235 30 267 238 233 279 121 97 87 96 68 195 228 250 303 157 135 237 258 295 3 223 251 297 196 209 11 302 41 56 305 138 79 168 19 224 13 158 278 314 43 186 85 265 199 164 173 6 308 215 212 12 37 31 42 24 60 288 142 69 71 22 109 298 271 273 242 189 240 283 214 127 125 133 179 89 222 27 299 177 171 98 249 139 90 208 100 257 34 50 290 202 94 92 116 101 184 210 221 245 226 84 155 304 281 192 159 131 14 310 175 180 318 144 132 46 174 187 276 161 45 66 115 136 232 217 51 55 25 113 293 163 170 52 2 166 294 234 63 81 88 311 110 260 106 75 33 77 198 307 23 243 225 130 284 286 141 280 107 38 36 4 91 282 148 156 241 99 150 80 147 227 9 152 83 65 29 82 5 213 183 18 93 266 162 44 268 201 108 207 169 129 154 247 111 124 7 57 126 104 172 112 70 76 : 5292.99
5 2 
1 157 141 93 132 24 210 178 184 238 241 259 202 77 58 257 208 32 120 146 296 231 162 236 109 173 38 198 269 22 245 260 276 315 189 204 125 278 264 242 113 261 219 203 122 154 164 135 37 25 118 127 108 191 305 168 147 95 96 102 190 311 177 144 249 239 34 13 176 2 129 85 73 57 124 313 138 116 55 98 97 69 5 18 161 309 186 128 12 86 148 67 45 59 4 130 229 192 151 228 240 284 265 273 272 207 160 60 277 267 281 64 111 196 87 65 250 297 46 170 100 291 107 182 29 26 81 169 56 246 30 252 76 225 201 214 251 222 211 155 285 91 136 110 193 180 62 121 230 194 153 317 36 68 133 258 114 287 310 233 99 104 3 27 101 247 150 70 31 8 256 195 274 286 139 72 307 117 119 90 63 174 14 282 145 185 308 220 226 152 199 20 61 280 205 279 244 235 175 237 179 89 303 263 292 51 290 216 19 23 206 288 171 217 47 209 268 314 11 270 298 167 43 103 48 66 52 187 212 248 143 172 243 74 295 17 158 183 78 223 94 181 218 105 262 53 140 302 166 88 40 289 306 9 54 299 304 49 75 134 131 213 82 35 112 188 50 6 255 200 253 137 33 41 44 39 221 159 215 10 197 232 163 316 79 300 123 165 294 84 42 312 15 21 318 149 254 224 301 293 227 16 106 80 83 7 71 156 115 142 234 92 126 271 275 266 283 28 : 5333.84
5 3 
1 88 8 3 38 163 60 140 239 101 208 22 67 201 31 58 43 195 134 19 104 235 89 107 5 68 30 74 21 218 280 96 285 301 181 100 173 75 170 199 245 214 39 230 250 125 241 122 141 317 70 84 206 291 228 314 117 157 165 143 133 129 73 289 203 42 172 294 304 196 55 20 211 79 36 150 261 296 279 18 234 277 90 25 81 242 131 15 209 192 210 97 207 194 282 110 109 119 50 52 244 266 13 176 219 232 35 142 308 71 180 174 268 275 78 6 26 168 65 204 220 292 310 149 299 178 272 136 115 98 33 253 306 17 146 240 226 45 7 108 186 283 288 82 83 256 264 257 102 93 167 63 221 316 40 311 11 302 62 54 153 307 185 94 197 57 281 46 179 139 166 227 87 190 205 130 156 118 271 154 159 312 44 284 187 135 138 123 182 193 309 198 16 148 295 120 212 223 222 252 145 224 47 217 297 66 162 91 137 12 151 161 263 37 9 106 69 189 269 267 237 231 27 318 144 147 169 14 85 76 4 23 290 28 53 126 191 116 103 64 200 160 305 112 213 238 128 225 246 259 251 273 132 59 121 127 51 188 72 175 287 114 171 276 92 80 95 254 236 247 233 270 216 202 61 124 177 258 243 286 183 184 99 303 274 278 298 260 215 56 315 255 158 111 164 293 77 2 262 300 34 152 229 113 248 10 41 49 32 29 265 105 48 313 86 249 155 24 : 5146.69
