0 0 
1 18 25 19 24 14 115 116 208 117 132 211 217 239 218 109 225 219 228 265 315 273 170 168 231 240 256 261 284 283 264 255 251 277 179 250 262 279 302 206 76 73 71 50 209 137 60 178 65 41 49 23 30 31 32 17 3 8 9 20 112 16 27 164 167 200 286 293 174 176 177 94 195 307 303 296 144 254 301 199 260 297 270 290 312 203 80 79 54 317 55 63 81 197 201 87 207 198 172 184 181 186 180 306 205 183 158 196 47 51 153 161 39 139 274 285 166 148 152 151 154 162 266 289 287 310 204 194 189 187 173 182 175 149 160 159 125 133 138 155 106 113 122 123 128 131 142 171 280 278 314 252 259 143 34 210 169 66 192 311 291 299 288 282 165 147 136 120 135 134 126 124 119 230 227 238 244 223 215 214 212 216 229 226 234 246 221 140 157 163 156 146 141 110 247 304 308 309 276 275 271 248 249 318 224 269 257 267 245 235 130 121 232 118 150 145 38 61 46 43 42 48 45 58 56 52 53 37 40 70 72 84 88 99 100 193 294 298 300 268 237 222 213 241 258 242 313 243 236 253 263 305 295 292 272 281 233 220 114 129 127 13 5 4 107 108 111 185 191 202 68 78 97 101 59 82 77 75 90 89 95 190 188 64 29 21 103 11 15 10 22 28 33 104 62 93 98 96 92 102 86 91 85 83 69 67 57 26 12 36 35 74 105 44 316 7 6 2 : 1829.1
0 1 
1 12 36 37 8 131 211 111 35 158 141 125 137 208 134 120 19 27 152 161 149 132 247 249 215 219 224 265 186 187 178 176 88 194 195 207 77 71 81 67 78 80 86 72 64 70 74 76 73 42 41 46 53 317 316 43 83 97 102 85 101 89 105 59 79 91 103 23 21 30 11 10 6 7 2 3 9 124 108 13 112 116 115 107 261 253 313 234 225 129 113 136 138 209 163 148 156 162 256 166 260 293 192 189 182 169 100 94 173 168 157 301 271 287 295 296 305 180 190 95 197 201 202 75 198 206 188 183 203 204 200 199 184 87 196 144 300 275 292 276 272 284 254 146 150 39 147 139 228 248 223 283 289 281 278 170 171 165 302 308 288 222 230 252 241 220 262 304 285 264 280 318 251 239 240 232 109 217 213 216 122 118 221 277 175 153 117 130 143 255 269 314 238 237 235 218 229 233 242 279 273 263 274 299 205 309 310 291 290 307 303 306 179 172 167 151 140 14 34 258 110 212 226 245 236 227 244 214 270 312 311 282 297 298 286 294 266 268 257 267 315 250 155 52 33 32 16 28 20 18 24 17 26 25 45 50 56 69 82 84 93 92 90 98 96 99 61 51 47 44 160 185 65 66 60 154 38 191 164 177 193 259 246 243 128 133 135 126 127 145 159 121 123 114 4 5 106 119 231 142 210 181 174 58 55 54 68 62 63 57 49 48 40 104 29 15 22 31 : 1836.45
0 2 
1 266 315 250 318 270 252 264 227 215 244 230 235 222 214 313 240 241 225 221 220 109 110 114 127 161 160 157 159 63 299 294 173 178 184 188 189 187 202 312 301 293 181 167 168 186 205 306 308 303 98 96 101 79 82 85 81 55 46 50 105 206 100 191 194 289 287 286 224 223 234 236 219 212 211 218 239 143 124 138 128 255 233 237 119 226 228 213 246 265 166 165 151 146 147 260 177 172 199 288 282 140 144 141 129 123 37 28 24 26 316 59 84 78 86 80 74 196 197 176 190 198 201 95 61 169 174 185 229 247 248 243 253 231 262 272 275 279 259 257 271 245 249 297 276 256 267 195 207 89 99 68 76 32 22 29 30 136 142 203 258 217 216 118 108 125 122 261 251 210 60 70 65 41 104 36 103 31 40 48 64 69 57 54 111 115 162 179 180 193 300 268 254 302 274 263 269 290 291 280 305 284 283 273 298 304 204 182 148 35 17 18 25 16 15 11 10 6 7 12 135 134 132 113 137 51 62 93 66 156 155 149 150 163 152 164 154 145 209 153 158 38 39 87 94 88 91 77 83 71 56 58 72 97 90 102 44 13 14 208 120 133 34 130 116 131 23 42 43 317 49 52 183 92 45 47 67 75 73 53 192 292 309 311 307 200 175 170 281 171 278 310 296 295 277 285 314 232 238 242 139 5 4 107 106 112 117 121 126 9 3 8 20 21 33 27 19 2 : 1869.98
0 3 
1 167 168 186 181 197 194 191 87 176 204 306 277 268 273 279 283 300 205 287 274 264 294 289 293 296 309 143 146 157 159 156 151 148 180 161 141 254 171 303 286 278 280 263 265 257 266 243 245 244 214 223 215 219 227 248 237 255 258 182 187 295 281 301 193 282 262 256 166 185 160 210 201 175 154 184 270 285 267 288 129 208 112 111 116 147 34 39 145 123 150 104 33 30 58 49 57 53 56 42 54 37 80 85 93 102 99 66 88 169 202 199 292 170 140 238 234 250 259 314 251 253 252 249 298 318 271 276 297 305 310 308 307 290 269 173 188 177 164 26 8 9 24 36 22 29 32 31 28 27 19 17 16 18 25 115 228 233 247 275 284 272 261 260 235 242 139 119 222 221 229 239 240 212 216 109 122 117 120 132 209 137 127 126 135 134 130 163 149 165 196 190 75 71 84 317 316 55 40 50 48 77 96 97 79 67 78 98 90 70 69 100 172 155 61 60 152 153 142 121 144 230 313 225 220 217 213 211 114 138 131 128 125 133 3 2 11 15 21 103 10 44 51 105 64 68 73 63 74 62 81 76 72 82 92 91 86 101 89 189 183 65 162 158 304 192 299 291 124 118 113 232 241 236 224 218 246 231 110 226 108 107 106 4 5 13 14 136 35 38 174 179 178 203 311 312 302 315 195 200 198 206 207 95 94 59 83 52 43 41 46 47 45 23 20 12 6 7 : 1658.08
1 0 
1 6 7 10 11 23 103 15 316 317 82 64 105 56 55 49 44 43 48 59 40 35 38 39 152 157 94 202 197 168 161 154 33 28 20 24 27 37 60 88 93 102 92 79 73 78 54 8 5 50 52 84 85 91 98 206 99 71 96 101 97 132 142 136 130 250 146 174 281 257 236 218 221 216 113 107 266 242 243 232 118 246 261 274 278 293 301 302 183 184 177 175 172 169 163 167 296 309 277 42 41 83 68 67 104 36 53 58 63 70 66 160 117 131 144 239 231 211 220 230 143 138 155 187 203 95 173 61 65 162 159 148 210 123 133 141 209 269 166 272 283 304 308 279 291 290 299 282 267 287 158 145 156 191 188 204 76 185 176 189 190 89 74 80 100 207 195 171 305 300 286 294 306 307 310 256 227 109 217 222 214 313 225 224 245 127 134 112 116 137 135 120 125 122 114 106 129 124 208 226 229 219 234 237 119 110 251 247 233 213 258 264 262 254 151 149 150 34 108 121 238 235 241 228 223 215 318 244 270 276 280 314 252 199 303 298 275 268 271 259 140 289 165 147 81 72 77 86 75 194 196 182 178 200 295 292 205 311 312 284 297 193 192 285 248 249 253 273 263 255 240 212 126 14 17 16 12 32 25 18 26 13 128 139 260 265 315 288 170 201 87 164 153 198 180 179 181 186 69 51 45 46 47 62 90 57 111 4 115 9 3 21 29 22 31 30 19 2 : 1819.38
1 1 
1 106 107 4 112 116 117 222 110 225 261 280 217 220 313 235 232 118 259 143 271 276 264 250 247 227 223 245 255 249 252 214 226 229 233 206 173 207 90 202 201 197 291 262 244 248 270 318 278 156 151 152 145 167 125 208 126 209 150 307 305 272 269 144 139 230 215 224 228 237 239 231 287 292 257 268 119 114 113 115 14 120 13 138 127 134 38 153 102 83 101 67 68 70 69 79 48 45 316 40 53 61 76 73 81 100 148 136 137 159 160 210 163 174 294 187 95 87 186 175 190 89 46 59 55 52 42 37 41 57 86 84 71 77 105 64 62 58 51 33 36 94 99 91 96 92 98 75 60 172 169 179 121 123 147 66 180 288 283 277 140 236 218 234 242 258 254 267 284 253 260 203 205 304 285 165 158 178 193 295 303 299 308 266 290 238 213 211 135 131 108 2 3 9 8 17 128 124 122 109 212 216 191 177 65 176 184 189 181 185 78 93 85 82 56 63 72 97 74 43 50 49 20 16 30 104 31 29 22 21 103 32 10 11 15 47 54 44 24 19 23 5 142 141 133 221 241 240 243 263 265 194 196 195 281 199 306 166 275 298 309 286 296 289 192 164 161 154 39 157 162 297 300 279 282 256 129 130 146 149 204 170 35 27 28 12 25 26 18 111 132 34 155 168 182 188 198 310 311 302 301 293 312 200 273 314 251 219 246 315 274 171 183 88 80 317 7 6 : 1918.72
1 2 
1 30 31 317 28 63 72 79 98 97 93 36 104 50 105 41 33 35 46 52 55 88 51 316 23 20 103 29 32 47 53 58 54 76 190 202 191 70 87 188 38 161 157 159 130 125 162 150 136 34 37 42 43 44 56 49 68 69 95 89 74 102 96 80 210 209 149 151 165 301 281 178 174 167 169 277 256 257 266 264 269 144 255 259 263 268 283 275 248 288 278 298 280 291 311 307 192 199 302 270 224 226 215 229 244 245 253 217 225 221 220 235 234 228 258 250 148 156 155 145 135 134 14 17 27 19 24 26 25 18 16 12 15 22 21 11 10 7 6 3 9 5 4 112 116 113 57 62 78 48 45 59 67 85 71 83 82 207 196 184 168 171 292 293 306 300 286 222 313 138 295 290 289 274 180 238 279 227 214 218 233 236 110 211 230 246 219 213 129 107 106 8 132 108 141 123 124 139 318 276 271 249 261 216 314 240 119 232 231 118 128 212 121 140 109 122 242 143 237 247 142 146 147 158 195 176 61 164 170 160 153 152 166 223 243 131 133 137 208 126 127 154 120 115 13 111 117 114 241 239 262 267 273 296 282 185 173 182 183 189 198 197 204 299 284 294 181 194 65 172 177 312 205 287 285 206 203 201 100 101 92 91 77 84 90 73 86 99 66 75 81 94 187 175 163 186 193 303 308 200 309 310 297 305 304 272 260 265 315 251 252 254 179 64 60 39 40 2 : 1777.59
1 3 
1 31 32 30 22 29 40 42 41 52 62 69 72 93 75 76 90 175 280 283 153 159 166 273 200 301 299 263 262 268 256 251 254 255 318 249 270 248 278 204 192 133 125 231 218 235 244 276 309 211 212 219 217 5 4 111 106 107 112 120 132 130 250 292 287 190 99 81 68 102 173 49 317 316 55 56 59 92 83 61 73 63 179 143 260 266 265 269 146 147 169 259 267 315 247 208 17 37 18 3 8 2 12 57 47 64 44 43 58 39 187 176 206 154 34 136 135 134 115 116 117 145 38 88 164 150 104 48 45 23 20 103 21 15 11 10 6 7 9 13 108 234 252 253 272 236 213 232 239 140 237 246 240 230 109 216 220 227 215 233 222 221 144 225 243 314 226 238 151 163 157 191 210 189 66 148 156 131 123 165 223 224 245 271 308 306 307 311 296 305 284 170 197 182 172 65 184 195 205 194 302 277 303 290 199 312 274 282 279 291 286 281 300 295 285 298 293 193 186 202 98 85 67 80 86 78 77 70 149 167 161 242 214 228 113 121 138 126 129 114 142 141 14 137 124 155 162 183 177 185 60 178 209 139 128 122 110 241 229 313 118 119 264 261 258 158 152 160 174 196 95 94 201 74 54 71 82 96 91 100 203 171 289 294 310 297 275 304 288 257 168 87 97 101 84 79 89 105 51 50 207 198 180 181 188 53 46 35 127 36 33 28 19 27 25 26 24 16 : 1845.72
2 0 
1 254 246 5 111 135 149 51 76 147 266 59 87 218 219 256 129 136 25 22 32 71 142 131 64 301 55 73 14 250 92 20 212 268 37 294 180 104 36 78 221 226 245 18 39 26 106 279 115 216 312 45 203 15 30 114 252 271 175 160 181 234 273 148 194 102 283 223 274 166 144 35 151 276 299 208 9 197 198 91 272 193 280 217 263 191 164 46 258 259 237 23 171 66 17 24 121 81 205 282 306 249 231 248 176 310 61 137 7 6 10 11 80 88 284 41 113 130 289 13 133 122 238 225 255 162 75 54 317 52 63 4 112 215 244 243 103 117 285 109 150 277 307 267 227 138 93 3 8 265 230 74 292 47 124 291 48 28 19 304 69 42 119 316 96 313 140 241 125 286 281 84 204 220 97 49 200 257 232 206 297 65 293 67 72 86 222 192 287 209 77 207 290 108 303 240 161 156 195 302 239 139 188 173 270 229 233 94 153 318 123 214 16 58 60 128 174 298 165 314 27 295 107 224 186 183 211 38 275 100 82 21 29 68 90 163 85 118 264 155 184 159 158 70 79 43 177 105 169 143 242 110 178 196 311 141 120 134 185 12 296 145 167 152 116 50 260 213 157 305 95 98 99 202 62 300 126 31 288 127 83 210 236 34 33 40 261 269 309 179 168 101 89 56 201 53 44 251 262 146 247 228 278 170 315 154 190 189 57 182 172 187 199 308 235 132 253 2 : 4946.56
2 1 
1 22 102 40 180 53 202 44 125 121 211 129 17 111 35 208 237 176 200 139 205 261 118 233 78 63 48 316 47 24 203 273 259 141 143 166 31 59 73 86 81 222 196 83 36 149 15 251 66 3 181 206 85 90 94 219 314 172 145 136 127 25 10 6 2 13 216 190 42 164 58 131 313 307 193 317 173 245 217 231 221 250 27 43 8 7 93 175 124 165 294 239 224 282 304 161 55 201 312 99 248 45 272 64 182 115 75 293 303 276 275 289 105 96 120 109 185 238 132 306 309 260 291 19 11 264 207 52 162 226 159 112 170 32 76 97 60 107 14 91 194 67 34 247 235 189 168 153 184 5 57 77 61 297 218 16 277 252 144 187 116 157 274 315 148 155 290 285 311 169 51 199 246 310 158 147 114 74 80 117 296 241 268 308 113 151 142 130 302 266 212 271 126 38 154 171 214 191 62 12 135 119 256 262 284 242 223 39 279 20 209 138 278 292 104 100 265 123 30 21 23 188 50 263 300 110 133 88 305 286 281 82 287 301 183 163 213 134 236 49 152 249 255 56 79 210 137 254 95 299 244 54 26 280 257 122 98 167 41 29 234 215 288 46 89 92 267 243 225 70 160 103 228 33 128 283 197 318 140 270 156 253 179 240 204 295 71 69 4 68 106 108 178 101 72 37 298 174 258 84 177 198 230 28 192 232 150 195 87 229 227 220 186 18 146 65 269 9 : 5034.24
2 2 
1 69 70 94 307 194 291 304 66 172 53 270 130 76 31 48 33 279 159 290 254 56 177 173 199 284 294 286 262 260 161 170 118 14 81 198 243 122 275 246 214 193 100 259 248 282 152 38 17 111 271 125 24 96 101 93 138 120 65 296 212 126 98 88 104 269 58 15 11 49 295 209 285 223 226 8 90 77 200 52 68 72 39 227 252 278 67 63 276 188 253 236 32 302 20 91 203 241 244 300 41 50 151 192 277 272 195 287 311 162 280 239 181 205 318 117 305 42 114 256 54 37 73 150 210 191 316 82 263 27 184 140 12 43 85 196 64 13 299 267 255 79 128 169 55 136 303 131 9 235 145 129 133 216 166 115 139 312 119 109 137 313 213 30 141 225 142 224 251 28 147 219 2 7 22 23 47 92 84 62 164 297 306 257 16 310 189 207 80 116 146 44 21 103 34 113 247 197 156 35 160 158 132 201 154 149 19 10 220 314 215 26 18 238 182 190 143 206 75 29 233 4 185 268 134 74 204 293 110 309 240 171 308 221 144 222 106 273 89 108 163 40 6 217 179 230 46 124 234 105 127 57 121 135 265 107 155 218 298 264 183 266 99 45 167 250 292 186 211 249 157 202 112 153 174 283 95 3 123 231 208 165 168 180 5 148 78 86 102 175 258 178 51 237 61 229 36 97 176 315 228 301 242 288 274 87 281 289 245 83 261 59 317 71 25 187 232 60 : 5117.44
2 3 
1 252 246 229 240 144 131 137 130 181 306 80 64 297 104 102 292 312 152 307 258 153 154 254 5 148 185 97 262 140 222 210 161 98 145 204 206 157 187 49 127 44 231 226 242 273 147 149 188 69 129 133 208 299 260 290 276 288 275 279 224 214 227 230 232 50 30 15 103 32 27 85 37 197 47 114 296 124 111 34 268 112 239 293 190 172 182 179 186 308 316 203 247 253 241 16 42 65 95 67 68 196 73 55 76 89 101 52 46 209 177 266 136 259 142 117 165 284 295 200 167 173 91 301 118 128 221 304 271 193 291 263 158 162 265 257 250 35 192 195 311 62 21 11 10 2 6 7 29 22 54 84 207 168 151 141 302 310 243 217 211 119 125 87 132 176 63 139 298 249 156 198 25 41 77 33 12 3 8 9 4 220 138 236 106 281 159 294 244 113 251 170 90 164 135 300 286 116 234 313 315 255 219 81 23 31 36 53 318 280 285 93 126 79 150 256 205 272 237 261 278 228 28 20 40 56 71 70 305 94 178 166 61 39 24 45 160 183 108 155 75 283 235 309 267 26 115 110 223 303 189 51 17 18 143 175 201 194 314 43 38 13 120 14 107 121 169 99 184 174 58 48 105 86 100 60 287 180 88 163 289 248 264 122 270 274 269 233 215 238 212 123 72 74 317 66 59 171 202 191 199 134 146 277 245 213 225 282 109 218 216 82 96 78 92 83 57 19 : 3901.9
3 0 
1 115 229 134 258 226 243 315 289 318 299 186 162 66 185 207 165 168 172 100 203 196 98 69 88 272 178 67 77 81 268 175 143 119 118 111 221 259 279 122 180 173 317 23 116 130 135 222 38 61 114 72 59 127 147 83 54 138 64 220 125 294 113 58 267 310 91 17 188 139 182 16 304 154 302 217 123 150 152 264 35 43 42 80 47 101 183 171 271 256 155 280 36 90 309 263 305 34 140 176 300 86 45 166 285 199 18 313 278 250 27 124 163 275 295 197 79 20 251 15 24 25 206 249 137 225 240 227 10 193 281 156 234 92 103 11 169 291 75 144 112 273 19 308 287 117 160 214 274 219 224 4 211 208 179 194 306 242 60 37 301 164 121 107 56 239 132 62 9 49 85 298 158 57 213 284 148 238 237 190 216 120 314 283 39 209 261 247 288 201 7 6 2 184 195 96 97 102 73 231 235 200 48 205 105 14 228 145 252 303 296 136 260 110 223 126 65 316 33 63 40 82 202 167 44 248 212 257 297 270 78 149 246 95 254 255 230 104 50 187 276 245 233 282 129 131 68 210 87 161 277 146 106 269 236 109 192 71 52 157 293 5 8 41 12 215 153 55 312 133 198 29 89 177 174 262 13 99 265 46 53 128 181 70 51 151 30 21 31 22 28 32 94 204 286 232 170 266 253 141 189 74 84 142 307 311 290 292 93 76 218 3 241 159 26 108 244 191 : 4961.54
3 1 
1 29 23 33 55 84 179 274 286 224 202 228 110 46 174 159 74 294 293 307 208 237 196 281 17 14 292 232 152 227 5 243 4 150 81 269 123 71 302 289 114 143 206 77 79 173 315 313 188 214 106 111 246 312 215 258 146 186 73 68 308 203 90 99 316 96 76 18 19 103 7 11 145 82 25 139 138 131 12 22 144 137 51 57 26 89 245 92 167 242 225 10 109 118 191 100 263 262 236 161 151 119 56 229 259 265 197 93 75 62 260 169 136 168 129 49 221 58 50 306 157 8 87 194 261 154 121 31 317 9 240 251 177 91 287 48 217 205 303 300 218 309 213 113 3 181 60 38 108 165 148 180 6 216 290 249 267 182 272 282 256 254 80 185 98 135 116 304 64 72 230 37 158 255 314 200 24 149 190 85 43 285 172 178 162 101 278 155 42 310 133 120 247 257 298 297 219 226 318 88 15 34 127 189 13 187 280 40 171 210 275 283 192 299 39 52 147 61 104 36 142 122 211 276 296 132 264 288 201 271 21 252 156 183 124 153 248 164 105 97 107 140 241 117 163 78 86 311 112 70 244 160 94 266 45 238 95 141 231 184 291 220 212 2 41 301 295 176 250 175 32 53 102 198 69 125 128 28 63 253 83 235 273 65 115 268 193 44 59 67 54 27 30 20 284 270 279 47 223 233 170 66 277 207 204 35 199 222 239 234 195 130 126 209 305 16 134 166 : 5085.76
3 2 
1 10 142 115 178 318 41 23 36 304 179 196 257 172 183 286 247 250 291 126 120 85 79 82 34 245 255 248 231 218 122 190 69 203 180 185 67 168 282 285 260 26 12 2 13 125 278 307 144 102 101 104 194 302 39 22 28 86 29 97 251 243 24 31 294 95 230 232 220 211 25 256 6 290 107 136 45 84 9 27 153 135 209 242 173 281 289 128 131 200 18 96 227 141 186 237 258 233 217 316 46 92 87 221 65 118 133 163 317 273 215 312 50 38 106 222 193 132 94 313 15 223 297 205 270 80 154 158 306 90 62 63 171 91 123 228 155 16 287 261 279 174 175 81 68 43 184 17 51 151 3 170 64 77 57 111 105 202 37 301 283 8 116 52 195 276 275 121 58 199 239 206 280 30 284 188 114 73 70 42 74 189 161 119 213 14 145 292 124 109 113 226 300 160 240 288 210 75 32 129 295 225 149 165 182 150 98 78 110 159 48 147 224 146 53 236 93 112 7 166 277 20 71 55 100 72 99 169 134 4 244 241 167 212 139 269 148 156 5 308 21 177 274 309 207 40 143 214 138 89 216 192 315 162 88 198 181 208 272 253 108 76 49 191 314 204 164 266 201 197 83 130 299 298 262 267 303 60 11 33 234 238 152 127 265 268 157 140 56 59 254 252 229 137 47 19 61 117 103 35 246 310 293 271 219 176 259 187 296 264 44 54 249 263 235 305 311 66 : 5046.64
3 3 
1 67 82 83 78 86 96 94 99 84 72 63 61 175 273 302 297 310 182 191 298 304 165 266 246 144 305 256 218 216 109 254 312 162 285 279 315 222 275 283 121 120 166 237 157 168 228 139 133 126 247 23 124 265 219 48 282 193 301 174 116 108 245 194 300 309 187 210 271 171 286 9 110 277 252 241 287 73 131 233 176 202 294 235 179 224 284 104 92 90 91 207 199 303 276 272 238 253 250 35 3 122 200 44 46 50 192 274 318 226 289 292 258 314 141 66 197 75 80 31 40 29 21 103 15 22 30 317 71 87 79 49 173 148 290 281 136 217 26 16 158 243 181 28 167 24 156 137 59 97 93 204 280 248 123 161 293 242 132 209 249 296 34 68 206 41 43 105 201 267 146 278 170 151 160 112 143 180 311 164 268 114 239 113 4 240 244 140 142 183 138 25 184 169 60 101 152 259 119 111 106 38 208 125 128 107 154 190 33 65 178 12 17 42 57 62 89 172 163 185 205 308 299 214 229 220 221 313 230 225 232 263 227 100 70 47 77 45 316 196 69 36 37 18 2 6 7 20 39 98 306 223 58 295 211 212 255 130 134 236 129 153 19 195 81 13 262 189 261 269 203 55 150 64 149 54 145 52 291 27 251 74 177 32 234 118 117 88 102 260 264 186 76 8 288 307 155 257 5 270 56 135 231 159 95 198 11 10 188 14 213 115 215 127 147 53 51 85 : 4053.15
4 0 
1 19 24 25 37 42 173 65 201 91 71 45 48 57 59 60 141 123 114 139 241 213 239 242 130 142 166 255 262 228 236 263 289 151 181 203 88 196 62 44 79 67 73 76 83 78 85 92 96 102 101 80 84 82 77 190 90 75 81 89 63 176 74 69 188 182 162 165 304 310 303 288 174 207 204 199 178 179 177 189 95 87 194 168 167 209 282 299 296 284 300 270 301 311 307 302 287 294 286 309 305 272 279 274 248 234 144 266 160 155 153 158 150 154 145 258 250 156 61 66 172 183 198 197 191 186 184 148 159 169 147 140 273 268 297 291 285 292 281 278 293 192 195 193 200 175 157 149 146 137 124 38 117 113 110 232 231 212 240 238 222 313 235 224 308 226 247 260 246 233 243 252 253 152 108 127 116 128 134 39 164 161 163 171 170 277 295 283 290 280 214 223 229 119 221 216 211 220 314 227 254 143 276 249 256 251 237 230 218 219 215 275 318 298 271 244 264 261 315 259 180 187 94 202 100 206 99 97 86 53 52 43 41 36 18 13 135 35 26 27 33 31 30 20 28 23 32 103 21 22 29 15 7 6 2 11 3 8 9 5 122 133 109 245 225 118 217 132 129 208 126 121 138 111 4 107 106 136 112 120 131 257 265 267 269 205 312 306 185 210 125 47 105 12 10 93 98 70 72 64 56 50 49 17 14 115 34 16 104 46 54 58 55 317 40 51 316 68 : 1702.22
4 1 
1 7 6 11 33 29 21 103 12 15 23 20 25 10 3 8 9 112 117 158 180 181 188 182 192 193 308 280 298 304 309 310 278 289 195 100 184 61 163 147 160 175 200 144 302 266 283 201 62 52 54 43 56 45 42 36 35 16 26 19 28 316 317 67 75 311 203 66 169 154 141 208 157 131 136 128 58 50 102 97 80 72 93 98 90 78 84 86 71 81 177 172 187 87 94 85 105 57 51 46 82 79 73 76 83 49 68 99 91 92 101 198 199 301 284 194 166 152 162 145 153 155 64 69 70 48 18 17 39 38 150 32 30 22 47 59 74 89 95 190 206 197 88 207 196 191 185 174 143 257 234 254 165 205 307 305 297 276 268 294 300 252 263 235 227 121 110 113 259 306 286 293 183 65 60 173 161 146 53 55 41 164 168 295 299 282 171 261 274 291 279 288 318 241 237 236 251 214 244 229 225 258 240 256 238 239 109 151 148 133 132 124 120 134 127 126 116 107 106 115 14 138 249 270 271 272 275 224 219 246 264 260 250 314 313 220 222 230 247 228 231 216 213 139 232 221 212 218 248 245 267 223 226 215 118 123 119 211 114 142 137 125 129 122 130 217 269 242 243 233 285 296 255 140 265 303 312 204 202 178 167 210 176 170 281 292 287 277 186 156 135 111 108 149 209 34 37 44 27 24 5 4 13 159 273 290 315 262 253 179 189 77 96 63 40 104 31 2 : 1875.99
4 2 
1 32 31 30 42 152 156 167 208 133 137 136 138 107 106 217 265 256 271 293 306 199 200 204 201 173 177 185 190 88 48 56 75 69 101 93 102 96 94 180 178 287 282 298 309 308 312 174 184 196 24 12 7 6 11 103 20 28 33 29 15 10 2 3 8 183 197 191 189 65 76 97 91 77 79 89 92 99 45 122 221 218 227 229 143 128 121 225 220 120 116 13 126 117 125 112 111 108 118 234 113 114 211 119 109 110 239 235 231 242 226 249 228 223 247 244 238 237 243 257 140 264 283 305 205 296 307 272 268 248 246 236 267 269 254 224 245 230 124 130 115 142 250 258 261 278 147 209 292 303 300 304 310 291 295 171 289 275 284 277 286 276 318 262 240 150 104 54 316 317 49 47 23 21 22 37 4 135 141 149 153 155 158 315 252 263 176 100 98 207 202 95 194 186 181 66 61 134 38 154 160 161 290 168 210 146 132 131 129 34 57 105 52 43 46 58 80 87 206 198 179 288 294 299 297 270 193 279 182 195 175 192 266 166 139 233 216 214 215 219 213 212 222 313 241 232 314 255 259 260 251 274 281 280 285 273 253 144 165 170 301 302 311 203 187 169 162 123 148 151 157 145 127 9 5 36 14 41 90 81 74 70 188 172 60 63 40 55 62 85 86 73 64 50 67 82 84 83 71 78 72 68 59 51 44 53 163 159 164 39 35 17 16 25 18 26 27 19 : 1711.56
4 3 
1 40 28 12 44 52 54 58 69 80 79 96 76 72 71 91 67 68 102 101 83 85 90 202 197 190 196 188 60 53 104 56 57 62 63 61 66 267 256 131 133 107 112 13 137 293 298 305 314 160 167 170 277 299 286 283 292 281 296 186 272 169 156 149 155 159 162 166 278 282 274 280 275 276 290 306 312 205 209 259 258 265 260 257 263 279 287 311 303 171 184 174 180 172 195 201 189 185 95 94 199 291 168 294 252 136 138 157 192 100 93 98 173 65 87 198 194 310 206 181 204 200 302 203 74 207 88 99 82 89 86 64 77 78 84 73 41 14 8 5 111 135 208 119 225 243 318 222 106 4 152 163 165 269 253 139 221 140 250 220 211 240 241 226 213 114 113 132 268 264 254 234 248 245 244 284 304 285 308 289 295 193 301 309 307 288 315 300 297 270 266 271 273 249 224 228 233 144 231 313 230 237 215 212 217 109 247 262 235 229 214 227 255 251 261 143 142 128 129 121 110 216 232 218 219 223 246 242 236 238 239 118 130 125 115 116 108 9 3 18 17 127 124 123 117 122 182 178 179 147 175 191 176 177 187 183 70 81 75 97 92 49 105 59 55 120 134 126 145 35 34 39 42 46 45 48 21 32 47 51 30 11 10 6 7 15 29 23 27 16 37 36 26 24 33 316 317 50 153 141 151 146 148 150 164 161 210 158 154 38 31 43 25 20 103 22 19 2 : 1730.36
5 0 
1 16 307 182 161 112 216 124 137 118 257 256 278 184 100 318 127 144 90 173 203 276 63 188 177 294 169 164 181 126 198 4 162 206 102 302 247 176 310 232 243 123 246 139 155 130 111 228 313 226 191 101 299 281 92 312 212 170 259 238 115 142 223 114 266 219 163 46 207 33 317 22 48 47 178 224 79 153 81 76 315 298 180 147 255 245 304 197 263 78 183 285 265 218 301 158 175 117 291 222 201 23 261 60 260 250 290 234 242 185 172 56 59 27 179 309 148 196 38 190 132 62 277 30 306 154 270 160 12 15 32 45 105 97 77 86 69 85 194 300 249 165 269 240 231 122 239 280 199 303 272 149 34 135 109 125 133 14 70 225 204 82 248 314 75 99 96 166 151 50 74 262 71 55 227 273 146 251 37 67 73 20 297 131 54 284 19 25 289 152 187 18 42 167 213 217 241 72 189 83 159 141 233 264 87 106 39 9 29 7 2 211 214 193 275 116 120 107 26 244 215 230 28 5 35 235 220 13 89 157 237 252 143 287 31 186 205 36 311 84 195 296 129 295 156 43 229 145 91 108 21 104 103 210 288 267 128 283 95 52 57 113 258 308 80 136 51 40 119 6 271 274 93 286 168 254 11 292 305 316 138 64 221 68 150 88 10 174 110 94 24 61 65 49 282 253 279 268 200 41 171 209 134 3 8 208 17 236 58 202 98 293 192 66 44 53 121 140 : 5031.99
5 1 
1 184 180 296 309 143 118 137 16 40 63 201 286 186 311 175 154 20 299 116 195 294 313 182 198 129 238 110 90 106 33 291 169 121 177 200 108 193 165 223 282 245 269 119 2 4 69 81 157 75 202 45 99 220 222 168 88 248 209 187 268 258 276 289 151 164 8 103 53 224 6 215 272 217 226 206 89 189 293 260 301 312 281 305 107 87 219 10 7 203 150 304 287 283 265 295 298 161 207 210 101 71 246 19 233 288 178 9 23 127 133 147 48 50 112 123 122 141 43 113 78 191 83 86 95 240 37 231 232 38 125 221 155 275 292 204 65 135 196 302 105 236 73 17 263 252 25 64 159 174 66 126 56 32 162 74 111 94 100 3 31 93 266 167 257 208 131 97 136 188 117 297 273 138 44 102 22 98 194 51 114 163 92 259 212 234 205 190 11 15 27 270 274 42 134 72 139 172 84 59 244 243 132 284 214 39 58 254 307 264 303 77 79 130 67 30 153 211 176 262 310 146 235 261 26 145 170 237 290 199 183 250 277 279 160 192 314 241 156 34 230 249 255 55 76 278 12 216 128 28 57 24 316 225 315 18 181 158 140 239 5 21 35 70 41 29 317 104 60 173 80 115 13 227 318 149 144 256 229 14 166 68 85 267 124 285 280 46 82 251 247 142 218 61 52 308 148 242 253 271 91 54 171 152 179 197 96 47 36 49 185 120 228 213 300 306 109 62 : 5045.93
5 2 
1 199 272 206 81 80 192 165 197 79 96 70 190 180 286 200 276 257 252 228 117 136 209 109 115 225 73 174 47 6 221 98 205 19 139 157 178 93 72 25 280 10 5 164 288 15 243 52 2 8 99 296 301 290 262 273 293 100 33 66 207 292 113 231 125 258 112 57 260 236 3 306 179 279 316 149 151 39 55 135 229 75 170 227 264 305 300 34 42 29 68 9 127 16 234 266 295 67 37 63 254 233 318 194 304 137 141 77 230 59 181 278 294 143 27 38 26 82 226 108 310 223 298 244 122 140 17 270 128 222 150 76 315 60 265 275 271 44 134 111 21 291 160 88 101 162 196 163 198 161 130 118 195 153 144 224 86 193 303 177 43 185 18 48 97 31 302 309 263 268 269 69 22 12 317 103 253 297 168 126 259 277 148 267 214 215 171 187 241 159 20 191 40 106 138 152 283 201 158 64 102 186 189 83 169 184 274 105 50 213 92 183 172 110 287 248 218 242 94 182 4 41 220 28 56 46 245 282 121 142 124 312 261 308 32 147 167 202 211 249 24 246 58 175 84 173 176 219 237 61 313 256 120 238 87 281 104 74 129 7 289 78 132 23 11 114 299 166 232 210 314 250 107 235 247 49 30 204 146 311 251 285 65 89 95 54 116 217 53 203 307 13 90 255 154 85 91 51 14 216 240 131 284 35 45 155 188 123 156 133 36 212 71 62 145 208 119 239 : 5126.32
5 3 
1 15 64 73 90 173 174 180 193 301 294 289 165 166 247 157 202 13 112 258 224 237 142 111 295 25 11 21 70 197 146 149 211 292 161 141 106 230 156 187 19 89 41 56 86 37 192 24 42 74 145 181 261 16 39 121 257 217 196 92 34 128 9 75 40 148 255 98 32 29 20 143 137 46 169 23 28 119 233 310 299 229 186 190 95 305 285 290 151 3 239 123 208 231 201 158 214 12 153 26 8 5 117 135 129 66 293 107 4 228 76 22 167 80 58 54 43 82 288 262 265 270 314 99 63 105 118 130 140 259 232 154 250 96 209 79 244 243 31 27 48 72 207 316 30 103 125 124 131 236 264 276 308 277 287 194 36 317 17 159 284 175 266 300 313 116 110 108 226 241 215 275 256 280 279 282 171 195 160 164 306 222 205 302 303 206 101 53 44 49 69 100 57 59 200 278 249 318 168 268 221 144 179 150 253 199 188 291 65 203 176 185 283 78 68 204 227 218 216 213 139 225 245 109 220 304 155 315 67 71 102 94 182 172 307 269 170 147 263 14 272 178 93 84 55 38 152 10 2 115 113 114 212 240 242 126 210 234 47 52 62 81 88 97 191 163 251 254 312 162 120 61 286 184 50 183 134 235 248 18 104 45 51 189 296 274 267 91 87 311 252 122 132 297 309 298 246 260 238 138 127 177 273 271 223 281 198 219 35 60 85 77 133 83 136 6 7 33 : 3986.47
