0 0 
1 2 3 104 46 52 42 39 44 29 21 20 33 37 36 18 16 24 10 15 31 32 30 40 49 53 41 43 54 48 45 55 50 56 317 316 59 47 64 67 72 68 71 82 80 73 79 77 63 58 57 105 51 62 69 78 86 90 75 70 81 76 74 102 101 96 99 98 92 91 97 84 83 85 93 89 197 100 202 198 203 204 191 177 184 185 178 182 66 65 61 172 173 169 176 183 190 87 187 194 195 192 293 294 292 296 300 273 272 274 290 283 279 291 285 280 284 312 205 200 199 311 299 307 306 301 302 193 287 282 171 277 286 288 281 278 170 175 186 179 189 188 88 94 196 95 201 206 207 181 174 180 295 289 303 308 309 305 304 310 298 297 276 318 275 271 270 251 252 246 247 255 269 315 268 267 314 242 243 238 230 231 225 212 109 141 130 122 121 117 115 5 35 38 154 153 150 147 148 60 164 159 163 158 142 129 131 124 138 136 132 13 106 108 107 120 135 137 133 126 116 127 134 209 34 152 156 146 151 145 155 149 160 167 157 162 161 210 168 166 165 143 144 250 259 260 266 257 258 265 261 264 263 254 253 262 256 249 248 244 245 224 237 227 214 223 215 219 218 213 222 229 233 236 228 235 234 226 220 118 119 110 211 216 217 221 240 313 239 232 241 139 140 123 114 113 128 125 208 14 4 111 112 9 25 26 17 8 11 22 103 12 28 23 27 19 7 6 : 867.122
0 1 
1 3 8 9 28 19 24 16 25 26 18 17 13 14 120 208 125 133 135 115 117 141 138 142 146 151 149 160 154 153 150 145 155 161 164 210 178 181 184 176 189 172 66 65 88 207 206 94 201 198 196 197 95 100 202 203 204 194 195 191 187 190 188 173 169 183 182 177 87 90 89 81 74 70 73 80 79 77 93 98 99 96 92 101 102 91 97 86 84 85 78 82 83 71 67 68 72 75 76 64 69 62 63 53 42 61 60 162 156 159 158 163 157 148 147 152 209 137 134 127 126 128 132 129 124 122 130 123 131 119 139 144 259 267 272 315 269 165 166 171 170 167 168 175 185 186 180 179 174 193 192 295 294 293 278 277 274 281 289 286 287 288 292 282 312 200 302 307 301 199 306 205 311 300 291 284 283 285 279 280 290 296 299 309 308 303 304 305 310 298 297 275 276 271 268 273 318 270 263 261 264 266 265 254 257 252 251 253 262 256 260 258 250 143 140 255 314 247 246 232 233 238 243 231 242 241 240 239 225 221 212 211 220 109 110 216 217 213 219 218 224 244 245 249 248 223 215 214 227 236 228 235 226 234 237 229 222 230 313 118 121 113 114 108 4 106 107 5 111 112 116 136 34 35 38 39 57 105 316 317 59 50 56 51 54 58 46 47 52 55 104 44 45 49 48 40 43 41 37 36 27 20 23 12 21 30 33 32 22 31 103 29 15 11 10 7 6 2 : 704.143
0 2 
1 2 3 17 27 24 18 35 34 14 13 120 133 127 134 126 208 135 117 128 125 121 109 216 211 212 217 213 110 220 221 118 119 139 140 243 246 254 261 263 256 253 249 223 224 245 244 318 273 272 291 284 285 290 286 274 277 281 282 278 294 293 295 192 292 288 289 287 283 280 279 315 265 269 250 314 258 259 171 166 165 170 168 152 162 159 158 148 156 161 155 164 210 160 154 153 150 145 39 38 137 136 124 132 129 122 123 130 131 113 114 106 115 116 108 111 107 112 4 5 9 8 12 20 23 33 30 29 31 28 103 21 22 16 26 19 25 41 47 44 37 36 50 49 45 48 57 65 176 173 172 177 184 189 87 90 99 98 93 102 101 97 96 91 92 86 79 82 71 68 64 67 84 85 83 72 77 73 66 187 183 190 196 201 197 88 188 169 163 149 157 151 146 147 141 138 209 142 143 144 266 260 255 251 267 264 257 268 262 252 234 237 233 232 242 230 229 222 227 226 219 218 214 215 235 236 228 240 241 238 239 313 225 231 247 248 270 271 275 276 304 310 305 298 297 300 308 309 296 299 303 302 307 311 200 204 198 195 194 193 301 199 306 205 312 175 167 179 180 186 174 181 191 185 182 178 203 100 207 206 202 94 95 89 70 74 81 75 69 80 76 78 317 316 59 56 61 60 63 51 52 54 105 55 62 53 58 46 43 42 40 104 32 15 11 7 10 6 : 769.335
0 3 
1 19 36 104 16 18 17 9 3 10 7 6 11 22 32 40 316 317 56 55 50 48 45 47 44 49 57 54 105 59 72 68 78 102 101 93 86 74 73 64 67 71 91 96 97 92 85 84 83 82 79 77 75 70 76 80 81 90 89 99 98 202 206 207 95 197 196 201 100 94 88 185 181 184 191 198 203 204 194 186 179 174 175 178 190 176 173 177 182 169 183 87 69 62 63 58 52 41 53 51 46 39 154 162 210 157 146 149 152 145 38 34 35 42 43 37 12 24 27 103 15 20 28 23 31 29 30 33 26 25 14 4 5 107 106 116 112 108 114 113 117 125 208 135 136 137 127 134 124 129 132 122 130 121 123 131 141 142 209 148 163 151 147 158 159 156 160 161 164 60 61 172 65 66 189 187 188 168 165 166 171 170 167 180 195 192 193 303 308 309 302 306 205 307 200 312 311 199 301 296 283 281 290 286 294 289 282 278 287 295 292 293 288 299 273 272 267 261 255 314 243 144 242 257 262 263 256 270 271 318 276 275 280 279 291 285 284 274 277 300 310 305 304 298 297 268 264 315 258 259 252 253 251 254 269 266 265 260 250 143 237 228 234 246 247 249 248 244 224 215 214 223 245 235 236 229 238 233 230 222 218 227 226 219 213 211 212 109 225 239 241 119 118 221 220 217 216 110 231 240 232 313 140 139 150 153 155 138 128 126 120 133 13 115 111 8 21 2 : 775.144
1 0 
1 6 2 12 24 27 37 49 50 105 64 71 78 97 102 101 96 91 92 83 85 72 77 67 63 62 46 43 42 39 38 145 141 130 133 152 150 163 158 146 148 162 154 155 153 149 164 160 161 186 179 171 267 256 257 264 262 268 253 251 254 243 230 119 225 118 109 110 211 217 221 216 212 220 114 213 218 222 219 215 224 223 214 244 245 249 248 228 227 226 240 247 314 139 140 313 231 232 241 242 239 238 233 234 236 237 229 235 246 252 258 265 315 165 166 269 260 266 259 144 143 255 250 261 263 272 273 275 271 318 270 276 298 297 304 310 305 309 308 296 289 287 295 283 281 277 290 299 284 286 279 291 285 280 300 303 307 311 312 205 306 301 192 193 302 282 294 293 288 292 278 274 170 199 204 200 203 206 207 95 100 201 202 197 94 196 176 172 190 188 181 61 60 66 88 173 187 189 183 65 177 178 175 174 180 185 184 182 169 191 194 195 198 87 90 86 69 79 82 68 84 74 98 99 93 89 73 76 80 81 70 75 53 52 58 54 57 51 48 317 316 59 56 55 44 36 35 34 126 111 106 5 107 108 113 121 132 129 142 147 151 157 210 167 168 159 156 209 136 137 138 135 125 123 131 124 122 117 134 128 208 127 120 13 115 112 4 116 14 9 8 3 7 18 16 104 47 41 45 40 33 23 20 103 22 28 17 26 25 19 15 29 32 30 31 21 10 11 : 810.383
1 1 
1 2 6 22 103 29 23 28 27 24 25 9 8 12 20 17 18 30 36 14 4 111 113 114 212 218 219 214 215 109 211 216 217 110 213 229 233 238 313 239 144 119 118 139 241 230 122 129 124 117 130 131 125 128 127 13 116 120 115 112 106 5 108 107 208 135 126 134 133 137 141 148 157 156 161 174 186 194 200 205 191 179 180 175 87 99 90 95 197 198 202 196 201 207 100 206 195 203 204 192 288 289 295 281 166 170 171 293 301 303 299 287 296 284 291 298 297 318 270 275 276 271 272 273 267 253 250 259 260 255 265 266 315 269 165 278 282 274 290 264 261 257 258 314 243 240 225 222 231 242 221 220 140 143 254 256 263 262 268 249 244 247 246 251 252 248 245 224 223 237 228 235 236 226 227 234 232 147 142 123 121 132 136 35 34 37 46 69 76 93 98 94 88 74 75 81 66 65 60 153 138 209 150 155 152 159 160 149 162 146 151 163 158 193 307 306 309 308 300 304 310 305 280 285 283 277 279 286 199 302 311 312 294 292 178 181 187 177 185 184 182 172 173 176 190 183 188 189 169 168 167 210 164 154 145 39 38 53 57 51 47 49 40 317 316 55 54 58 59 72 77 79 78 71 84 67 64 73 80 70 63 62 86 68 83 85 82 91 92 97 96 102 101 89 61 43 52 105 56 42 19 26 16 33 104 45 48 50 44 41 21 10 11 32 31 15 3 7 : 919.093
1 2 
1 7 10 15 12 8 5 4 106 107 115 14 116 112 9 17 16 26 19 28 23 20 33 104 316 317 77 79 70 61 164 154 160 161 210 167 163 162 146 151 158 156 159 148 147 157 152 149 209 145 137 136 135 138 141 142 131 123 130 122 132 129 133 124 140 139 242 241 238 234 235 229 222 239 240 231 314 247 252 256 251 262 253 254 260 259 250 143 144 255 258 264 315 267 266 265 287 294 171 170 166 168 174 186 175 200 205 306 311 312 307 199 204 203 195 94 196 202 201 206 207 100 197 190 87 185 181 178 191 176 65 60 155 150 153 39 38 34 35 13 127 134 208 125 117 128 126 120 111 108 121 114 113 119 118 110 109 212 221 225 232 237 246 243 236 218 219 213 211 216 217 220 313 233 230 228 214 215 223 224 226 227 245 244 248 318 270 271 263 268 249 257 261 269 165 272 273 274 281 296 193 192 289 278 288 282 293 301 302 303 308 309 300 299 285 291 284 290 283 286 279 275 276 305 310 304 298 297 280 277 292 295 180 179 194 198 173 169 182 177 184 172 187 188 183 189 88 66 57 54 53 52 42 48 47 44 51 41 43 46 58 63 62 69 75 81 89 98 99 95 90 93 86 72 73 80 74 76 85 84 83 82 92 96 101 102 97 91 71 78 68 67 64 59 105 56 55 50 49 45 40 32 36 37 25 27 3 6 11 22 24 18 30 31 21 29 103 2 : 757.821
1 3 
1 7 11 10 32 30 51 54 55 64 80 73 74 70 69 76 62 63 177 182 196 176 60 160 153 155 156 150 154 145 38 34 134 116 115 112 13 19 27 18 26 20 25 45 49 67 82 71 78 85 79 77 68 89 98 90 92 102 101 96 91 97 99 93 72 83 84 86 81 75 57 58 53 164 210 184 173 66 65 172 169 185 181 191 189 179 180 186 178 187 88 87 190 188 183 197 95 100 94 207 202 201 206 204 195 194 198 203 200 192 301 302 199 306 311 307 205 312 308 300 299 284 280 285 279 291 297 263 268 315 267 261 318 276 298 310 305 304 309 286 283 290 287 303 296 165 166 171 161 149 159 162 152 61 59 56 50 47 41 43 105 40 317 316 48 44 104 52 39 46 42 136 138 147 151 148 146 158 157 163 167 168 174 175 193 170 289 294 295 277 293 288 292 282 281 278 274 271 270 275 273 272 257 254 252 248 253 251 246 235 227 223 215 214 224 245 244 249 247 237 243 238 233 230 228 236 226 219 218 213 222 109 110 212 118 232 143 259 269 266 262 265 264 256 260 258 255 314 229 234 242 144 250 140 139 313 240 239 241 231 225 211 221 216 220 119 217 122 130 142 141 209 129 125 124 208 127 132 133 120 111 4 107 117 126 135 137 35 14 128 131 123 121 114 113 108 106 5 17 16 37 36 8 9 3 15 21 29 31 33 28 22 103 23 24 12 2 6 : 880.711
2 0 
1 66 47 275 223 108 5 9 194 147 61 180 178 254 141 217 18 39 232 134 41 100 201 249 313 132 82 102 68 166 286 283 158 104 156 155 59 98 49 34 46 25 112 296 308 245 38 8 316 62 67 99 97 244 318 105 4 133 236 20 282 186 266 124 148 240 300 259 181 169 230 90 268 279 123 152 246 261 193 287 285 199 79 71 40 267 205 220 130 284 227 258 129 88 196 149 142 234 121 32 122 216 54 151 317 11 43 185 21 30 28 173 56 175 269 304 243 86 162 58 63 203 281 96 35 222 228 168 315 89 248 103 91 136 303 114 225 265 51 16 101 277 189 229 274 241 106 69 310 278 270 213 309 273 299 253 135 298 257 107 145 131 237 231 239 159 26 36 44 212 238 70 29 3 64 24 27 55 262 165 190 140 87 307 76 256 146 22 125 251 117 176 192 179 195 214 224 250 81 209 153 126 74 113 210 235 144 84 7 120 188 252 290 10 208 118 226 219 187 17 167 157 19 92 264 221 164 14 53 163 138 247 72 2 211 170 302 94 182 233 75 207 294 263 73 57 12 77 197 198 52 174 272 204 116 45 311 293 206 31 260 276 255 109 111 48 83 184 137 271 297 183 314 154 280 292 15 202 65 291 119 37 78 139 289 50 127 13 312 95 177 160 85 6 288 215 143 242 301 200 93 191 110 115 23 80 33 161 171 150 172 60 306 295 218 305 42 128 : 5018.49
2 1 
1 181 58 249 167 241 227 166 291 292 289 185 4 112 212 315 129 32 96 142 247 219 263 114 278 147 95 206 190 145 86 101 218 54 307 293 94 143 136 87 51 318 254 228 272 64 45 163 79 84 9 55 30 116 138 211 305 311 172 237 127 16 120 21 43 28 107 217 280 282 200 295 281 117 209 268 309 15 48 302 141 85 183 189 287 252 109 73 49 316 265 310 12 256 113 184 270 223 104 72 262 156 229 106 215 78 57 99 226 60 62 186 261 174 18 273 63 195 14 193 213 119 118 47 39 290 35 74 68 294 203 44 8 201 208 132 259 38 65 243 77 204 75 46 196 164 93 98 250 149 173 216 33 82 178 5 124 126 224 276 170 257 103 303 137 240 25 111 251 238 234 242 205 176 233 24 177 37 36 267 258 50 202 70 255 191 269 157 153 161 225 40 23 10 2 133 165 264 253 283 134 146 19 131 244 135 266 230 221 210 306 279 194 56 162 122 188 89 130 169 239 277 179 92 97 29 27 11 80 66 288 220 222 158 160 26 7 91 61 180 71 20 214 17 110 139 59 88 232 304 100 102 168 125 155 197 312 128 144 148 245 231 298 140 41 235 236 248 296 90 284 76 199 314 34 105 81 69 31 285 246 192 175 171 198 260 297 275 274 313 42 22 108 159 271 13 83 121 53 152 151 154 3 182 123 308 67 52 317 150 6 301 286 300 299 115 207 187 : 5060.1
2 2 
1 161 163 4 6 28 65 184 27 216 263 76 143 249 111 56 236 214 166 175 266 179 190 79 67 160 64 289 227 132 150 246 226 92 81 134 44 138 3 47 173 207 29 310 271 257 194 110 276 123 262 74 89 96 22 77 316 73 183 147 302 277 204 11 253 287 272 66 284 191 192 33 171 142 38 39 295 317 15 165 50 314 99 116 313 118 25 260 308 131 244 141 278 7 152 156 162 268 78 94 288 144 217 291 176 189 182 222 215 275 122 46 258 137 54 106 233 136 133 139 297 151 286 243 128 242 53 193 307 196 120 264 70 200 93 85 52 45 259 274 153 126 19 9 20 115 17 140 248 195 129 208 168 41 269 309 5 145 300 69 210 301 148 75 254 241 32 174 280 101 109 265 88 224 170 206 14 112 172 84 82 230 60 102 202 267 178 72 24 157 87 71 159 312 26 187 146 315 255 107 103 245 247 211 235 124 270 212 42 306 61 201 68 51 83 12 228 225 16 185 62 188 177 219 239 113 256 114 8 167 23 296 294 98 80 158 252 223 251 237 105 58 63 181 186 281 305 290 285 292 130 205 117 231 10 261 199 40 119 240 35 273 213 121 108 21 198 86 48 238 135 100 303 282 18 250 155 229 218 234 59 34 37 125 197 232 169 221 2 149 95 154 31 90 30 104 97 55 91 127 299 318 57 43 209 279 298 304 311 180 49 36 203 293 283 164 220 13 : 5143.26
2 3 
1 29 49 111 20 150 72 92 96 31 125 182 311 287 32 55 2 18 24 107 234 114 218 236 190 199 171 255 193 170 299 100 34 136 127 116 115 243 230 215 244 41 268 263 288 286 293 57 295 267 313 180 158 266 248 246 314 228 272 315 302 270 200 68 58 88 307 256 44 40 10 16 85 316 62 45 69 160 289 185 195 91 274 220 226 216 237 118 134 7 70 187 104 43 117 202 309 204 304 298 169 132 133 106 112 61 318 306 201 194 207 94 102 75 221 239 159 245 252 162 240 83 37 126 121 174 276 147 39 183 130 131 51 77 66 54 12 167 181 53 269 285 260 56 36 283 238 173 179 80 98 78 279 155 74 197 33 28 4 119 249 123 152 198 161 11 67 97 86 301 308 143 232 223 225 213 294 282 14 129 209 296 291 264 153 35 59 63 156 142 141 165 148 124 5 120 212 42 176 164 280 305 281 261 211 128 9 25 27 47 48 13 6 137 210 163 19 250 109 219 253 277 251 300 172 46 38 90 93 140 247 278 262 206 258 273 297 284 271 254 290 303 265 87 189 95 81 139 175 208 22 144 259 241 103 84 64 73 71 191 178 3 292 235 214 229 224 242 231 222 227 108 113 122 15 8 105 50 60 101 151 184 203 205 186 146 168 52 65 79 89 82 257 196 21 23 135 138 217 110 30 157 177 149 310 275 312 192 188 99 76 317 166 233 26 145 154 17 : 3817.29
3 0 
1 193 196 292 43 104 132 47 65 184 69 162 268 246 311 101 303 203 200 60 113 33 169 176 286 301 165 182 191 144 228 35 146 16 80 185 205 312 251 148 155 316 161 44 85 164 159 61 250 153 25 14 114 129 208 135 277 34 296 98 10 64 289 106 26 59 103 171 288 279 309 48 218 23 147 31 276 174 70 142 265 308 213 236 244 224 272 73 163 19 160 139 190 158 84 97 57 15 6 125 95 74 55 201 154 126 22 77 304 226 188 96 317 100 186 138 233 278 282 199 46 156 79 168 305 299 263 223 105 256 143 198 81 214 127 27 128 255 243 242 270 107 45 88 99 290 32 195 119 111 136 11 245 275 253 76 54 257 13 207 122 51 56 72 63 204 291 262 38 49 235 221 231 293 108 94 269 137 134 29 28 283 220 232 310 225 302 75 36 173 20 157 297 41 12 8 2 194 237 130 120 124 215 109 78 82 5 239 254 9 18 180 172 189 298 102 202 37 21 247 280 187 258 281 287 285 115 24 141 229 53 183 170 230 112 3 86 123 133 50 314 42 150 131 7 177 17 87 40 149 241 92 93 240 121 140 167 89 71 210 67 166 145 52 116 260 234 271 175 294 300 90 273 117 307 197 222 249 66 295 178 209 306 267 264 211 68 318 261 181 206 39 83 266 91 179 248 227 4 192 274 259 315 238 313 217 216 252 62 284 219 212 110 151 30 118 152 58 : 5011.94
3 1 
1 199 30 105 138 165 51 124 234 218 102 95 80 16 173 167 303 297 171 224 118 231 39 284 140 282 188 302 275 304 289 106 233 81 159 125 241 244 298 299 239 131 10 189 18 252 85 122 52 301 150 163 98 276 110 112 66 96 111 277 141 47 143 43 76 92 181 168 176 230 226 93 60 103 89 119 174 90 305 250 308 7 33 87 65 256 274 193 25 4 115 86 55 59 72 269 223 288 259 248 300 306 247 61 121 312 177 166 142 114 147 237 262 107 40 64 245 283 292 34 232 84 268 235 220 160 5 36 41 178 100 175 195 263 128 108 214 46 222 179 207 56 265 315 310 200 202 318 38 170 127 22 317 50 82 97 74 187 206 208 219 249 172 63 190 194 94 12 149 296 267 290 295 162 3 17 29 225 221 311 197 253 157 243 192 49 23 215 217 146 242 258 73 180 196 216 69 184 145 257 261 9 21 99 58 24 57 28 164 2 88 11 31 251 161 307 266 133 120 62 26 68 137 236 109 19 8 198 156 136 151 153 287 286 210 291 67 53 20 32 13 77 78 212 14 260 270 264 285 255 27 238 139 228 227 314 113 42 204 191 205 254 201 35 117 116 154 132 48 104 316 148 279 135 37 280 294 209 44 273 213 309 203 71 123 129 75 91 281 183 272 271 126 278 211 155 182 186 54 83 79 101 45 15 134 152 169 144 240 293 70 229 158 185 313 246 130 6 : 4840.44
3 2 
1 133 142 61 311 36 176 85 101 152 213 222 257 252 125 67 129 250 206 188 308 256 262 227 242 82 258 221 174 98 302 102 235 211 22 177 166 219 271 42 292 96 184 255 306 237 111 265 240 231 139 234 69 91 172 34 141 226 247 132 90 148 58 56 12 105 192 312 200 267 299 269 294 100 84 95 187 276 79 70 201 52 298 301 43 138 99 164 189 243 30 87 297 168 220 4 202 21 27 264 118 170 283 171 274 155 117 35 83 198 183 28 25 115 175 23 156 233 300 287 295 180 145 110 253 266 122 104 39 140 88 217 62 127 290 239 280 232 196 24 229 228 223 7 20 94 124 119 209 150 143 38 275 273 259 16 135 106 195 26 3 72 203 116 107 33 46 309 57 281 244 108 8 316 49 44 277 137 14 161 169 48 92 71 197 216 225 173 179 29 89 208 157 126 158 160 248 190 291 246 289 272 66 260 249 19 131 11 73 307 284 146 210 130 215 270 261 97 75 149 286 45 279 178 5 263 165 123 55 194 64 238 103 32 185 40 6 159 186 310 205 251 136 224 230 218 77 278 254 41 93 151 78 86 54 303 47 10 134 53 162 60 241 293 204 31 144 268 282 318 112 128 147 245 191 288 51 76 121 212 304 296 68 120 199 207 167 109 113 285 317 74 193 37 18 9 50 59 65 154 305 153 17 15 13 114 80 81 236 314 63 163 2 182 315 181 313 214 : 5089.59
3 3 
1 120 146 308 88 179 89 206 202 74 75 135 269 195 199 270 244 214 227 149 114 64 151 217 124 109 241 291 228 112 155 316 71 96 201 294 158 191 307 62 168 204 178 233 301 193 17 119 235 108 40 15 22 122 129 144 70 66 65 61 240 215 249 254 314 113 266 299 300 196 145 208 224 226 243 212 148 175 256 315 298 262 239 231 252 49 115 116 36 85 99 83 41 72 67 97 247 160 9 80 63 5 21 23 12 52 169 290 306 285 286 292 287 251 295 143 253 273 259 203 94 68 32 19 77 42 166 156 162 90 82 92 293 283 242 220 133 238 123 234 110 274 296 276 309 282 222 250 117 39 45 30 103 111 150 16 126 29 106 69 182 163 176 8 134 159 59 51 164 18 95 173 3 2 125 141 128 37 210 127 183 312 304 297 153 248 223 264 245 275 271 140 255 185 13 50 101 47 190 170 311 310 167 263 139 280 277 198 281 284 267 104 154 318 102 93 78 197 192 246 258 229 313 142 4 211 272 230 216 218 25 132 184 46 55 84 86 34 33 24 31 43 138 48 60 172 76 58 73 35 136 236 118 219 260 257 225 221 121 137 57 54 44 53 87 91 56 188 207 38 317 189 181 194 205 200 161 186 303 279 288 100 278 305 268 265 157 171 213 261 232 237 165 105 11 20 7 79 81 180 209 152 98 289 147 187 28 107 14 131 27 10 302 174 177 130 6 26 : 3632.6
4 0 
1 3 32 31 29 11 6 10 7 15 21 30 103 22 20 33 27 19 28 23 16 8 18 26 24 17 9 5 14 13 115 111 4 107 106 112 108 114 113 110 119 225 231 232 260 265 247 246 314 143 255 243 242 240 241 139 239 233 237 236 228 234 229 118 109 212 211 216 217 313 238 230 222 221 220 213 227 226 235 218 219 215 224 223 214 244 245 248 318 271 270 263 267 274 165 166 269 315 266 264 257 253 262 268 251 249 252 258 140 131 130 121 123 122 124 208 127 134 133 129 132 142 141 125 128 137 138 209 149 159 61 60 154 34 136 135 120 117 116 126 35 42 47 44 41 46 52 161 169 167 168 210 164 160 152 147 146 148 151 156 150 153 145 39 38 155 162 157 158 163 144 250 259 254 261 256 272 287 294 279 286 289 296 303 309 308 299 300 297 305 310 304 298 275 276 273 284 295 292 192 302 306 205 200 312 311 293 288 280 291 285 290 283 282 277 278 281 170 171 185 186 191 184 177 182 173 198 190 87 88 196 197 94 95 66 65 187 176 172 188 183 189 178 175 180 179 174 181 194 195 193 301 307 199 204 203 206 207 201 202 100 99 80 76 77 86 84 71 85 91 92 96 101 102 97 82 83 78 72 79 73 81 90 98 93 89 75 70 74 69 64 68 67 105 54 51 58 62 63 55 59 56 50 48 40 49 45 316 317 104 36 53 57 43 37 25 12 2 : 766.473
4 1 
1 6 2 3 25 20 23 22 21 29 15 103 12 8 9 17 18 19 33 30 32 31 27 43 46 39 35 34 137 135 111 4 13 125 208 136 132 130 117 133 138 145 153 150 155 160 154 38 152 149 146 147 142 163 162 151 148 131 128 121 141 209 159 156 157 158 161 172 173 169 176 183 185 187 177 65 88 87 100 201 207 202 94 197 190 191 188 196 206 95 99 98 90 86 84 71 85 91 101 102 97 93 92 96 80 73 75 63 61 66 81 77 64 51 50 40 44 58 52 54 59 105 48 49 316 317 55 47 53 134 14 113 108 106 107 112 5 116 115 126 120 127 124 129 123 259 266 274 272 268 275 276 248 271 270 318 249 224 215 214 223 226 219 213 218 229 243 257 262 263 252 253 251 256 250 144 143 260 264 267 254 261 265 258 255 242 118 221 220 225 231 222 110 114 122 119 109 212 211 216 217 246 247 245 244 227 235 236 228 237 234 233 238 230 232 314 240 313 239 241 139 140 166 165 315 269 171 296 299 300 309 308 297 298 304 305 310 273 284 285 291 279 280 283 286 290 294 295 302 301 306 307 311 205 293 292 278 170 281 277 289 282 287 288 193 192 199 198 203 312 303 200 204 194 178 182 181 186 167 168 179 180 174 175 195 184 189 60 210 164 62 69 89 79 78 67 68 83 82 72 76 74 70 57 56 45 104 41 42 37 36 26 16 24 28 7 11 10 : 857.185
4 2 
1 7 12 8 9 106 111 107 4 5 13 34 35 38 39 145 155 160 154 164 210 167 180 169 185 191 190 187 177 182 172 173 161 153 150 162 159 152 147 151 156 149 209 142 132 129 131 121 122 130 123 119 118 217 216 212 211 230 222 232 242 243 240 246 247 253 166 165 265 315 261 256 267 269 260 255 259 266 263 262 251 252 245 244 248 249 318 270 271 276 297 305 304 310 298 275 273 272 284 286 279 290 287 302 312 311 303 308 309 300 291 274 281 282 294 289 277 278 283 296 295 293 288 171 292 170 168 175 181 178 186 194 179 174 87 88 197 202 100 207 206 201 196 94 198 95 70 81 75 73 74 64 59 317 316 45 56 67 80 79 77 72 71 68 82 78 83 84 85 92 91 102 101 96 97 93 98 89 99 90 86 76 69 62 105 57 52 58 46 41 43 51 47 37 36 42 44 104 40 49 48 55 50 53 54 63 61 60 65 66 183 188 189 176 184 203 204 195 193 301 200 205 199 307 306 192 299 285 280 268 264 314 258 254 257 250 143 144 140 139 239 241 238 233 235 236 226 227 215 214 224 223 219 213 218 228 229 237 234 313 231 225 220 221 109 110 114 108 113 124 141 146 157 158 163 148 135 136 137 128 134 126 127 125 138 133 120 117 112 116 115 208 14 18 19 24 32 31 33 30 28 23 20 22 21 29 25 17 27 16 26 3 6 11 15 103 10 2 : 730.164
4 3 
1 6 30 31 32 33 40 49 317 316 55 105 64 69 70 74 81 75 61 66 60 161 162 155 39 164 210 160 169 65 172 177 182 184 191 198 173 176 188 187 183 189 178 185 179 180 181 174 168 167 163 151 152 156 158 159 157 147 148 150 145 154 153 149 146 141 142 209 38 137 35 34 43 46 52 63 80 76 73 72 78 82 67 68 77 93 86 84 92 91 97 101 102 96 99 98 90 89 79 83 85 71 59 57 45 48 56 50 47 51 62 53 58 42 41 104 44 54 37 25 26 115 116 111 106 107 5 4 112 108 117 125 128 208 138 136 126 135 133 121 123 130 132 124 129 131 122 139 240 229 222 218 219 245 248 271 270 318 276 275 297 298 304 310 305 309 303 296 294 278 166 299 300 308 301 306 302 307 312 311 199 289 288 292 295 287 282 281 277 279 284 285 280 273 315 274 283 290 291 286 193 293 192 205 200 194 87 88 95 94 207 206 202 201 100 197 196 190 203 204 195 186 175 171 170 165 262 251 257 261 264 267 272 269 255 252 253 256 268 263 247 246 249 244 224 223 214 215 227 236 228 226 235 313 239 242 259 258 266 260 265 254 314 250 143 144 140 118 110 216 213 212 211 109 217 221 220 225 231 243 238 237 234 233 230 241 232 119 113 114 134 127 120 14 13 18 17 16 36 27 19 24 28 23 12 8 9 3 7 10 11 15 29 21 20 22 103 2 : 742.574
5 0 
1 53 152 35 246 177 276 228 92 73 235 75 44 141 253 78 13 19 209 232 109 83 199 198 146 273 142 98 299 185 115 33 18 30 81 28 289 22 136 148 229 170 128 179 125 293 211 227 52 202 123 61 230 222 64 89 155 157 255 242 220 256 283 11 169 178 316 101 234 131 195 41 307 215 244 262 277 275 304 240 257 117 130 164 266 38 17 85 111 21 174 114 119 183 47 76 67 65 165 162 124 60 287 200 302 296 118 182 303 8 236 197 87 68 37 29 176 150 163 214 4 7 16 278 138 317 192 309 184 313 310 79 59 180 167 49 126 133 144 216 226 121 247 297 3 231 314 161 43 93 305 308 108 219 106 311 224 263 135 63 294 212 127 48 105 252 72 86 91 14 139 181 312 315 94 189 54 134 110 250 243 259 82 295 288 264 166 193 2 15 132 27 31 80 137 306 84 286 66 158 24 55 9 56 50 10 213 74 58 272 147 143 40 208 102 145 113 107 188 201 318 269 51 36 71 281 154 25 122 241 221 12 5 57 151 280 301 172 42 190 191 100 173 245 300 168 69 70 62 233 95 270 251 46 261 279 265 210 99 267 271 175 223 207 34 45 239 6 153 238 129 156 97 140 77 159 171 254 88 104 20 39 149 282 96 217 285 194 90 23 237 258 120 274 298 268 112 32 26 160 116 260 284 225 249 103 186 187 196 204 292 218 291 205 290 248 203 206 : 5145.87
5 1 
1 37 291 275 241 285 48 59 173 259 262 76 187 68 4 215 276 162 55 178 182 249 244 25 220 53 212 5 145 311 254 122 294 279 309 142 149 41 246 134 131 21 160 120 144 128 293 11 6 156 91 97 22 176 224 135 158 300 63 23 67 315 28 40 18 317 84 295 46 43 102 73 79 180 20 110 93 8 103 125 121 75 72 85 278 132 280 253 234 232 94 197 240 204 247 236 183 107 292 245 305 265 166 250 266 167 307 298 219 71 100 198 165 169 36 15 209 163 205 195 242 98 225 188 52 263 200 58 129 27 185 74 104 57 65 78 87 90 283 101 10 297 192 313 143 50 7 190 168 203 49 184 255 284 314 222 44 26 196 306 296 277 14 194 99 199 289 191 175 140 150 267 47 181 51 82 252 318 189 151 88 139 130 228 136 238 111 138 157 312 92 302 171 133 33 290 207 69 30 229 281 299 81 217 286 288 251 287 282 113 13 42 38 127 96 316 186 64 86 208 231 261 141 304 170 193 177 105 24 61 114 35 172 272 270 174 155 3 154 239 39 257 227 12 62 256 223 161 201 159 230 112 210 301 308 66 117 32 60 271 243 237 119 54 211 226 106 17 164 70 303 264 147 152 235 16 273 214 233 77 202 258 310 148 206 146 137 83 118 126 115 89 29 34 45 124 109 56 153 9 108 19 221 269 179 213 248 216 2 274 80 95 260 268 123 116 218 31 : 5093.13
5 2 
1 298 151 139 29 41 49 125 166 250 142 129 110 37 18 222 228 201 238 235 71 43 85 65 128 257 197 136 59 220 245 93 123 138 155 234 69 98 174 185 167 76 207 147 307 252 218 221 108 145 277 19 67 284 293 274 209 121 132 30 86 287 84 45 251 225 56 24 217 118 211 264 267 270 91 36 12 64 210 107 78 46 134 87 116 146 212 3 8 266 171 119 310 273 269 23 33 58 286 231 278 170 311 240 14 189 148 294 160 181 163 105 165 292 100 61 202 13 268 248 258 203 233 101 157 149 223 259 244 241 15 161 127 90 83 38 140 62 316 158 315 313 249 102 97 179 20 227 112 285 255 219 242 300 193 34 120 205 237 135 312 5 99 114 261 302 208 111 173 92 191 186 226 215 314 75 156 243 236 199 262 306 80 153 21 57 35 82 66 198 26 72 178 182 53 39 73 96 206 79 180 159 256 124 283 239 308 271 27 48 22 52 11 2 17 143 94 104 229 81 184 113 253 291 232 7 144 265 304 55 103 290 275 295 152 246 305 175 95 194 296 254 272 301 169 216 88 50 109 162 10 282 280 309 303 195 141 164 263 299 214 44 289 126 9 131 6 154 276 230 89 281 200 28 16 115 318 4 183 279 60 31 172 190 196 77 130 150 133 288 192 177 176 168 25 224 297 247 68 117 74 317 188 70 54 42 106 187 122 63 137 213 47 51 40 32 204 260 : 5089.06
5 3 
1 9 106 115 237 280 278 241 297 271 255 248 314 276 181 188 94 198 281 171 203 144 165 167 269 114 126 129 132 220 151 239 247 210 37 30 18 25 7 83 105 316 317 77 89 261 217 13 127 146 158 235 125 128 8 21 22 57 296 82 46 159 6 40 35 172 103 28 84 64 70 88 266 166 137 253 242 110 229 298 251 224 122 134 109 101 149 227 153 121 130 20 93 67 11 56 54 16 52 4 112 116 113 117 118 221 174 202 2 5 246 190 91 48 31 51 145 23 3 154 240 169 27 183 97 196 65 204 96 213 257 274 315 238 219 212 223 143 53 68 45 133 124 243 283 311 289 244 275 168 231 252 185 95 99 102 43 49 44 26 33 29 104 59 55 155 81 160 197 80 207 98 79 179 147 71 42 138 108 47 292 306 294 277 267 254 265 175 182 194 156 273 215 111 161 75 41 76 163 157 131 288 192 302 170 305 290 256 260 236 245 282 308 291 300 285 284 279 176 61 195 259 218 310 303 263 186 200 66 90 63 34 36 24 72 78 87 142 209 173 295 258 107 140 69 120 189 139 312 193 206 222 293 318 270 180 162 148 19 15 10 62 313 119 208 17 250 268 214 272 307 92 38 150 14 152 60 141 136 12 135 230 216 228 233 234 211 232 225 123 164 264 262 226 304 50 32 39 249 286 199 187 301 299 178 309 287 177 86 85 201 191 205 100 184 73 58 74 : 3567.09
