0 0 
1 31 32 28 12 3 20 21 17 39 58 66 65 177 194 186 179 174 187 191 184 181 193 170 265 266 292 302 307 311 305 310 297 298 304 309 299 301 199 288 293 294 192 200 295 195 168 268 252 256 253 245 218 215 214 231 119 247 223 224 249 244 248 251 254 315 267 233 139 140 118 239 110 208 124 137 126 121 122 212 217 216 221 220 211 225 219 235 143 165 166 286 303 205 175 180 169 178 185 198 189 154 52 53 26 9 25 11 15 103 36 27 16 23 22 14 4 106 8 34 209 108 112 120 60 183 190 188 196 207 100 206 173 87 176 95 98 72 85 82 86 69 79 83 59 316 57 48 54 49 51 105 47 56 78 74 76 62 70 64 96 97 101 91 75 61 150 159 152 146 148 113 135 138 114 109 222 241 242 246 243 314 240 313 213 230 144 257 263 255 259 238 226 228 237 229 232 234 236 227 260 157 158 162 145 155 160 164 149 163 172 269 274 300 296 281 306 308 284 318 272 270 276 283 282 277 258 262 261 171 167 151 250 264 275 271 291 280 290 287 289 285 273 279 278 312 204 203 201 197 94 202 88 81 77 67 92 102 89 93 84 71 68 73 80 99 90 63 210 153 142 116 130 141 156 147 123 131 129 117 111 133 132 13 38 161 182 46 44 37 55 43 41 104 42 136 125 128 134 127 107 5 35 115 18 45 50 40 33 317 24 19 10 29 30 7 6 2 : 1375.25
0 1 
1 15 27 137 13 116 108 110 212 109 217 211 144 119 118 231 221 232 219 234 226 243 230 228 218 215 223 236 227 214 224 244 245 314 257 266 260 259 251 252 248 249 264 267 273 291 284 143 131 134 125 3 8 7 10 29 20 12 19 18 26 9 41 81 73 86 72 96 207 100 94 202 206 95 196 197 178 60 154 160 150 290 277 281 287 274 299 283 280 296 285 297 286 294 307 199 193 265 250 255 272 261 253 271 270 275 309 171 288 289 292 282 170 205 312 308 310 305 304 298 318 269 165 152 148 169 177 176 87 190 189 55 56 39 145 149 179 166 258 315 268 256 246 238 313 225 222 216 142 151 153 162 164 188 167 155 105 43 58 76 80 90 99 66 173 187 70 84 79 77 82 57 35 36 115 14 106 112 25 17 5 107 111 114 122 123 38 61 156 146 4 121 128 124 34 46 48 33 103 23 28 24 21 32 31 37 53 317 49 83 93 98 88 181 163 158 159 157 209 141 130 138 127 126 208 117 129 120 113 233 235 237 229 139 241 213 220 135 133 132 136 147 254 247 239 240 242 140 262 263 276 279 300 303 306 311 302 200 183 65 172 195 175 168 182 198 203 278 192 301 293 295 180 184 210 161 174 186 194 191 185 204 201 69 74 75 62 63 50 59 64 101 85 78 68 102 91 97 92 89 71 67 51 104 45 47 316 40 54 44 52 42 30 11 2 6 22 16 : 1384.56
0 2 
1 6 7 8 19 9 25 16 26 18 23 316 317 56 105 49 30 22 11 28 44 36 27 24 103 20 32 33 37 51 54 45 47 48 42 69 62 63 58 86 96 92 85 72 73 74 52 46 55 40 104 59 50 71 80 76 93 98 102 101 88 100 184 65 185 180 186 191 196 87 176 187 95 197 99 202 181 203 204 201 94 198 210 174 167 162 148 209 137 152 151 146 149 142 128 147 243 239 313 110 238 233 241 314 253 256 252 251 231 213 223 218 221 109 212 211 108 3 2 15 29 21 12 10 31 17 136 107 5 34 35 134 127 117 138 132 208 123 126 116 135 53 79 81 90 188 189 172 155 153 160 150 145 144 193 182 178 164 161 70 75 84 91 97 78 82 83 64 68 67 77 89 207 206 183 173 66 61 177 169 179 194 195 200 302 307 298 304 305 309 279 262 268 248 318 275 271 257 264 286 282 171 295 199 301 303 299 287 296 291 290 300 280 284 283 285 270 310 297 308 306 205 312 277 311 288 294 292 293 192 258 259 269 165 190 175 158 267 246 214 215 224 244 245 249 235 220 140 254 266 265 250 260 255 315 278 289 168 170 281 274 276 272 273 166 143 156 159 163 157 38 154 60 57 43 41 39 124 121 120 113 141 131 217 216 118 261 263 236 227 229 242 240 119 225 230 219 226 222 237 228 247 234 139 232 114 122 129 130 133 125 115 4 112 106 111 13 14 : 1306.01
0 3 
1 8 16 18 145 153 120 313 231 226 244 245 215 224 223 236 229 213 221 225 110 121 123 122 130 211 217 218 219 214 265 269 251 262 243 240 143 255 260 250 258 256 248 318 267 291 279 289 294 296 306 303 290 285 283 272 270 275 253 144 235 242 139 140 220 118 109 212 239 216 119 128 133 134 126 135 125 113 114 208 127 14 137 52 46 44 51 59 56 48 67 80 81 69 73 86 63 164 60 176 168 169 178 187 191 185 95 196 101 96 91 92 102 85 99 100 88 188 179 175 171 180 186 181 166 308 292 281 287 205 295 293 192 193 174 161 163 148 156 151 157 146 147 154 162 150 209 136 241 314 252 264 261 238 234 228 254 257 266 259 230 233 246 249 247 237 227 222 232 315 278 282 286 299 284 310 297 304 309 305 276 298 274 165 277 302 199 271 268 263 273 300 280 301 288 170 189 65 87 61 210 167 159 155 160 149 152 38 35 124 129 132 138 115 106 5 111 108 117 141 142 131 112 116 13 34 158 173 190 200 195 194 183 177 182 172 184 204 311 312 307 203 198 66 37 42 47 105 54 45 103 15 21 31 22 29 32 317 104 20 26 107 4 9 17 36 64 70 89 90 75 76 72 82 84 78 83 79 97 98 94 202 201 197 207 206 93 74 62 316 68 77 71 49 55 57 43 58 53 41 40 30 11 23 50 39 25 33 19 28 24 27 10 7 3 12 2 6 : 1301.27
1 0 
1 31 32 103 25 17 14 134 124 131 141 55 10 11 7 3 8 12 28 36 19 33 49 56 51 62 63 75 99 98 207 100 201 88 89 68 82 85 78 72 84 76 197 198 190 188 71 64 59 80 74 60 65 187 150 163 152 146 156 162 166 168 179 171 277 282 283 300 306 292 288 170 296 304 298 272 263 245 244 249 318 271 276 297 305 273 299 274 281 295 287 130 145 153 157 315 284 285 309 310 291 280 279 268 262 264 257 255 258 248 228 214 223 215 227 234 229 225 217 110 220 211 118 233 109 119 216 213 222 230 238 313 226 237 209 121 117 116 4 5 120 138 135 24 18 16 111 112 115 107 208 125 126 128 35 122 132 241 243 140 139 259 260 254 246 236 218 219 235 224 247 252 253 267 266 314 251 256 269 293 286 275 270 261 250 265 165 185 182 191 194 206 204 94 81 73 61 66 169 173 176 177 167 154 114 123 113 212 221 242 232 231 239 240 144 143 142 161 172 87 196 202 95 189 184 181 180 174 178 199 200 303 308 289 278 294 290 302 195 203 205 193 307 312 311 301 192 175 186 210 164 38 34 149 136 155 37 106 108 13 9 46 42 41 52 58 44 43 53 90 86 96 101 93 92 91 102 97 79 183 158 159 39 160 147 148 151 129 133 137 127 26 27 104 47 50 48 317 105 54 57 69 70 77 67 83 316 45 40 20 21 29 22 30 15 23 6 2 : 1287.89
1 1 
1 27 20 6 10 21 12 17 37 26 16 18 8 112 107 115 116 5 9 3 2 29 23 11 15 25 24 45 51 54 47 44 53 58 61 60 173 87 175 179 184 185 302 192 193 205 312 303 308 295 296 280 285 288 300 299 269 148 160 164 134 13 34 152 144 265 130 123 121 129 133 124 126 146 246 231 242 255 226 240 233 243 247 248 244 252 279 290 291 276 275 318 270 271 273 268 251 256 261 313 241 239 267 263 309 305 310 304 298 297 283 289 284 282 286 287 281 278 168 159 162 156 210 163 158 35 150 132 125 136 127 128 108 110 216 109 220 119 114 117 208 141 138 131 143 259 254 245 223 222 234 238 213 212 217 221 235 227 236 218 224 219 229 230 237 266 262 249 215 214 228 232 225 140 139 118 211 122 113 4 38 147 260 258 314 253 272 274 315 166 250 257 264 165 292 294 200 199 306 311 307 301 277 293 170 171 191 198 174 182 188 186 194 195 204 203 207 206 196 99 102 92 97 96 82 101 86 79 84 67 68 316 49 317 56 48 55 50 22 31 30 28 104 32 46 59 161 151 157 167 169 178 63 62 88 197 201 180 181 172 177 189 100 202 95 81 75 72 83 93 89 70 69 71 77 76 80 64 57 52 41 43 105 73 78 85 91 98 94 90 74 65 187 183 190 176 66 155 153 145 137 135 142 149 209 154 39 14 106 111 120 36 40 42 33 103 19 7 : 1230.94
1 2 
1 21 104 36 24 19 12 8 16 17 5 41 62 206 207 194 203 307 312 199 302 193 170 315 269 271 270 318 249 248 245 219 218 247 243 233 231 212 217 109 211 221 110 239 234 224 244 215 214 223 257 280 273 267 255 266 283 292 301 192 278 290 285 297 300 309 306 303 275 276 246 225 122 115 34 138 208 137 135 126 14 127 128 125 131 148 157 210 168 281 195 158 146 129 133 112 106 124 113 111 116 120 134 142 242 229 235 222 313 237 240 220 241 262 256 252 268 260 296 295 286 279 308 299 304 310 305 298 291 274 264 261 263 253 272 284 289 282 277 293 174 169 181 175 145 60 102 85 71 82 50 46 74 191 159 147 151 123 139 259 143 254 265 258 238 230 236 226 227 228 314 251 250 209 13 4 107 108 114 117 130 232 213 216 121 140 144 118 119 141 132 38 136 35 154 162 149 165 166 171 153 39 52 43 37 30 29 28 27 25 103 33 22 15 2 6 10 31 11 26 32 55 47 40 48 45 44 53 54 73 81 67 75 70 69 84 86 64 59 317 49 56 316 57 61 66 173 201 197 189 187 186 179 160 150 152 156 177 87 190 182 178 180 100 88 90 164 155 167 163 161 65 176 188 196 202 198 204 200 294 287 288 311 205 185 172 184 183 89 99 92 93 98 95 94 78 97 96 101 91 72 79 80 76 77 83 68 63 105 51 58 42 18 23 20 9 3 7 : 1316.16
1 3 
1 10 7 2 28 316 48 45 51 57 41 60 66 87 173 189 183 65 61 72 67 77 78 59 161 155 164 160 43 58 81 80 79 177 185 179 174 184 202 198 94 206 186 266 260 264 268 252 249 247 244 215 219 229 223 245 318 271 261 259 251 253 256 246 236 233 237 218 214 224 243 166 280 275 165 147 158 145 154 209 135 115 14 128 127 126 54 104 20 16 26 25 34 35 38 52 63 64 85 92 91 97 101 68 317 55 53 32 31 15 33 17 9 18 37 36 134 13 107 4 8 27 24 21 29 12 103 11 23 19 22 30 49 50 62 42 39 129 122 110 143 230 228 227 238 241 140 225 217 220 221 109 211 216 212 234 235 226 222 213 114 124 131 130 113 125 137 138 123 117 108 116 141 149 152 157 151 162 167 159 168 175 176 88 196 90 99 188 187 191 194 181 207 201 100 195 172 169 178 180 190 73 40 46 44 47 56 105 86 96 102 75 70 74 89 93 98 71 69 76 83 84 82 95 197 182 163 146 150 210 153 148 144 142 132 136 208 156 273 274 295 283 272 263 262 267 315 284 286 290 282 312 199 203 204 171 288 294 292 265 255 239 232 231 269 170 281 277 278 205 311 302 301 193 305 299 289 296 303 293 300 307 306 200 192 287 291 310 298 285 279 308 309 304 276 297 270 248 242 139 314 257 254 250 258 240 313 118 119 121 133 112 106 120 111 5 6 3 : 1305.88
2 0 
1 4 65 220 313 6 240 241 318 284 265 39 27 263 110 152 144 36 166 159 173 156 80 57 282 17 106 63 309 101 317 91 122 54 103 11 25 20 53 71 281 180 292 114 5 141 184 183 33 107 81 77 280 250 214 272 279 169 297 256 59 84 99 93 42 259 174 203 88 232 55 30 175 154 150 226 128 23 195 242 67 137 44 31 151 47 115 98 72 118 217 192 68 163 316 298 123 178 196 51 182 243 66 252 248 251 215 52 16 231 120 111 126 37 50 78 117 135 96 109 112 304 237 204 193 2 108 216 219 225 245 60 210 74 113 116 260 32 75 267 288 82 249 255 290 142 211 85 197 306 105 205 70 189 58 86 62 133 228 213 46 83 164 230 222 224 121 229 104 8 19 136 127 26 208 7 299 266 236 278 314 100 244 138 167 238 271 56 40 45 227 94 95 200 285 276 125 268 162 311 293 191 235 21 132 10 239 48 131 253 13 38 155 308 212 9 274 310 165 254 261 218 148 158 157 209 146 188 61 171 264 234 221 202 186 312 176 277 247 170 270 289 233 43 129 143 291 301 185 294 286 179 145 257 283 119 305 168 273 201 149 172 296 49 15 134 28 198 22 139 147 262 302 307 18 207 295 199 140 269 303 160 130 76 89 258 153 34 161 300 181 287 87 187 92 73 206 29 24 90 69 97 177 14 12 3 275 41 246 315 79 190 194 223 102 124 64 35 : 4962.18
2 1 
1 181 58 249 167 241 227 166 291 292 289 185 4 112 212 315 129 32 96 142 247 219 263 114 278 147 95 206 190 145 86 101 218 54 307 293 94 143 136 87 51 318 254 228 272 64 45 163 79 84 9 55 30 116 138 211 305 311 172 237 127 16 120 21 43 28 107 217 280 282 200 295 281 117 209 268 309 15 48 302 141 85 183 189 287 252 109 73 49 316 265 310 12 256 113 184 270 223 104 72 262 156 229 106 215 78 57 99 226 60 62 186 261 174 18 273 63 195 14 193 213 119 118 47 39 290 35 74 68 294 203 44 8 201 208 132 259 38 65 243 77 204 75 46 196 164 93 98 250 149 173 216 33 82 178 5 124 126 224 276 170 257 103 303 137 240 25 111 251 238 234 242 205 176 233 24 177 37 36 267 258 50 202 70 255 191 269 157 153 161 225 40 23 10 2 133 165 264 253 283 134 146 19 131 244 135 266 230 221 210 306 279 194 56 162 122 188 89 130 169 239 277 179 92 97 29 27 11 80 66 288 220 222 158 160 26 7 91 61 180 71 20 214 17 110 139 59 88 232 304 100 102 168 125 155 197 312 128 144 148 245 231 298 140 41 235 236 248 296 90 284 76 199 314 34 105 81 69 31 285 246 192 175 171 198 260 297 275 274 313 42 22 108 159 271 13 83 121 53 152 151 154 3 182 123 308 67 52 317 150 6 301 286 300 299 115 207 187 : 5060.1
2 2 
1 12 52 19 167 107 215 103 48 28 34 172 302 276 244 132 156 298 315 15 92 37 18 143 181 206 134 253 269 289 272 30 295 225 10 238 67 237 110 98 282 203 43 189 29 128 209 106 266 216 131 261 260 250 113 198 273 57 278 241 211 69 58 224 49 102 90 196 83 178 226 197 252 40 91 256 151 149 229 257 147 160 17 318 232 227 186 202 109 283 311 126 115 171 317 97 11 3 191 53 118 94 288 63 80 150 112 234 264 255 184 290 20 124 190 316 38 4 220 5 217 144 123 267 39 26 55 310 65 296 279 175 183 293 259 95 47 187 77 23 101 154 287 125 46 210 36 314 16 130 71 161 162 159 78 60 104 33 25 176 24 182 188 291 169 230 247 300 301 22 242 299 85 119 158 100 208 168 275 277 170 21 192 35 180 194 86 45 27 82 111 6 105 222 249 146 64 185 142 155 145 73 308 200 179 231 163 13 122 56 265 84 88 165 157 223 280 297 248 204 235 214 243 312 307 72 195 174 268 218 281 228 61 138 284 251 292 258 164 114 152 309 99 121 173 193 254 201 68 74 76 135 313 177 141 31 137 116 14 50 148 133 263 89 245 44 54 81 62 41 117 96 207 93 87 240 219 129 233 246 108 120 8 79 239 140 285 199 153 139 127 32 2 9 7 294 205 66 70 51 75 305 166 286 306 136 270 212 274 221 236 59 42 271 304 262 213 303 : 5127.42
2 3 
1 21 5 37 213 247 17 12 9 128 108 160 29 10 208 116 257 27 23 227 236 224 121 214 238 215 237 241 139 274 281 306 231 307 162 206 41 76 185 158 233 229 239 171 304 78 90 181 264 289 168 276 278 163 146 150 51 97 52 46 293 309 267 318 119 218 256 217 126 8 4 68 197 94 312 277 282 297 175 220 235 245 248 252 161 190 285 66 69 144 137 65 93 105 79 72 14 7 86 77 216 53 35 207 25 107 129 170 301 196 203 56 124 133 143 314 165 279 311 194 15 40 19 42 38 89 255 313 286 308 298 272 234 140 221 114 228 191 287 157 300 303 199 317 30 111 120 212 132 258 183 99 154 148 260 265 270 145 96 81 88 198 200 149 302 202 135 103 11 20 84 151 110 179 253 284 243 188 184 210 219 123 244 223 125 115 159 172 177 50 54 201 95 195 205 295 155 174 167 283 290 178 186 164 136 189 266 166 44 117 28 169 98 100 249 263 273 122 240 288 269 296 299 63 59 47 22 36 222 226 246 34 138 176 261 242 232 230 250 193 49 85 82 209 67 73 62 83 101 61 24 142 131 192 60 18 71 57 104 48 31 75 316 147 156 152 141 262 291 91 92 173 74 70 134 153 32 58 106 13 182 87 292 271 259 80 2 102 204 294 275 112 26 33 211 109 118 225 127 113 130 280 254 251 268 187 55 16 45 64 43 180 315 305 310 39 6 3 : 3720.42
3 0 
1 72 157 140 187 105 40 26 45 278 300 173 80 24 305 298 75 35 9 244 236 238 108 216 47 17 32 11 217 199 263 258 172 229 159 42 174 296 34 5 22 8 122 149 224 182 19 119 165 237 309 137 43 110 153 116 260 166 175 104 53 291 240 162 283 307 251 239 2 160 81 179 152 88 135 125 161 277 123 231 198 259 200 146 228 270 201 204 183 93 98 285 202 92 7 225 281 85 186 65 143 90 33 16 315 178 189 28 177 268 222 213 226 252 261 36 103 276 274 61 151 205 318 3 139 314 310 67 163 144 171 37 292 272 50 282 58 69 79 127 55 195 197 20 21 233 308 248 114 102 73 313 304 44 89 134 269 275 311 303 302 154 255 196 184 41 316 96 289 265 62 86 138 168 180 167 133 294 227 142 87 76 290 287 214 230 241 220 113 280 185 48 299 95 218 148 312 71 23 13 267 284 203 14 247 271 107 257 207 83 190 82 262 206 235 223 155 297 234 158 279 209 193 84 91 56 136 126 118 46 39 117 132 188 52 74 194 101 264 191 242 38 181 245 288 129 208 301 156 31 141 266 170 221 99 94 111 112 120 295 164 211 130 63 27 64 15 18 12 29 150 115 97 57 70 10 77 256 243 147 100 306 253 293 273 250 109 219 210 176 59 249 121 60 145 286 192 78 54 106 66 215 4 212 124 25 68 131 232 30 51 128 317 6 49 246 254 169 : 5066.77
3 1 
1 148 279 130 6 316 96 199 105 149 259 178 53 268 234 218 102 95 43 80 16 173 167 303 297 171 224 118 24 58 99 21 9 261 143 229 257 145 184 69 216 277 196 186 180 73 258 242 146 217 215 23 49 112 192 243 157 253 197 311 221 225 29 17 3 162 295 168 19 8 135 198 156 136 151 153 75 287 286 294 210 232 291 83 67 124 20 32 13 77 78 212 14 260 270 264 97 74 273 187 206 129 208 231 39 141 284 140 282 30 188 144 275 304 289 54 106 233 81 159 125 241 76 71 244 298 299 239 131 10 189 18 94 228 138 296 267 290 109 236 137 213 68 26 62 120 133 266 203 307 250 172 249 219 57 28 164 2 293 92 88 11 176 31 251 161 155 305 90 174 66 119 89 103 207 60 93 226 211 278 126 271 272 183 281 91 110 276 98 163 150 301 52 122 85 252 194 190 185 63 308 139 44 309 238 27 255 111 285 70 47 82 181 50 317 22 127 280 179 56 265 315 165 200 202 318 38 170 222 46 214 108 128 240 263 195 175 235 100 51 41 36 5 160 220 209 302 169 152 123 134 15 45 101 34 37 292 182 283 245 64 40 107 262 237 147 114 84 142 166 177 312 121 61 246 247 306 300 248 310 288 223 269 230 72 59 79 55 86 115 4 25 193 274 256 65 87 33 7 12 227 314 113 42 204 191 205 158 313 254 201 35 117 116 154 132 48 104 : 5119.77
3 2 
1 32 271 170 163 56 21 6 19 179 278 5 171 277 207 41 54 58 52 203 182 308 87 81 233 114 311 177 310 287 285 143 76 63 120 85 185 83 293 193 136 121 145 256 89 158 117 246 272 255 216 189 288 269 210 72 100 35 22 45 93 50 312 303 262 195 29 275 165 258 235 283 218 53 119 128 213 144 149 315 264 174 67 62 227 280 60 238 279 192 48 220 140 168 223 242 84 154 75 40 248 70 90 64 317 142 314 266 301 204 88 191 274 281 296 160 202 99 95 31 316 103 55 178 139 217 270 28 23 153 104 68 259 201 273 294 313 162 297 181 86 113 116 194 109 173 249 80 190 38 141 175 215 295 49 107 102 16 43 129 166 127 232 132 219 110 12 97 214 212 198 231 34 298 244 228 124 82 101 115 20 234 197 155 27 61 98 78 229 157 14 180 74 309 3 57 7 11 130 257 36 79 253 236 226 250 230 150 302 211 131 15 118 188 59 254 263 299 237 66 8 51 148 261 205 209 24 111 241 108 18 71 42 199 96 30 243 305 147 135 2 44 91 307 25 196 167 187 133 156 290 268 123 65 282 292 252 300 239 240 152 184 267 306 251 172 73 186 284 161 169 164 265 106 225 222 151 4 77 92 37 286 176 47 159 137 138 208 221 200 9 112 126 276 304 247 260 122 318 13 33 39 291 289 146 17 26 94 69 224 245 206 10 134 105 183 125 46 : 5021.96
3 3 
1 120 18 24 194 135 212 243 107 139 158 103 119 124 53 127 153 252 303 245 275 283 95 80 50 59 178 183 172 182 230 23 64 13 8 21 20 44 317 66 90 273 192 197 28 6 35 31 10 38 101 298 195 279 272 299 270 238 144 185 163 206 201 216 221 288 231 115 83 102 93 45 220 234 109 239 219 73 89 188 297 248 152 159 246 223 313 204 165 100 74 71 77 65 150 54 232 286 196 190 284 202 225 235 250 301 207 99 94 189 203 48 36 72 92 161 268 3 33 78 98 68 79 84 274 62 70 191 57 125 2 186 167 52 49 75 12 151 260 97 58 129 122 265 140 256 255 227 314 5 29 137 110 173 67 104 56 86 106 117 211 118 241 280 261 143 258 269 253 309 296 200 96 148 233 88 69 63 39 51 47 46 160 85 87 177 42 81 60 214 226 41 105 82 134 138 262 179 184 187 263 169 14 108 247 282 174 146 4 164 210 208 111 228 76 25 7 171 155 170 278 308 199 293 315 244 305 271 40 316 277 193 307 287 304 281 133 318 285 267 157 147 166 291 176 154 112 130 126 9 141 131 168 266 264 132 121 30 26 209 27 34 237 257 254 213 222 123 113 43 55 145 294 215 276 290 162 181 32 15 128 156 11 114 229 236 249 17 16 22 61 175 180 295 142 217 224 218 240 242 300 302 289 259 251 198 91 149 292 136 312 311 310 205 306 37 19 116 : 3863.04
4 0 
1 36 51 48 40 317 67 98 79 84 82 68 80 75 71 92 96 102 97 101 91 93 64 62 63 43 60 38 50 316 49 89 73 77 86 90 69 81 70 76 59 56 54 78 83 85 72 57 41 37 12 8 23 30 33 31 24 104 22 17 18 115 106 107 112 111 4 113 123 138 135 125 136 147 158 162 152 141 209 131 130 34 129 133 122 127 128 35 61 58 105 53 42 26 25 27 16 9 13 14 5 108 117 120 220 247 252 246 139 146 153 39 126 163 157 151 145 150 154 156 195 307 302 199 306 312 311 193 295 294 200 308 309 299 291 282 285 284 280 289 287 186 185 301 303 305 297 273 255 258 192 205 203 174 88 94 99 74 65 66 187 178 190 204 170 171 315 268 256 250 266 290 274 278 292 281 288 259 251 260 265 165 166 279 300 304 310 298 272 276 244 245 271 270 262 264 267 263 253 257 254 314 221 217 109 110 211 216 212 132 116 134 137 208 121 124 114 241 242 230 222 118 143 140 239 232 240 243 234 235 228 227 226 223 214 215 224 249 318 275 293 296 286 283 269 277 144 261 248 236 229 231 237 238 313 233 213 219 218 225 119 142 148 168 175 177 169 161 155 149 159 172 194 181 179 167 173 176 184 180 210 160 183 95 100 207 201 206 197 198 191 196 202 189 188 87 182 164 52 46 44 55 45 47 29 20 11 7 6 10 15 28 32 19 103 21 2 3 : 1220.87
4 1 
1 2 7 6 316 50 64 51 52 41 317 67 78 89 80 63 42 104 43 47 46 58 57 53 197 198 100 201 206 207 87 98 184 182 60 61 75 73 71 68 86 85 84 77 83 79 93 92 96 101 91 102 99 176 173 168 192 292 278 293 170 309 199 200 312 306 311 302 303 310 304 270 244 245 273 276 290 300 308 307 205 171 193 169 178 185 175 159 162 149 163 158 187 194 180 186 181 179 172 38 54 44 23 9 35 137 34 134 120 112 18 30 32 8 5 107 106 114 113 110 221 213 214 215 223 227 226 238 230 232 235 249 224 228 236 229 218 219 234 239 140 241 314 242 233 222 313 231 225 109 211 220 216 217 212 237 243 240 139 118 119 144 257 266 274 315 281 166 165 265 250 264 267 247 253 255 252 268 248 256 261 246 318 275 305 271 284 298 297 291 195 301 295 296 299 285 282 287 283 280 279 286 272 262 259 142 138 151 269 152 148 155 153 164 210 39 161 66 190 202 95 196 203 204 288 294 289 277 143 263 254 251 260 258 131 124 117 128 122 132 130 123 121 108 111 4 115 12 15 28 16 19 26 36 37 24 27 17 13 25 33 55 56 105 62 69 88 191 145 141 209 150 125 116 127 14 208 126 129 133 135 136 160 154 156 146 147 157 167 174 177 189 65 188 183 94 76 82 48 45 31 29 103 40 70 74 81 49 59 90 97 72 20 21 22 3 11 10 : 1276.94
4 2 
1 6 22 29 24 26 5 13 8 19 30 31 21 27 18 23 33 316 55 58 39 124 221 215 223 214 229 230 216 213 242 313 243 246 234 140 239 144 277 282 192 284 268 253 252 251 263 224 244 245 240 110 149 260 297 310 300 289 273 279 274 290 292 312 309 298 304 305 303 308 299 199 307 302 171 200 306 311 301 205 204 203 158 179 178 174 147 151 141 131 122 121 113 111 128 133 137 136 145 38 46 104 28 10 15 103 20 17 36 161 177 88 195 194 181 182 189 207 75 51 52 42 45 48 44 56 317 54 32 154 155 152 269 166 315 293 296 271 256 235 237 228 236 257 266 272 262 318 248 249 118 233 241 231 138 209 159 162 150 142 35 16 43 37 146 148 117 112 14 4 107 108 116 115 34 153 160 53 63 164 167 163 168 191 196 94 206 93 92 102 98 78 176 184 173 198 188 183 65 190 197 100 95 99 80 76 64 69 72 71 101 83 67 79 70 74 187 180 169 105 89 201 202 86 68 84 82 96 85 97 91 77 73 90 81 66 60 61 210 172 87 62 47 41 40 49 59 50 57 12 11 7 3 25 157 156 287 295 281 288 294 193 175 185 186 165 170 265 259 254 270 275 276 280 291 285 278 286 283 258 314 143 250 264 267 255 261 247 227 219 218 212 211 109 123 130 134 120 208 106 9 125 135 126 132 129 114 139 225 232 217 220 222 226 238 119 127 2 : 1422.37
4 3 
1 22 30 33 28 25 26 16 7 6 12 18 17 10 2 21 103 13 121 113 118 110 221 212 216 111 117 208 128 120 145 142 129 108 115 52 64 73 102 101 72 66 63 62 34 116 125 260 251 296 285 282 171 281 277 284 303 312 200 308 309 310 300 299 289 292 170 291 290 286 272 269 255 259 261 266 267 254 318 270 271 244 247 240 313 229 234 222 265 263 315 314 262 264 276 275 298 304 297 305 278 166 165 192 199 301 302 198 203 195 205 306 293 174 88 173 47 46 43 45 48 44 41 50 55 105 74 86 65 164 162 159 176 172 189 182 186 179 193 204 194 191 201 185 207 202 100 184 183 188 177 76 71 68 78 67 40 51 56 49 59 53 54 42 104 316 317 31 29 15 37 36 39 168 149 160 187 94 87 190 60 209 150 148 146 156 147 161 210 169 181 178 197 95 196 206 97 98 70 81 77 92 89 58 24 19 8 20 3 11 9 4 5 14 133 134 123 122 138 38 155 153 152 151 157 158 163 175 180 167 131 124 136 137 35 126 112 106 107 127 135 132 141 258 140 143 144 242 224 215 245 252 253 283 294 280 273 274 295 307 311 288 279 287 250 139 130 109 211 213 246 256 236 231 239 225 230 217 220 119 257 268 249 248 243 237 218 219 226 228 223 214 227 235 233 241 238 232 114 154 61 75 80 79 96 99 90 83 85 84 82 91 93 69 57 32 23 27 : 1347.9
5 0 
1 88 195 303 21 19 178 38 23 111 52 59 68 64 231 227 307 287 200 166 215 257 228 222 157 160 156 13 308 150 245 183 247 50 41 167 65 314 16 31 251 271 293 18 119 70 35 214 291 151 174 262 312 295 152 210 60 93 37 198 170 162 259 246 143 123 278 136 109 114 179 190 188 220 239 232 2 97 25 148 141 158 9 211 54 172 72 236 121 146 39 212 137 283 86 30 186 269 285 273 7 63 241 87 296 201 173 194 306 96 84 73 192 302 300 297 254 118 276 248 75 98 237 309 275 223 181 67 45 304 197 189 131 4 282 185 26 244 217 122 10 92 36 116 28 225 129 15 268 138 107 164 163 127 242 175 33 252 51 132 265 204 77 55 199 66 315 316 135 281 182 94 153 139 106 260 115 69 49 5 243 126 133 305 270 317 311 42 79 253 187 71 91 20 6 46 216 110 191 218 219 125 47 154 207 48 27 113 205 130 11 277 294 177 99 12 74 250 61 230 256 103 53 108 124 120 14 203 3 95 193 78 208 168 82 180 40 238 318 313 89 234 102 226 298 34 105 286 159 17 62 280 279 264 292 267 29 144 112 57 58 117 233 221 85 104 100 22 32 128 249 261 165 240 101 299 258 169 171 274 145 140 229 266 255 149 209 44 142 24 284 288 196 83 206 184 289 310 235 134 8 176 263 147 76 161 301 272 224 213 155 290 80 56 202 90 81 43 : 5128.22
5 1 
1 37 291 275 241 285 48 59 173 259 262 76 187 68 4 215 276 162 55 178 182 249 244 25 220 53 212 5 145 311 254 122 294 279 309 142 149 41 246 134 131 21 160 120 144 128 293 11 6 156 91 97 22 176 224 135 158 300 63 23 67 315 28 40 18 317 84 295 46 43 102 73 79 180 20 110 93 8 103 125 121 75 72 85 278 132 280 253 234 232 94 197 240 204 247 236 183 107 292 245 305 265 166 250 266 167 307 298 219 71 100 198 165 169 36 15 209 163 205 195 242 98 225 188 52 263 200 58 129 27 185 74 104 57 65 78 87 90 283 101 10 297 192 313 143 50 7 190 168 203 49 184 255 284 314 222 44 26 196 306 296 277 14 194 99 199 289 191 175 140 150 267 47 181 51 82 252 318 189 151 88 139 130 228 136 238 111 138 157 312 92 302 171 133 33 290 207 69 30 229 281 299 81 217 286 288 251 287 282 113 13 42 38 127 96 316 186 64 86 208 231 261 141 304 170 193 177 105 24 61 114 35 172 272 270 174 155 3 154 239 39 257 227 12 62 256 223 161 201 159 230 112 210 301 308 66 117 32 60 271 243 237 119 54 211 226 106 17 164 70 303 264 147 152 235 16 273 214 233 77 202 258 310 148 206 146 137 83 118 126 115 89 29 34 45 124 109 56 153 9 108 19 221 269 179 213 248 216 2 274 80 95 260 268 123 116 218 31 : 5093.13
5 2 
1 26 203 236 255 245 242 38 175 2 180 56 199 128 80 83 55 271 284 309 162 260 214 286 210 250 58 307 282 221 109 294 224 248 155 226 267 45 186 142 126 90 201 174 212 161 158 135 133 46 318 315 73 233 296 279 275 115 32 121 35 192 269 93 77 105 20 291 266 49 178 100 207 102 10 163 251 52 76 147 112 148 288 259 136 154 145 79 123 227 317 305 50 146 134 107 23 68 101 160 140 216 87 229 219 75 263 280 179 189 106 110 125 60 181 184 257 209 177 169 7 139 313 234 144 241 208 213 217 292 306 312 166 113 232 171 99 204 118 48 117 246 159 268 290 57 108 116 129 283 310 297 21 5 127 28 211 238 254 249 277 71 193 12 311 33 11 27 92 86 114 206 247 51 66 220 41 70 300 40 19 230 14 103 120 256 308 228 143 185 122 168 198 111 53 258 138 81 285 225 61 218 98 303 244 298 152 287 299 235 265 17 88 89 316 96 130 36 231 243 22 182 94 151 43 78 202 170 295 262 215 276 200 42 237 97 69 240 85 18 4 91 104 95 64 39 205 301 196 194 34 157 156 59 82 253 63 149 195 16 8 197 164 24 31 272 191 30 29 173 190 281 165 74 273 119 304 302 84 223 252 54 188 62 187 314 222 44 150 13 183 270 278 264 289 293 124 6 15 3 72 9 37 153 141 261 131 167 172 65 274 176 132 137 47 67 239 25 : 5099.13
5 3 
1 97 92 220 109 299 252 313 168 186 207 98 312 123 195 185 301 284 138 240 216 244 285 318 309 272 277 158 288 208 26 25 17 302 184 161 193 80 10 40 100 42 28 8 3 156 96 61 154 209 136 114 228 259 164 54 204 177 260 310 210 38 222 233 254 236 297 278 266 286 60 103 35 56 151 226 110 243 281 205 315 274 178 181 173 113 257 289 249 166 137 30 12 33 29 255 189 94 221 247 122 18 116 108 62 6 134 107 135 39 101 71 293 245 163 248 157 155 292 188 68 202 89 317 127 41 52 90 150 308 69 95 203 311 172 36 23 192 147 316 4 125 159 194 187 179 213 106 121 139 105 72 124 196 117 130 241 303 218 275 264 239 211 180 282 215 234 270 304 298 307 67 59 153 300 45 47 24 9 22 48 53 50 11 16 43 201 77 146 273 118 111 31 132 65 87 83 86 82 174 267 133 237 5 231 258 251 224 223 219 305 256 279 206 183 198 175 58 265 269 271 291 140 169 170 314 176 141 160 88 74 70 85 152 27 20 225 227 262 238 102 190 104 148 280 144 129 34 76 91 84 78 81 79 182 171 306 295 200 250 49 32 15 14 7 197 162 199 296 287 112 119 229 167 235 263 268 143 294 99 46 57 13 2 21 63 145 126 230 242 212 44 142 37 55 64 191 165 75 66 131 73 93 149 120 115 253 246 217 232 261 51 290 283 276 214 128 19 : 3941.75
