0 0
1 2 6 7 10 11 15 21 22 29 103 20 23 28 30 31 32 33 27 24 19 16 17 18 25 26 37 36 104 44 47 51 54 57 58 53 52 46 43 41 42 39 38 35 34 14 13 115 116 120 208 126 127 134 137 136 135 125 128 133 138 132 129 124 117 121 123 130 131 141 142 147 146 148 151 157 158 167 163 168 164 210 162 159 149 152 153 155 160 161 182 184 194 195 204 203 198 196 197 201 202 206 207 100 95 94 88 87 190 188 187 183 176 65 66 70 69 74 75 81 73 76 80 86 89 90 99 98 93 102 101 97 96 92 91 85 84 83 82 78 71 68 67 79 77 72 64 59 317 316 55 50 48 45 40 49 56 105 62 63 61 173 172 60 154 209 145 150 156 177 189 191 185 175 179 174 186 180 178 181 169 171 192 294 296 293 193 290 275 274 280 291 263 262 256 272 266 250 254 270 271 298 305 248 249 223 247 226 241 242 259 268 276 285 284 310 273 267 258 255 144 143 140 139 232 239 238 237 166 165 269 315 265 251 281 286 289 282 288 292 301 307 205 302 309 295 277 287 299 311 312 304 303 199 200 306 308 300 283 253 314 257 260 170 278 297 279 264 229 225 236 228 215 231 313 233 243 240 230 235 234 214 222 218 227 245 318 244 246 224 252 261 213 219 110 109 211 212 216 217 220 221 118 119 122 114 113 108 106 107 111 112 4 5 9 8 3 12 : 848.765
0 1
1 2 6 7 10 11 15 103 21 22 29 30 31 32 104 40 49 316 317 59 105 64 67 68 71 78 82 83 85 91 92 96 97 101 102 93 98 99 90 89 86 84 79 77 72 73 76 80 81 75 74 69 70 63 62 56 55 50 48 45 44 47 51 54 57 58 53 52 46 43 41 42 39 38 145 154 150 153 155 160 161 164 60 61 66 65 172 173 176 183 187 188 190 87 88 94 95 100 207 206 202 201 197 196 198 203 204 195 194 191 189 184 182 177 178 181 185 186 180 179 175 174 169 210 167 168 166 165 171 170 281 278 277 274 282 287 289 283 286 290 300 299 296 294 288 292 293 295 192 193 199 200 205 312 311 307 306 302 301 303 308 309 310 305 304 298 297 276 275 271 270 318 248 249 245 244 223 215 219 230 241 144 143 140 238 222 221 225 231 212 213 109 227 236 228 234 250 255 259 260 267 256 263 268 272 273 279 285 291 284 280 253 257 258 264 252 262 254 251 261 265 266 315 269 314 247 242 246 235 226 224 214 229 233 232 240 13 35 34 138 209 149 152 156 159 162 158 163 147 148 146 157 151 142 141 122 121 117 124 137 135 136 128 133 132 129 131 130 123 114 108 106 107 112 125 134 127 126 208 120 116 115 111 4 5 113 110 217 216 220 211 243 237 313 218 119 139 239 118 16 17 14 18 25 26 36 37 19 33 24 27 28 23 20 12 9 8 3 : 633.234
0 2
1 3 8 9 14 13 5 4 106 107 111 112 115 116 120 208 126 127 134 135 136 137 34 35 39 38 145 209 138 133 128 125 117 108 113 114 122 121 123 130 131 124 129 132 141 142 147 146 148 151 149 152 156 159 157 158 163 162 61 203 172 173 177 182 174 175 168 167 210 60 66 65 176 183 187 188 190 198 207 206 202 201 189 192 311 310 275 265 260 252 249 251 170 287 309 303 205 200 290 274 298 305 279 284 294 288 277 285 289 281 171 166 165 268 144 143 278 255 259 257 256 263 273 272 299 280 267 269 283 286 304 276 291 292 293 301 296 193 295 302 199 307 312 306 308 300 318 297 253 261 314 236 247 224 213 226 248 245 223 214 237 234 230 233 271 282 250 266 264 270 235 229 246 254 244 243 242 241 240 239 238 231 313 225 228 227 215 219 218 222 232 110 109 211 212 216 217 220 221 118 119 139 140 262 258 315 204 195 194 191 184 179 180 186 185 181 178 169 164 154 150 153 160 161 155 73 76 80 81 75 69 74 70 88 95 94 100 197 196 87 90 89 86 93 99 98 102 101 97 96 92 91 85 83 82 78 71 68 67 84 79 77 72 64 62 63 58 53 52 46 43 42 41 44 47 51 33 27 24 19 12 16 18 25 26 17 37 36 57 105 59 56 55 50 48 45 49 317 316 40 104 54 32 31 30 28 23 20 103 29 22 21 15 11 10 7 6 2 : 900.683
0 3
1 2 6 7 10 11 15 103 21 22 29 30 31 32 33 28 23 20 19 24 27 25 26 36 37 42 43 46 52 53 58 57 54 51 47 44 41 104 40 45 48 50 55 56 49 316 317 59 105 62 64 73 76 80 86 79 77 72 67 68 71 78 82 83 84 85 91 92 96 97 101 102 93 98 99 90 89 81 75 74 69 70 63 66 65 172 173 176 183 187 188 190 87 88 94 95 100 207 206 202 201 197 196 198 203 204 194 195 193 192 199 200 205 312 311 307 306 302 301 303 308 309 310 305 304 298 297 248 247 272 283 289 294 287 290 296 284 280 271 318 279 300 299 286 282 274 239 109 218 225 212 231 229 223 244 227 224 276 291 275 256 249 264 263 246 236 140 141 146 226 257 233 122 130 139 145 265 259 273 260 143 110 211 216 266 166 255 165 163 158 142 157 147 152 149 148 156 151 159 162 168 174 175 179 178 181 180 186 185 191 189 184 182 177 169 210 167 171 170 295 293 292 288 281 278 277 315 267 253 262 261 268 285 269 144 241 243 237 214 230 221 124 129 209 150 153 155 160 161 154 38 39 164 60 61 133 128 125 123 119 238 240 118 228 217 232 219 250 251 254 314 235 245 270 252 258 222 213 215 234 313 242 113 114 220 132 131 138 121 117 108 115 107 4 5 18 16 9 8 17 14 13 34 35 137 136 135 127 208 134 126 120 116 106 111 112 3 12 : 961.252
1 0
1 3 12 19 24 27 26 25 18 16 17 8 9 5 4 106 107 111 112 115 116 13 14 120 126 208 125 128 133 124 129 132 138 137 136 135 127 134 34 35 39 38 145 209 141 142 131 130 123 121 117 108 113 114 110 211 119 122 118 220 216 232 243 223 247 219 213 214 218 239 225 227 233 245 224 235 254 260 250 253 252 314 256 268 315 264 251 246 270 271 269 262 277 278 272 267 258 229 221 234 222 231 230 241 242 237 313 109 217 228 215 143 144 140 139 240 236 226 244 212 238 248 276 261 265 257 255 259 266 273 318 310 305 291 274 280 285 298 279 284 296 307 199 205 312 311 306 295 192 193 301 289 275 249 165 166 154 150 153 155 160 156 152 149 146 147 148 151 157 158 163 159 162 161 61 60 164 210 169 167 168 186 180 179 174 175 171 170 281 283 299 308 303 288 292 286 290 293 287 304 300 263 297 302 200 294 309 282 194 195 204 203 198 191 185 181 178 177 182 184 189 190 196 197 201 202 206 207 100 95 94 88 87 188 187 183 176 173 172 65 66 70 69 74 75 81 73 76 80 89 90 99 98 93 102 101 97 96 92 91 86 79 77 72 84 85 83 82 78 71 68 67 64 63 62 105 56 55 50 48 45 49 59 317 316 40 104 44 47 51 54 57 58 53 52 46 43 41 42 37 36 33 32 31 30 28 23 20 103 29 22 21 15 11 10 7 6 2 : 863.519
1 1
1 2 6 7 10 11 15 21 22 29 31 32 104 40 316 317 49 45 48 50 55 56 59 105 57 54 51 47 44 41 42 43 46 52 53 58 62 63 70 69 74 75 81 80 76 73 64 67 68 71 78 82 83 85 84 72 77 79 86 91 92 96 97 101 102 93 89 90 98 99 95 94 100 207 206 202 201 197 196 88 87 190 189 188 187 183 66 65 176 173 172 169 177 182 184 178 181 185 191 198 203 204 195 194 186 180 179 174 175 168 167 163 158 157 162 159 156 152 149 151 148 146 147 144 143 250 258 260 315 279 293 295 288 292 302 301 287 290 291 280 298 300 285 284 286 283 289 274 264 262 256 273 269 266 265 252 248 236 215 214 216 217 212 109 219 233 313 225 139 140 242 241 240 230 243 227 223 244 314 254 255 267 246 261 218 229 237 235 247 238 239 232 231 234 224 226 245 263 268 253 257 275 249 271 318 310 308 309 304 272 259 165 166 171 170 277 278 281 294 296 192 193 200 199 299 276 282 270 297 303 312 205 307 306 311 305 251 228 222 213 220 118 119 221 110 211 114 113 117 13 111 14 34 35 26 25 18 17 16 8 9 5 116 134 128 133 126 4 108 106 107 112 115 120 208 125 138 132 129 124 122 121 123 130 131 141 142 127 135 136 137 61 60 164 210 155 160 161 153 150 145 209 154 39 38 37 36 33 27 24 19 20 23 28 30 103 3 12 : 784.713
1 2
1 2 6 7 10 11 15 21 22 29 103 23 28 30 31 32 33 36 37 104 40 316 317 49 45 48 50 55 56 59 105 57 54 51 47 44 41 42 43 46 52 53 58 62 63 70 69 74 75 81 80 76 73 64 67 68 71 78 82 72 77 79 84 83 85 91 92 96 97 101 102 93 86 89 90 98 99 95 94 100 207 206 202 201 198 197 196 88 87 190 188 187 183 189 191 194 195 203 204 200 199 205 312 311 307 306 303 302 301 193 192 295 294 293 292 288 281 278 277 282 287 289 296 290 286 283 279 280 284 285 291 299 300 308 309 310 305 304 298 297 276 275 318 270 271 315 274 272 273 262 264 254 255 258 252 256 233 240 226 220 118 144 143 235 217 114 228 234 239 119 219 263 268 267 250 242 241 231 313 213 221 225 238 257 265 251 259 269 165 166 171 168 167 170 230 140 232 314 246 253 243 139 109 212 216 218 229 214 244 245 249 248 215 223 260 261 266 237 236 247 224 227 222 211 113 121 110 131 141 209 149 152 156 159 162 163 158 157 151 148 146 186 180 179 175 174 185 181 178 169 210 161 160 155 153 150 145 154 164 60 61 66 65 176 173 172 177 182 184 147 142 130 123 129 132 124 133 135 136 137 117 120 125 108 115 111 107 4 106 112 127 126 208 128 134 39 38 34 138 122 35 116 13 14 5 9 8 17 16 18 25 26 27 24 19 20 12 3 : 748.474
1 3
1 2 6 7 10 11 15 21 22 29 30 31 32 33 36 37 42 41 43 46 52 53 58 63 70 69 74 75 81 73 76 80 86 79 77 72 64 62 105 57 54 51 47 44 104 40 49 45 48 50 55 56 316 317 59 67 68 71 78 82 83 84 85 91 92 96 97 101 102 93 98 99 89 90 95 100 207 206 202 201 197 196 94 88 87 66 65 61 60 39 38 145 209 149 150 154 153 155 160 161 164 210 162 159 156 152 148 151 157 158 163 168 167 169 172 173 176 183 187 188 190 189 184 182 177 178 181 185 191 198 203 204 195 194 186 180 179 174 175 171 170 278 281 288 292 293 294 295 192 193 199 200 205 312 311 307 306 302 301 303 308 309 310 305 304 297 298 300 299 296 289 287 282 277 274 279 284 283 290 286 291 285 280 268 248 271 264 256 272 276 318 261 267 255 245 243 315 165 166 235 259 251 224 214 227 238 211 109 108 114 130 123 113 208 117 120 116 115 112 111 107 106 4 5 14 13 121 122 142 139 244 260 254 253 262 266 257 229 263 258 265 250 237 218 232 230 225 242 143 144 118 234 233 240 239 222 213 216 313 246 228 241 226 314 236 247 215 223 249 270 275 252 269 273 147 146 141 132 131 110 140 119 231 220 219 212 217 221 129 124 128 126 127 134 135 133 125 136 138 137 34 35 9 8 3 12 16 17 18 25 26 27 24 19 28 23 20 103 : 796.684
2 0
1 2 6 7 10 11 15 21 22 29 30 31 32 33 48 186 303 194 118 257 254 13 122 115 156 266 174 160 39 275 68 196 198 58 41 237 229 59 56 82 93 80 292 276 95 299 147 294 175 192 250 234 211 212 143 113 18 129 293 305 291 219 119 106 26 114 38 206 274 221 138 8 12 3 146 264 207 220 149 215 227 127 148 179 162 231 297 171 247 265 283 180 101 91 284 183 130 242 261 185 202 46 235 150 310 34 226 120 144 188 69 47 317 55 128 81 89 190 159 241 248 182 71 187 165 236 252 205 307 161 213 271 109 57 84 300 295 256 169 65 74 172 222 121 296 139 214 131 36 133 37 181 287 298 233 263 240 124 117 315 107 251 243 141 135 153 177 232 173 158 203 79 51 90 309 268 282 195 140 258 217 314 286 125 111 244 230 4 5 216 163 269 311 253 223 108 301 313 224 280 168 281 85 50 316 40 49 289 154 35 259 99 170 312 176 255 302 112 14 245 94 87 77 52 126 208 123 166 246 218 157 132 279 270 318 193 76 191 66 62 105 64 54 44 189 145 239 9 262 273 184 88 75 72 42 63 43 290 285 272 25 19 24 27 164 98 306 70 151 116 100 78 260 110 17 16 53 201 92 155 210 197 204 249 104 134 200 45 225 61 60 288 277 67 308 304 83 152 96 97 86 167 142 238 136 267 102 199 73 137 228 209 178 278 23 28 20 103 : 4195.88
2 1
1 115 110 264 219 204 220 175 180 150 184 123 106 63 190 58 237 217 296 224 236 192 78 173 290 68 145 254 295 31 33 57 297 292 170 144 107 231 203 188 178 193 282 165 314 162 289 125 235 141 298 229 232 168 102 185 45 104 316 261 151 167 288 306 52 74 199 248 13 160 26 25 18 127 276 230 42 198 70 22 21 7 257 117 302 313 139 109 166 138 281 213 240 146 56 91 32 8 134 112 161 311 177 179 122 40 312 291 195 38 97 275 270 76 255 176 101 83 142 95 88 99 24 23 6 2 208 221 51 14 222 164 207 301 225 308 187 284 206 158 39 34 16 60 30 251 86 280 258 274 210 66 121 234 241 260 157 183 159 205 265 256 35 169 11 189 299 305 182 48 293 200 191 143 196 294 172 226 201 9 54 253 20 84 85 3 82 77 310 317 140 242 129 29 105 163 212 79 4 135 36 194 50 43 197 80 278 223 269 15 10 153 211 131 119 137 49 41 209 268 94 114 152 279 250 148 233 186 155 271 181 252 27 273 118 92 247 69 315 227 239 19 244 214 300 246 307 73 61 100 318 277 116 228 303 283 238 272 55 111 136 286 28 87 53 113 132 124 174 171 98 72 71 154 304 245 89 46 309 147 120 128 126 202 262 108 37 44 62 65 287 93 67 17 75 47 90 130 243 149 156 5 285 266 263 216 12 267 103 249 259 215 218 133 64 96 81 59 : 5049.82
2 2
1 2 213 298 146 68 98 287 93 210 91 74 57 155 214 143 263 244 270 75 145 310 293 39 110 215 115 234 254 54 90 251 116 158 129 226 113 275 99 299 152 28 45 157 288 190 246 165 230 257 140 176 171 228 13 308 195 211 177 60 38 108 202 196 256 137 245 92 207 125 317 16 71 253 302 119 46 242 218 17 183 104 197 232 118 265 267 227 127 174 47 29 27 87 147 249 217 114 43 238 50 283 33 78 219 101 148 290 259 4 106 163 179 284 247 156 65 303 258 187 285 279 138 131 272 243 164 96 44 32 15 11 316 5 201 274 34 139 271 223 312 170 189 64 311 35 278 294 221 180 191 150 266 248 153 237 124 184 56 260 23 8 169 240 220 120 159 89 296 239 151 292 81 51 24 49 173 206 198 309 216 318 236 128 111 175 112 142 306 10 82 48 204 185 300 84 133 20 40 273 250 291 268 107 18 53 36 59 55 62 67 94 63 212 307 122 269 162 144 304 79 73 167 282 168 233 193 100 141 264 109 252 61 172 301 277 314 117 41 194 192 200 225 280 295 281 315 235 209 95 102 97 85 30 7 6 42 161 229 160 134 289 77 188 261 276 130 205 149 86 9 121 178 14 255 181 58 186 76 132 166 182 66 123 69 72 31 105 70 83 25 21 154 19 199 286 22 52 80 136 88 37 26 135 203 103 126 231 313 305 241 208 262 224 12 222 297 3 : 5037.93
2 3
1 2 6 7 10 11 15 103 21 22 29 32 31 30 20 23 28 33 27 24 19 12 16 17 18 25 26 36 37 42 41 43 46 52 53 58 57 54 51 47 44 104 40 45 48 50 49 316 317 59 55 56 105 62 63 203 202 60 61 187 177 66 176 65 274 184 198 194 301 156 257 165 279 288 294 260 265 232 313 241 225 218 216 243 220 118 106 211 109 234 261 238 285 308 159 292 286 305 262 130 132 127 126 131 141 215 160 278 272 227 110 242 245 252 168 273 235 142 214 124 128 137 145 154 150 149 151 315 267 293 205 300 157 163 289 310 119 263 209 38 39 153 228 304 309 204 296 290 295 35 34 134 208 120 136 125 135 129 123 117 138 147 158 299 213 224 143 271 180 175 276 251 166 297 114 246 121 253 275 139 155 258 195 207 287 193 244 298 283 186 162 255 306 161 201 100 179 192 200 164 312 146 199 152 282 303 291 318 269 314 240 233 217 170 250 221 223 226 112 111 107 113 270 144 248 185 99 92 77 79 72 85 96 69 90 172 173 189 190 191 206 197 196 302 307 167 210 277 171 256 264 148 259 280 222 236 284 174 311 181 95 102 101 74 91 68 97 71 93 73 80 70 87 98 88 94 81 76 64 89 84 83 78 86 67 82 75 183 188 182 169 178 281 140 13 14 5 4 249 254 122 237 229 266 231 247 239 108 268 219 230 115 212 116 133 9 8 3 : 2339.92
3 0
1 9 8 105 227 294 177 62 317 97 176 202 188 314 174 89 90 92 67 63 181 42 43 46 191 143 265 88 257 184 148 292 165 299 297 315 228 246 270 268 308 199 295 290 193 185 198 207 69 73 82 83 91 71 68 93 81 76 98 280 171 86 59 57 54 47 51 80 79 84 99 55 50 77 303 226 237 293 175 155 39 156 150 144 164 275 168 178 180 271 276 122 262 209 136 208 124 118 219 235 318 160 286 113 211 233 129 128 266 272 282 277 223 157 190 312 256 194 187 183 281 260 138 34 35 13 95 49 316 101 96 56 102 162 170 167 309 287 238 241 311 307 221 232 212 166 159 269 195 196 210 161 94 253 245 179 229 230 139 130 109 131 278 137 259 119 225 252 284 189 197 301 240 263 123 152 151 153 300 249 251 203 206 192 305 218 125 135 108 112 4 106 107 116 115 36 33 32 31 30 29 22 21 15 11 10 7 6 2 53 58 289 65 100 132 243 169 121 140 120 134 145 37 236 204 220 146 126 117 242 239 222 214 215 279 250 158 163 255 201 172 264 304 244 298 283 52 104 41 44 45 40 48 74 78 66 64 182 186 87 274 70 75 85 200 291 247 111 147 141 213 302 258 254 273 310 296 60 154 261 234 217 285 205 72 38 248 173 313 26 16 14 3 12 19 20 24 27 25 18 17 133 149 61 306 231 142 288 110 5 127 224 267 114 216 28 23 103 : 3216.8
3 1
1 108 117 136 47 78 56 138 230 4 222 200 302 192 233 90 59 80 160 301 310 289 287 290 283 232 237 81 51 44 41 312 25 52 95 294 191 63 265 113 211 243 185 137 125 221 8 119 163 304 43 77 31 67 149 272 280 261 193 140 159 224 266 14 24 19 55 292 220 186 162 286 298 130 218 85 231 248 299 296 238 40 212 240 255 209 147 5 300 87 91 150 182 72 151 208 69 267 318 258 270 308 173 54 203 58 48 28 180 65 53 207 115 204 214 275 37 127 215 245 7 144 143 79 176 183 17 23 6 34 174 133 153 156 123 18 106 114 139 158 9 30 297 167 13 82 256 259 282 293 39 168 116 126 134 26 288 276 104 155 307 278 262 2 314 89 96 99 71 157 284 46 61 121 210 252 141 86 66 223 306 235 135 110 242 94 101 109 129 161 132 15 279 145 36 105 35 244 246 219 196 198 102 111 199 216 281 250 57 50 165 181 241 75 42 189 12 142 45 171 83 154 11 73 228 213 195 172 33 197 277 122 234 148 118 146 124 64 316 98 205 309 229 206 253 226 227 268 202 315 313 285 3 100 184 273 178 177 68 20 103 22 32 194 217 166 188 120 239 260 16 175 93 295 107 60 179 254 257 70 62 49 170 201 92 187 76 131 236 274 263 128 251 317 164 169 152 305 264 269 311 190 303 249 271 291 112 97 10 29 88 225 21 27 84 247 74 38 : 4984.52
3 2
1 293 264 135 127 116 265 241 256 141 313 244 193 182 276 75 86 89 92 71 48 178 221 282 37 3 23 50 250 9 300 314 154 316 254 208 134 200 161 6 299 312 232 143 184 22 207 192 132 126 187 249 197 171 196 183 162 115 257 14 225 218 305 275 253 240 21 147 213 281 39 138 93 153 228 210 173 301 199 255 224 280 76 223 168 74 40 122 181 194 29 27 42 217 82 289 70 96 302 53 63 62 61 286 246 226 195 198 204 270 145 230 121 130 151 46 239 283 279 144 34 33 18 268 310 52 8 252 125 44 296 220 101 150 231 133 104 128 87 233 163 64 97 95 160 273 205 309 243 169 209 318 51 211 124 248 186 142 45 77 271 36 56 72 216 25 152 32 272 269 285 117 214 304 287 188 235 114 80 28 103 260 158 277 13 68 105 108 67 19 262 234 229 222 119 308 298 237 258 263 60 118 219 47 109 55 5 179 159 98 136 43 69 84 78 49 57 172 191 139 4 113 26 297 303 164 140 251 261 247 185 157 131 284 202 245 227 17 31 206 176 274 278 38 165 11 259 120 58 79 15 20 41 83 317 91 2 166 212 238 16 112 110 295 177 307 189 236 12 266 180 167 215 242 102 88 288 66 203 201 267 30 24 315 99 294 10 107 81 54 111 290 174 123 94 100 170 306 292 149 190 175 90 35 106 156 155 137 148 129 146 291 73 311 7 65 85 59 : 5092.25
3 3
1 2 6 7 10 11 15 21 22 29 32 31 30 103 20 23 28 33 36 37 42 41 43 46 52 77 79 207 194 177 90 196 87 61 60 102 58 53 68 80 73 76 69 70 183 186 171 178 181 204 200 279 193 258 214 228 305 318 247 240 140 248 221 220 216 212 211 223 233 235 142 149 148 157 152 65 83 93 97 201 74 95 91 86 81 78 96 92 85 98 99 94 182 282 215 230 110 234 232 237 313 268 314 260 288 308 168 266 278 294 292 180 169 291 141 250 165 170 257 286 166 243 244 298 147 146 252 122 130 131 139 225 121 272 264 245 289 310 88 309 300 231 224 219 275 179 199 306 188 285 172 270 253 251 241 239 226 218 229 304 254 255 281 311 163 164 209 150 156 210 174 185 198 203 297 274 312 295 263 236 262 238 290 261 246 118 119 242 249 315 143 267 301 307 287 299 173 161 155 145 39 38 154 160 162 153 159 167 175 192 277 303 195 66 202 84 89 62 63 72 82 71 67 316 317 40 44 54 47 57 105 59 50 45 104 48 51 56 49 55 64 101 75 206 197 205 283 296 302 280 276 273 256 265 158 151 184 176 191 189 293 284 271 227 222 213 113 114 217 259 109 269 144 123 126 127 134 133 128 125 117 124 129 132 138 135 136 137 34 35 208 190 187 100 120 14 13 116 115 108 106 107 111 112 4 5 8 9 17 25 18 16 26 27 24 19 12 3 : 1940.34
4 0
1 3 8 9 12 103 20 23 28 19 24 27 26 25 18 16 17 35 34 137 136 135 134 127 126 208 120 14 13 116 115 112 111 5 4 107 106 108 117 125 128 133 132 129 124 113 114 110 109 217 216 212 211 213 218 219 215 214 223 224 244 245 263 268 283 286 264 267 269 143 259 254 262 272 258 260 256 275 279 166 171 168 167 163 158 157 147 148 151 160 161 210 164 61 60 176 173 172 177 182 184 189 183 187 188 190 87 88 95 100 207 206 202 201 94 197 196 198 191 178 181 185 194 195 203 204 200 199 205 312 311 307 306 302 301 193 192 174 186 180 179 175 170 165 169 162 159 156 152 149 146 141 142 144 139 241 242 140 255 250 247 257 266 253 270 271 297 310 309 303 308 304 305 295 280 299 282 281 292 288 296 300 284 276 290 278 277 274 287 293 294 289 291 248 318 249 315 298 273 285 243 238 237 236 235 228 226 227 246 234 229 239 232 240 314 233 230 222 231 313 225 221 220 118 119 122 121 123 130 131 265 251 261 252 138 209 145 150 153 155 154 38 39 65 66 63 62 70 69 74 75 81 90 89 80 76 73 72 77 79 86 93 99 98 102 101 97 96 92 91 85 84 83 82 78 71 68 67 64 105 59 317 316 40 49 56 55 50 48 45 104 44 47 51 54 57 58 53 52 46 43 41 42 37 36 33 32 31 30 29 22 21 15 11 10 7 6 2 : 731.03
4 1
1 2 6 7 10 11 15 21 22 29 30 31 32 104 44 41 43 46 52 53 58 57 54 51 47 45 40 316 317 49 48 50 55 56 59 105 64 67 68 71 78 82 83 85 84 72 77 79 86 91 92 96 97 101 102 93 98 99 90 89 80 76 73 62 63 70 69 74 75 81 88 87 94 95 100 207 206 202 201 197 196 198 194 195 203 204 200 205 312 311 307 306 199 302 301 303 296 299 300 308 309 310 305 304 298 297 276 275 271 270 318 249 248 245 244 224 223 214 215 219 218 213 211 212 109 216 217 220 221 241 232 240 142 141 146 148 151 147 152 159 156 149 209 145 150 153 155 160 154 134 110 122 121 124 126 127 208 125 128 135 133 138 132 130 118 119 131 123 129 139 140 157 164 173 259 250 143 263 264 260 257 315 268 282 286 279 273 280 285 284 291 283 290 289 287 277 278 281 288 292 293 166 165 170 171 167 178 169 176 66 182 189 190 188 187 183 65 184 177 191 185 181 186 180 179 175 174 172 60 61 42 269 265 258 246 252 314 247 228 226 243 230 234 222 237 231 233 239 313 225 144 242 229 238 267 253 254 255 274 266 251 227 236 235 262 256 261 272 158 163 161 210 162 168 294 295 192 193 117 136 120 116 115 14 13 34 35 38 39 37 36 33 26 25 18 17 16 114 113 108 106 107 137 111 112 4 5 12 8 9 19 24 27 20 23 28 103 3 : 765.81
4 2
1 2 6 7 10 11 15 21 22 29 31 32 104 44 47 51 54 57 50 48 45 40 49 316 317 55 56 59 105 64 72 67 68 71 78 82 83 85 91 92 96 97 101 102 93 98 99 90 89 86 84 79 77 73 76 80 81 75 74 69 70 63 62 58 53 52 46 43 41 42 39 38 145 209 149 146 147 142 141 126 125 132 121 122 118 140 241 260 245 244 242 236 238 225 217 119 229 228 256 251 318 304 310 284 297 285 291 282 287 296 309 299 308 303 280 271 270 276 278 170 274 258 259 234 218 240 143 109 263 165 163 158 157 151 148 162 159 156 152 150 154 153 155 160 161 210 167 168 175 179 180 186 195 194 191 185 181 178 174 169 177 182 184 189 190 188 187 183 176 173 172 164 60 61 65 66 87 88 94 95 100 207 206 202 201 197 196 198 203 204 205 312 311 307 306 302 301 199 200 193 192 293 295 294 283 290 279 286 300 305 298 275 272 277 289 292 288 281 171 166 265 315 314 248 224 249 252 268 273 262 247 246 250 269 266 264 261 243 239 235 253 139 313 110 144 257 221 212 222 255 267 254 233 226 219 215 220 213 232 114 216 214 223 227 131 129 124 123 133 127 134 208 130 231 237 230 211 108 116 115 112 120 117 128 135 136 137 34 35 37 36 33 30 28 23 20 103 12 16 17 18 25 26 27 24 19 9 5 4 106 111 107 14 13 138 113 8 3 : 901.474
4 3
1 2 6 7 10 11 15 103 21 22 29 32 31 30 28 23 20 12 19 24 27 33 104 44 47 51 54 57 55 50 48 45 40 49 316 317 59 56 105 64 73 76 80 86 84 79 77 72 67 68 71 78 82 83 85 91 92 96 97 101 102 93 98 99 90 89 81 75 74 69 70 63 62 58 53 52 46 43 41 42 61 60 164 210 169 177 182 189 173 172 65 66 176 183 187 188 190 87 88 94 95 100 207 206 202 201 197 196 198 203 204 195 194 191 184 178 181 185 186 180 179 174 175 167 168 171 170 277 278 281 288 292 293 295 192 193 200 199 306 301 302 307 311 312 205 310 300 304 280 287 289 299 305 290 286 279 318 297 261 265 260 314 252 236 224 219 239 215 251 114 222 141 142 139 240 218 220 122 121 123 130 131 124 129 126 120 127 134 208 117 125 128 135 231 221 217 212 213 244 249 253 256 255 138 136 133 132 110 109 211 216 113 108 118 116 115 112 111 4 238 241 243 237 214 276 272 267 257 315 263 270 271 308 303 291 275 309 296 294 285 273 298 282 284 283 274 264 266 268 269 165 166 229 232 119 223 225 234 262 235 156 159 162 163 158 151 157 149 146 147 148 152 154 161 160 155 153 150 144 143 258 254 259 250 246 228 242 233 313 247 248 245 226 227 230 140 209 145 38 39 137 34 35 36 37 26 25 16 17 18 5 107 106 13 14 9 8 3 : 948.189
5 0
1 3 8 9 266 250 260 183 236 314 208 152 225 213 227 306 304 299 176 148 293 196 59 45 25 302 18 188 294 93 276 171 67 167 64 318 248 232 237 96 178 263 119 212 170 199 26 289 235 166 169 264 274 14 13 87 186 95 201 284 151 38 154 245 277 92 73 180 132 310 280 308 203 90 202 63 65 62 101 85 77 83 68 207 168 255 210 246 247 234 309 219 238 312 39 42 142 216 269 283 291 230 231 221 108 215 270 315 34 133 273 307 189 197 164 163 179 272 279 143 140 117 271 220 121 114 129 137 287 297 229 116 244 139 115 241 205 149 285 153 150 70 84 76 282 300 158 145 159 41 66 240 155 61 253 257 298 214 124 161 286 157 288 141 130 218 275 191 81 51 74 56 55 79 54 50 48 49 72 317 316 37 104 44 58 172 292 251 252 125 113 123 131 233 295 268 173 242 109 156 254 278 211 106 107 118 112 4 5 111 222 224 204 209 35 120 134 128 267 192 198 138 296 249 195 174 184 102 165 43 19 27 12 24 17 16 147 75 239 160 187 200 217 261 259 94 86 281 194 60 88 99 162 301 311 53 36 33 52 223 262 144 105 127 193 256 290 126 98 136 185 146 226 40 47 46 57 78 82 69 97 190 177 206 175 258 303 265 110 122 243 228 71 91 305 80 89 181 100 135 313 182 103 20 23 28 30 31 32 29 22 21 15 11 10 7 6 2 : 3791.97
5 1
1 2 49 45 23 20 173 221 178 162 204 260 263 202 193 71 177 69 205 86 74 33 198 140 146 240 176 5 261 286 106 299 169 117 48 154 164 161 42 22 50 59 167 241 102 283 64 174 189 183 118 90 14 19 8 234 258 124 151 130 9 35 220 236 132 73 147 302 280 190 171 247 268 287 273 113 206 36 114 63 294 285 201 209 135 16 153 37 57 17 228 122 179 28 44 68 82 144 265 277 243 184 246 290 255 245 238 108 79 318 256 257 89 66 303 160 120 87 123 13 25 182 269 252 266 293 295 199 60 77 85 78 105 317 152 149 312 170 186 18 142 194 284 101 100 30 15 10 7 316 93 75 214 224 137 208 104 163 40 54 111 196 143 11 232 213 84 27 62 248 254 125 314 207 156 278 46 39 166 138 267 200 279 250 219 43 230 297 307 231 216 103 233 51 127 67 129 83 172 12 237 4 96 168 56 47 301 274 211 222 217 251 229 253 264 29 300 6 21 107 262 136 304 311 191 32 185 308 306 270 3 215 38 128 61 158 275 259 165 181 24 289 197 192 212 134 58 175 296 187 242 109 133 291 244 116 288 188 223 92 203 95 94 119 65 126 227 34 145 180 310 131 80 226 110 91 281 292 115 52 157 305 271 41 99 272 218 225 141 70 81 150 53 121 155 98 88 72 97 26 55 282 112 31 276 195 139 148 239 159 76 298 210 313 249 235 309 315 : 5020.96
5 2
1 2 6 7 10 11 15 103 21 22 29 30 193 112 130 110 108 127 223 207 294 303 179 231 13 111 214 279 242 129 128 143 284 291 271 233 222 114 213 145 38 181 267 131 140 209 153 152 251 256 240 168 250 278 312 63 64 83 92 75 57 53 52 190 311 243 292 180 171 102 105 55 59 316 48 31 32 68 90 165 237 273 116 189 182 46 142 167 215 235 304 260 25 24 33 71 101 203 196 183 176 69 89 70 80 149 185 166 135 14 265 272 283 297 307 43 289 244 249 280 288 302 210 274 4 314 221 252 282 126 160 317 104 56 65 187 162 151 263 232 76 201 88 72 97 78 246 137 136 208 119 148 26 16 19 12 20 23 28 287 87 199 310 86 305 309 191 173 62 177 161 281 266 255 211 315 172 113 306 206 73 100 93 61 144 35 286 178 230 158 277 239 217 229 269 295 170 141 123 225 226 109 241 195 236 220 219 245 184 150 39 293 308 197 99 67 58 96 54 40 79 157 200 138 117 98 51 264 205 155 85 50 45 49 204 115 107 224 261 276 154 147 156 275 34 174 132 296 82 60 37 36 318 212 313 228 169 188 81 134 8 5 121 216 258 299 186 106 124 146 227 301 192 234 254 285 163 198 74 91 44 41 42 290 139 159 47 66 202 300 298 262 259 270 238 94 125 18 27 17 122 248 120 175 84 77 268 218 95 247 194 253 164 118 133 257 9 3 : 3791.54
5 3
1 2 6 7 10 11 15 21 22 29 103 12 20 23 28 30 31 32 33 27 24 19 16 17 18 25 26 37 36 104 40 316 317 49 45 48 50 55 56 59 105 57 54 51 47 44 41 42 43 46 52 53 58 62 63 70 69 74 75 81 80 76 73 64 67 68 71 72 77 79 84 78 82 83 85 91 92 96 97 101 102 93 86 89 90 98 99 95 94 100 207 206 202 201 197 196 88 87 190 188 189 165 266 277 282 305 301 199 307 294 253 215 251 252 248 214 232 218 213 109 123 121 117 107 137 136 135 134 127 126 208 108 131 119 221 239 238 228 219 222 235 249 247 314 140 245 114 224 234 223 263 255 284 286 158 146 34 35 157 144 298 311 315 237 250 168 288 280 162 159 291 181 186 279 309 300 143 318 170 283 220 166 302 195 306 275 270 211 122 139 241 229 225 276 147 212 217 236 171 200 289 281 295 297 246 303 292 313 259 145 154 269 231 261 267 258 156 160 153 155 148 226 233 304 194 203 198 191 287 285 256 290 293 161 163 273 308 174 60 39 38 112 115 141 142 138 128 242 216 130 133 132 5 4 106 111 125 124 129 118 230 240 265 151 175 177 184 296 278 179 180 299 204 205 185 169 167 152 150 209 272 274 192 149 260 254 110 113 243 268 244 262 264 310 312 227 271 257 210 164 66 65 173 176 172 178 182 183 187 61 193 120 116 13 14 9 8 3 : 1727.49
