0 0
1 3 9 106 200 203 150 273 304 271 109 220 264 266 293 312 308 296 258 242 130 129 137 233 227 232 260 272 268 210 169 165 184 95 70 73 72 182 207 197 198 157 191 74 75 78 105 54 316 40 55 49 56 59 53 67 64 159 139 134 138 149 143 250 305 299 205 302 290 291 279 262 265 313 222 239 216 237 229 136 135 13 133 209 174 301 306 285 263 270 314 261 226 113 112 123 225 111 126 125 156 61 63 34 120 8 108 140 240 218 247 286 168 152 121 236 215 241 230 235 244 253 251 252 245 318 310 276 303 192 294 311 300 283 281 158 151 170 171 278 315 193 287 282 284 194 199 188 181 65 183 196 201 87 88 202 99 98 102 97 96 84 79 80 81 83 85 52 43 41 44 24 27 19 16 5 4 107 117 132 154 38 94 86 82 77 68 317 23 14 115 243 297 309 277 274 118 211 214 231 267 255 292 186 162 155 60 161 164 238 219 122 221 146 288 289 275 234 246 248 249 223 224 228 213 217 212 142 147 128 116 208 163 295 166 175 180 187 172 185 190 177 153 195 179 178 206 204 45 48 50 57 58 62 71 91 89 101 90 93 92 69 76 51 47 104 37 33 31 22 36 46 66 145 124 110 114 269 148 167 259 144 307 298 280 257 254 256 119 39 160 141 131 127 42 35 26 25 18 17 12 2 10 15 103 28 176 173 189 100 32 30 29 21 20 11 7 6 : 2008.74
0 1
1 6 7 15 103 21 20 54 85 71 67 84 97 79 55 56 30 23 19 27 33 44 51 46 90 100 173 88 204 180 179 195 294 291 307 270 300 292 277 283 269 238 239 139 217 108 267 262 298 259 227 247 215 249 264 248 223 251 256 268 280 274 240 230 226 243 252 263 286 166 199 301 310 276 170 302 282 293 165 258 231 233 225 312 200 148 159 169 201 99 186 167 168 296 303 38 176 87 188 182 174 209 35 14 116 125 208 133 137 136 60 69 70 91 92 68 78 102 101 105 58 189 203 196 95 86 77 74 93 152 156 154 183 57 32 48 50 82 62 59 317 72 80 64 83 73 47 37 34 144 242 221 118 241 119 284 289 311 306 265 185 279 299 193 66 177 65 43 190 206 175 150 162 149 147 260 131 121 213 235 237 214 218 216 129 128 123 135 120 13 17 25 24 42 316 22 11 10 2 3 8 4 106 130 114 112 111 117 132 124 122 126 272 315 142 153 39 155 163 158 314 255 250 261 228 229 232 140 220 212 211 222 219 244 318 305 257 254 234 313 181 288 178 192 281 205 171 210 194 197 98 40 31 49 45 29 28 41 26 16 36 12 138 134 161 61 145 164 191 187 184 198 308 309 297 285 290 266 224 236 141 146 172 202 207 94 96 89 75 81 76 52 63 53 160 143 157 278 295 304 275 271 273 287 253 246 245 109 110 151 115 127 113 107 5 9 18 104 : 1966.58
0 2
1 9 106 114 125 208 34 141 138 122 124 130 230 248 275 276 286 281 285 301 199 266 256 309 249 246 217 212 211 216 214 218 221 119 158 151 206 94 166 315 259 143 257 253 250 149 202 198 306 192 308 295 263 268 242 163 173 184 172 164 55 56 83 75 90 89 86 79 84 71 78 82 85 93 197 207 176 294 299 298 265 204 312 311 180 66 183 63 53 104 25 26 35 136 134 123 213 227 229 235 264 175 185 178 293 302 203 162 121 110 118 290 287 279 297 310 300 307 171 177 70 60 168 205 303 282 283 291 274 251 254 255 280 270 252 247 238 234 243 147 154 155 157 159 41 43 42 47 23 38 4 5 112 107 108 8 2 3 111 113 131 133 115 144 220 292 191 186 165 288 150 156 146 314 142 132 135 14 13 126 128 129 139 140 272 224 318 245 226 222 262 215 233 313 240 236 219 237 231 109 116 12 10 6 7 11 22 15 28 24 18 209 153 148 88 81 189 58 98 102 97 76 77 99 91 101 201 169 152 120 127 117 170 194 179 193 273 261 267 241 244 223 258 260 228 225 232 239 277 284 289 296 195 95 68 187 188 271 305 304 269 167 200 100 54 48 105 69 80 64 59 49 30 31 33 37 52 278 181 174 210 190 87 196 50 96 145 137 103 21 16 65 61 45 40 57 161 160 39 182 74 62 17 36 19 27 20 29 44 51 46 73 92 67 72 317 316 32 : 2014.65
0 3
1 33 40 317 44 41 67 42 26 18 17 5 111 106 112 108 113 216 220 231 247 245 255 254 252 318 298 279 179 180 175 157 158 147 52 87 186 184 176 178 202 94 206 63 160 194 80 77 84 39 182 90 82 71 78 189 70 190 191 204 199 303 146 159 154 188 205 203 130 132 142 125 4 107 9 8 13 121 123 122 238 229 233 215 219 237 256 253 314 251 259 261 285 270 192 127 134 35 150 152 128 109 119 222 232 242 246 269 170 168 162 156 153 209 277 291 304 297 310 309 299 296 290 294 276 272 193 293 172 167 161 155 145 195 181 72 69 85 66 65 177 274 284 305 301 283 315 166 100 86 56 62 51 53 57 59 92 183 173 196 187 201 200 174 185 169 61 163 210 131 115 116 266 263 257 151 198 207 93 102 81 45 55 50 89 99 197 312 250 260 271 306 302 34 136 137 149 307 292 295 164 165 144 139 225 230 221 118 239 217 213 227 278 148 141 138 120 117 114 218 228 224 223 262 212 211 214 267 268 308 289 240 129 133 124 110 140 265 258 243 244 264 280 248 235 313 241 226 236 300 286 273 287 311 288 171 281 282 275 249 143 95 98 79 105 49 46 37 25 16 23 20 28 32 36 104 48 68 97 101 73 60 234 58 54 47 31 30 22 29 21 10 103 64 76 75 74 88 96 91 83 43 316 15 12 38 208 126 14 135 3 2 6 7 11 24 19 27 : 1992.32
1 0
1 112 115 108 106 5 13 9 8 3 33 36 37 61 197 303 310 305 304 272 286 285 302 171 194 149 158 163 315 290 312 193 271 269 274 165 166 299 192 179 195 296 287 288 284 292 277 265 140 216 229 144 159 7 6 11 104 46 196 189 88 95 185 174 175 181 291 276 298 308 289 263 253 227 252 268 270 264 254 283 279 261 259 260 293 205 203 186 168 169 206 190 188 183 191 148 157 129 122 146 155 176 208 128 136 142 123 130 121 113 212 213 119 126 120 34 35 38 151 160 209 145 164 172 204 180 178 27 16 73 81 101 97 99 100 70 84 92 98 90 74 75 69 60 65 210 109 217 241 240 220 313 258 235 245 223 110 243 134 135 124 141 127 107 111 4 14 18 28 133 117 147 266 246 214 222 236 228 239 225 231 150 137 138 154 66 45 49 23 20 32 21 29 30 31 12 103 22 17 39 153 156 152 125 131 118 218 230 314 237 234 233 211 250 257 247 238 232 278 170 307 199 311 198 201 87 42 59 48 40 58 41 47 316 317 78 76 72 77 79 86 85 93 71 89 202 207 96 102 187 177 173 200 306 295 182 184 94 64 63 52 55 56 50 44 51 83 82 53 54 62 105 57 43 91 80 68 67 25 26 19 24 242 219 215 226 251 318 249 244 224 262 267 309 281 301 300 280 273 256 143 161 162 167 294 255 275 248 282 297 139 221 132 116 114 10 15 2 : 1802.82
1 1
1 22 29 32 104 24 28 23 20 103 43 52 84 97 182 206 195 87 207 298 304 257 276 271 144 294 260 287 279 297 263 267 250 139 265 165 189 66 203 200 306 301 308 223 236 241 237 239 118 148 159 288 285 179 210 258 149 233 168 282 185 155 167 178 174 180 281 249 215 245 218 217 122 14 5 4 107 106 113 222 229 228 248 226 314 212 213 227 224 230 109 216 231 119 259 252 273 186 151 278 274 234 114 130 313 243 214 209 147 162 161 145 150 25 18 42 49 57 40 58 51 46 317 36 33 31 30 27 316 105 62 95 201 166 157 169 172 61 41 53 55 59 90 85 45 112 111 284 272 269 143 131 115 312 204 194 198 181 190 197 93 102 63 176 202 100 187 205 311 280 275 137 133 39 17 16 19 12 15 21 47 175 183 94 196 164 173 101 98 91 86 71 67 79 80 75 77 60 48 50 54 56 64 89 83 69 73 76 82 38 156 158 256 221 220 211 134 13 35 37 255 296 303 291 199 193 192 293 170 283 305 290 318 232 146 153 154 160 65 88 177 188 72 96 78 70 81 92 74 99 184 191 307 310 266 302 295 286 309 300 289 261 262 277 299 315 140 247 238 246 141 138 152 163 110 225 254 253 244 242 240 270 171 292 264 121 132 135 127 126 128 124 129 208 268 251 219 235 142 120 123 116 8 9 3 2 10 11 108 117 125 136 34 26 68 44 7 6 : 2117.09
1 2
1 29 21 103 20 27 40 55 52 72 79 82 66 51 16 24 26 37 209 152 163 150 149 142 254 262 248 215 214 234 245 258 278 191 281 303 162 159 156 148 147 255 264 252 268 265 266 257 225 39 153 210 167 135 126 14 13 128 125 138 124 114 117 221 231 230 140 222 217 212 211 109 220 157 164 178 173 88 87 94 101 89 80 172 151 290 271 213 118 246 108 4 8 106 121 113 110 240 250 224 244 260 261 275 318 267 300 287 166 276 298 296 165 171 194 204 200 207 206 312 309 284 314 161 61 169 195 186 179 259 315 274 297 289 286 285 308 197 86 96 84 90 75 73 70 59 71 85 102 64 77 81 74 69 60 107 115 120 133 226 313 18 50 53 104 31 23 12 99 67 105 111 116 3 2 10 11 22 30 33 76 43 46 58 57 316 56 317 137 145 34 132 232 219 236 251 218 119 122 131 241 237 229 247 253 256 263 305 304 310 205 306 180 154 38 155 35 134 136 112 5 9 127 208 63 42 19 25 141 143 273 144 146 160 181 182 184 185 199 311 299 279 65 277 123 130 129 17 62 78 83 100 183 198 201 202 196 95 190 176 189 192 301 280 270 272 269 174 187 188 193 293 235 228 223 243 238 227 242 216 139 239 233 177 175 168 170 158 295 292 294 288 302 307 283 282 249 291 203 93 98 91 97 92 68 49 47 32 44 41 36 54 48 45 28 15 7 6 : 1905.76
1 3
1 107 106 110 225 119 218 244 257 139 112 126 13 117 125 114 128 131 149 146 144 277 295 154 39 34 127 133 123 130 142 265 269 248 318 261 171 200 192 173 206 61 159 185 174 186 163 138 14 209 46 57 63 90 98 207 202 69 147 153 170 266 300 281 205 302 273 280 291 287 268 236 243 230 240 239 227 288 292 303 296 312 311 310 304 308 285 290 289 284 267 252 245 283 297 278 100 66 26 18 24 32 30 28 21 103 22 31 91 97 102 188 181 187 150 141 158 151 178 42 17 8 3 9 5 35 136 157 168 298 307 306 84 89 99 182 88 65 25 40 60 92 83 62 58 43 56 67 86 76 74 81 59 72 96 189 195 191 198 148 156 12 20 23 54 51 68 73 80 78 64 87 172 164 196 183 184 194 175 301 315 165 274 276 309 294 286 161 118 226 213 235 237 215 228 212 216 109 232 229 247 270 272 279 299 282 263 250 162 145 38 137 208 121 221 211 255 264 260 259 275 271 258 254 238 108 115 113 214 223 224 249 262 231 256 234 241 314 219 220 242 143 140 233 155 160 210 167 180 179 197 190 169 95 94 201 305 166 199 293 193 203 253 251 246 313 222 217 122 129 132 124 134 152 93 85 82 71 79 75 52 105 53 49 36 19 27 33 41 48 16 37 44 45 104 316 317 77 101 70 176 177 204 120 116 111 4 47 50 55 135 29 15 10 11 6 7 2 : 1930.88
2 0
1 112 127 241 275 140 300 289 151 222 276 280 271 170 252 279 155 282 209 137 242 206 74 191 105 197 145 163 190 48 49 50 149 166 210 205 135 273 118 128 121 211 227 153 119 305 204 207 172 82 71 23 41 22 4 196 91 104 69 292 233 20 226 219 102 89 248 100 221 5 36 16 237 44 110 218 267 264 250 109 167 318 299 304 235 232 203 52 34 108 315 297 298 77 106 229 169 236 260 262 120 11 2 259 136 29 26 123 284 313 122 68 245 161 142 76 8 316 75 312 254 7 159 208 138 192 179 147 157 164 201 66 266 212 10 160 72 58 14 99 87 116 224 249 17 42 46 21 187 238 302 193 148 144 146 154 246 214 156 125 247 165 28 131 54 294 291 283 287 255 189 51 86 88 174 244 239 215 59 126 129 290 285 65 13 114 152 194 43 56 93 185 168 62 171 115 132 188 268 25 101 175 306 81 177 195 272 9 270 85 173 70 19 117 310 230 24 37 141 251 223 309 317 38 274 124 228 67 256 301 53 60 40 63 198 281 39 130 111 12 231 31 61 64 234 240 15 96 183 180 263 143 295 293 133 307 176 55 6 73 213 253 265 139 202 269 303 225 261 30 45 27 3 32 150 243 296 83 200 94 158 92 181 134 35 79 97 90 95 103 78 98 288 277 278 217 199 258 311 220 186 286 113 184 162 18 257 57 182 178 33 80 216 107 308 84 314 47 : 4942.48
2 1
1 217 129 150 117 151 251 143 194 69 205 97 187 210 154 28 259 315 296 57 184 235 118 131 136 105 43 107 147 208 161 197 62 101 139 176 76 162 262 201 166 20 115 4 192 169 63 183 98 124 70 200 207 253 255 265 268 198 231 9 26 8 91 226 310 267 61 206 127 116 191 128 175 149 155 188 84 104 160 21 297 292 170 144 18 13 25 31 295 254 145 68 290 173 78 236 224 237 58 190 123 10 15 269 223 278 80 50 36 135 79 212 163 29 242 140 317 77 5 3 85 54 120 172 294 196 293 48 182 305 299 189 11 35 256 159 157 260 241 234 121 66 274 258 280 86 30 60 16 34 39 158 284 304 308 89 301 164 222 14 51 221 2 52 306 288 167 110 74 199 248 219 204 220 180 153 211 119 137 49 41 209 202 94 114 152 279 250 148 233 186 271 181 252 27 273 92 247 227 239 19 244 214 300 246 307 73 100 318 277 228 303 283 238 272 55 111 286 87 53 113 132 174 171 72 71 126 46 225 7 263 106 108 37 44 245 65 287 93 67 17 75 47 90 130 243 156 82 285 266 216 12 103 249 215 218 133 64 96 81 59 23 134 112 311 177 179 122 40 312 291 195 38 275 270 83 24 99 88 95 142 6 32 56 146 240 213 281 138 109 313 302 257 309 264 261 316 33 276 230 42 22 141 298 229 232 168 102 125 185 45 289 203 314 178 165 193 282 : 5071.92
2 2
1 48 176 189 266 123 106 242 267 130 63 140 38 150 305 253 25 220 270 295 283 214 10 227 317 105 33 60 71 85 246 223 128 288 199 166 229 215 49 53 8 137 68 87 251 179 153 66 252 273 207 114 55 50 23 165 7 149 17 46 43 155 210 303 34 240 318 3 293 195 35 15 280 247 258 255 95 174 142 307 145 302 204 224 264 70 96 144 208 248 228 120 4 169 301 276 311 61 107 187 196 197 65 109 112 163 115 16 135 30 29 282 278 57 235 226 119 211 102 168 14 167 182 52 186 159 77 236 222 11 171 143 19 36 134 99 82 152 287 160 98 219 39 298 262 225 139 117 121 146 6 241 18 285 100 297 237 249 296 294 313 132 31 131 271 193 164 22 111 103 217 312 156 151 92 158 5 104 200 191 291 284 198 234 256 42 78 90 277 289 243 56 230 80 136 232 133 113 309 173 221 180 202 212 316 28 21 122 118 181 24 161 97 91 69 32 177 58 44 73 94 183 172 192 281 154 299 308 20 190 51 12 257 304 259 101 310 292 244 59 9 40 306 265 108 129 314 138 147 27 86 76 272 254 286 157 263 275 188 45 218 126 178 245 37 81 290 64 84 170 13 54 261 279 41 79 206 93 75 74 26 250 231 185 88 216 148 141 184 62 274 300 194 201 83 269 203 127 175 72 209 110 268 124 239 125 315 205 233 238 89 116 260 162 67 47 213 2 : 5136.79
2 3
1 63 101 45 53 196 175 267 140 143 289 188 192 297 229 248 218 117 116 106 2 7 22 28 16 25 38 203 161 195 276 202 91 87 55 136 145 242 269 258 74 244 233 214 221 309 285 65 204 295 163 286 119 122 315 79 98 113 237 256 198 293 159 153 18 19 44 92 158 179 164 177 104 33 27 3 311 76 95 146 112 115 310 132 318 294 147 20 54 56 83 184 186 210 231 173 137 226 211 138 57 241 219 280 290 283 278 172 207 183 89 94 274 165 148 126 261 234 11 151 160 306 304 171 314 227 205 102 100 88 281 61 206 180 255 243 109 133 30 32 62 50 36 52 239 166 208 176 189 168 4 67 105 156 81 23 97 77 8 24 114 141 181 144 279 150 121 190 82 86 129 240 222 262 217 84 72 64 78 236 259 10 6 15 317 49 47 85 197 273 170 187 298 300 193 307 291 200 127 120 14 212 9 108 128 167 185 292 228 174 124 41 313 142 230 215 287 216 252 254 263 246 308 299 209 182 303 264 284 316 75 46 162 34 302 223 260 157 68 271 312 277 238 5 134 257 51 71 39 154 225 288 282 123 130 250 13 12 42 58 275 301 169 266 149 249 247 296 178 139 235 199 194 103 21 29 31 268 73 40 60 135 107 111 272 245 270 191 35 17 155 251 224 213 125 37 26 201 96 90 93 99 48 80 305 232 131 110 253 66 69 59 43 70 152 265 118 220 : 4044.98
3 0
1 83 77 75 63 174 199 244 235 254 112 282 229 293 279 94 47 28 29 113 131 136 12 22 210 141 20 62 182 65 219 51 209 189 200 317 25 115 126 138 302 246 193 172 15 30 33 101 225 55 204 284 37 222 151 310 32 307 273 137 54 26 43 72 308 298 313 221 213 239 135 148 152 179 301 95 49 67 168 35 36 202 188 122 118 109 13 74 132 187 119 98 287 238 237 276 314 249 236 85 105 88 266 66 5 40 256 290 181 121 305 10 111 275 146 214 242 106 161 60 220 173 50 285 143 150 19 240 185 207 44 7 318 267 114 228 134 165 316 96 116 232 6 17 216 97 176 170 41 103 190 123 4 128 90 100 23 16 117 217 139 259 145 27 169 92 201 46 194 183 306 24 162 227 133 158 42 80 76 197 110 107 108 223 70 262 283 243 245 142 34 125 258 253 270 184 241 265 311 231 257 153 147 278 73 79 203 159 120 250 163 205 149 288 211 234 260 263 89 268 57 68 99 296 218 215 226 156 186 87 61 309 289 208 9 297 8 45 160 155 206 177 272 233 294 130 93 78 274 164 167 247 196 64 286 195 52 31 21 81 69 38 280 264 3 91 192 255 261 39 129 252 251 171 291 140 11 157 180 269 312 102 48 58 299 175 198 84 104 56 303 71 124 248 59 86 14 295 212 178 300 230 292 144 191 304 18 53 271 154 224 127 277 166 281 315 82 2 : 5003.68
3 1
1 57 40 28 87 98 221 217 248 202 177 21 11 256 284 225 153 120 239 267 121 222 206 180 250 184 142 134 139 93 230 20 60 274 172 241 194 273 290 218 92 260 88 316 181 100 233 237 143 305 91 183 269 152 14 294 291 114 63 175 245 263 258 254 278 95 58 32 193 135 197 163 228 15 301 306 231 155 138 157 255 223 83 108 41 257 158 62 145 272 67 94 13 287 300 242 162 84 82 203 4 209 200 188 6 39 37 186 196 81 64 235 285 159 171 130 238 125 224 244 56 296 192 204 3 141 72 219 303 270 99 281 170 35 110 309 295 315 299 304 312 302 79 68 232 137 7 208 10 24 282 264 50 42 22 103 111 102 271 191 199 167 236 240 117 246 29 147 122 33 71 65 129 201 53 311 288 308 207 43 126 182 227 212 30 12 47 252 293 307 26 106 49 146 259 275 268 216 59 70 211 229 109 9 76 266 220 74 156 168 198 132 118 179 164 16 214 276 205 317 253 174 136 113 27 48 151 313 243 61 101 119 298 45 73 190 189 261 314 18 23 78 105 66 107 8 5 144 226 213 251 249 279 77 80 283 176 166 148 280 215 178 286 123 128 112 52 133 116 86 90 54 31 44 85 210 277 297 150 165 292 127 36 173 169 131 115 161 46 234 262 124 149 154 318 97 160 89 96 75 51 55 69 265 34 195 17 140 289 247 38 185 25 104 310 187 19 2 : 5026.67
3 2
1 129 132 302 48 72 275 164 34 120 115 90 50 285 260 44 297 282 136 18 26 180 318 199 40 174 182 304 141 280 30 23 20 15 21 306 296 127 196 203 37 163 119 270 25 137 110 36 191 261 225 75 80 102 144 96 142 98 149 204 236 251 311 87 211 264 89 69 93 76 300 158 190 128 161 212 274 42 239 289 315 11 169 222 65 92 62 123 303 183 248 207 105 271 47 150 16 116 88 246 214 118 215 126 228 201 235 81 316 91 193 230 175 101 197 95 195 173 257 253 232 130 227 284 294 138 213 124 133 38 35 216 256 231 154 31 205 22 19 70 51 172 279 252 268 226 209 83 66 198 28 68 187 57 4 33 146 77 10 111 54 263 14 185 74 73 140 234 221 117 177 309 276 100 85 43 104 6 7 3 99 206 241 314 29 53 59 157 27 64 106 299 259 114 139 12 49 45 52 224 298 287 258 295 194 269 254 223 39 143 273 244 171 237 210 293 63 176 166 247 134 178 267 218 107 5 148 135 170 78 86 41 305 245 160 159 145 179 312 301 94 71 162 283 112 202 153 13 103 272 317 208 217 167 46 291 184 189 310 131 165 82 308 277 84 200 152 240 125 265 313 8 56 292 249 266 121 109 220 288 250 186 79 181 155 255 281 61 151 168 147 58 286 192 113 233 2 60 307 262 242 278 156 122 67 229 290 238 55 32 9 24 97 188 17 243 108 219 : 5103.09
3 3
1 112 248 304 268 204 281 38 192 203 146 160 154 137 251 109 279 305 308 236 265 148 179 185 297 309 298 275 246 240 239 113 225 222 238 228 259 262 181 164 198 101 191 155 73 105 68 80 93 86 82 59 81 67 43 26 37 42 254 188 75 66 56 201 166 237 144 116 318 171 33 46 292 53 161 110 158 95 35 287 231 241 233 168 100 288 186 184 98 96 74 63 50 104 32 30 11 6 2 3 8 170 132 163 242 156 208 183 177 175 25 115 271 130 284 187 49 48 44 40 62 55 51 28 106 107 125 12 285 136 124 142 54 64 84 97 127 173 316 47 301 296 118 283 290 234 13 306 274 280 243 212 315 151 303 277 91 72 17 249 215 214 244 252 263 307 312 294 9 4 295 202 89 34 199 291 250 209 167 5 286 257 224 206 195 162 152 119 174 102 22 120 138 145 273 189 143 269 60 128 79 57 176 300 272 219 220 255 157 78 92 200 229 140 311 61 270 256 131 129 133 114 299 150 134 117 16 18 36 71 317 58 149 221 247 253 230 313 122 52 23 20 29 19 218 41 141 232 267 108 302 193 194 276 216 76 139 207 227 223 260 314 245 87 190 65 310 111 90 85 197 165 235 289 24 103 293 169 83 14 126 211 266 178 135 121 153 210 264 94 99 70 27 159 182 123 217 213 226 258 147 261 180 278 282 88 69 77 172 205 196 45 31 39 15 10 7 21 : 3838.58
4 0
1 7 11 6 10 3 8 16 25 26 42 43 41 50 84 77 201 198 99 100 206 197 174 66 94 97 78 89 207 95 168 182 169 80 105 52 33 56 63 55 104 12 120 157 181 186 191 172 204 310 304 296 315 153 210 160 185 305 281 302 309 303 259 262 251 228 236 234 226 212 109 230 214 224 218 225 270 260 144 125 208 46 47 44 70 75 74 190 177 155 39 38 34 9 18 17 126 129 131 123 124 134 261 205 301 148 258 253 223 248 263 284 200 311 179 167 154 152 146 142 175 178 193 312 199 307 87 96 173 156 106 108 122 114 121 117 119 240 246 266 267 192 278 294 149 35 127 136 159 196 188 81 93 98 86 76 62 164 176 189 65 194 151 137 147 61 51 48 58 135 133 141 139 314 268 257 274 288 292 283 247 138 145 243 118 233 110 254 227 221 220 213 211 222 313 239 252 269 255 265 241 250 166 290 299 286 287 195 203 202 88 79 71 180 60 306 280 264 170 289 277 295 297 282 171 285 300 293 165 163 162 150 209 69 59 64 73 316 317 68 101 49 15 24 36 53 183 90 83 82 72 67 85 91 92 102 40 45 32 30 23 103 29 28 20 54 57 158 272 298 276 291 143 308 273 275 271 249 215 238 113 112 4 107 111 116 115 14 21 22 31 13 5 128 132 130 140 231 279 318 256 235 237 229 217 216 232 219 244 245 242 161 184 187 37 27 19 2 : 1930.91
4 1
1 103 21 23 29 22 316 57 83 81 86 79 84 82 93 85 89 166 232 123 262 279 291 312 205 301 311 287 199 200 165 308 290 274 251 215 211 108 5 120 8 3 35 39 175 277 190 95 91 92 72 48 38 27 18 25 28 37 129 225 240 118 221 163 150 142 145 136 169 160 158 61 36 31 55 107 106 4 111 144 146 156 153 154 135 30 32 20 15 10 11 9 17 12 16 70 202 60 172 177 148 157 188 66 53 184 65 164 52 44 33 7 6 131 242 254 203 183 75 102 99 94 187 186 196 198 98 176 210 161 140 315 268 285 305 271 284 309 307 306 302 182 181 174 206 152 185 168 171 264 304 296 283 263 250 258 314 252 273 280 318 275 143 170 193 270 249 244 245 226 230 239 216 110 109 243 253 247 236 246 259 192 195 260 139 141 130 121 265 241 219 228 222 224 257 269 272 299 298 300 292 255 237 231 248 256 278 281 295 282 289 310 303 288 167 151 149 147 159 162 155 209 34 134 114 124 137 127 116 115 132 122 208 14 138 128 13 125 126 41 80 88 189 58 54 51 105 78 67 317 59 56 49 40 104 24 19 26 201 173 207 90 76 68 47 42 43 46 69 197 204 178 87 180 194 191 218 212 217 313 117 112 113 233 119 267 297 286 179 261 266 294 293 276 238 213 227 214 229 223 235 220 234 133 74 101 97 100 64 96 73 62 63 71 77 50 45 2 : 2012.55
4 2
1 106 107 113 211 129 124 148 37 41 42 27 12 3 5 4 17 18 25 13 127 134 314 266 174 143 146 155 164 154 181 102 92 72 64 83 96 93 183 61 159 160 139 212 110 218 140 313 231 233 235 215 237 229 258 165 262 144 157 248 243 247 228 275 87 189 239 263 200 306 296 311 290 277 166 281 279 295 192 65 196 194 301 298 293 286 289 287 284 264 254 126 116 123 128 114 138 209 156 162 193 312 302 168 178 172 177 202 206 203 151 158 130 132 9 8 34 38 51 207 278 288 283 274 259 255 265 122 125 120 14 2 10 39 136 137 150 56 55 48 45 49 317 79 67 74 89 84 69 86 80 46 47 44 50 105 57 43 54 98 88 184 204 304 170 153 142 242 230 249 163 95 201 52 53 58 63 70 62 81 75 101 99 77 68 135 208 108 112 111 121 131 225 240 232 216 214 297 318 271 251 252 291 280 268 257 269 315 260 16 19 24 20 103 115 133 117 119 167 197 190 182 180 195 173 100 169 198 66 185 90 94 205 300 308 309 310 276 250 241 238 253 245 244 223 213 221 109 118 220 217 222 234 219 226 227 224 236 246 256 267 272 270 273 305 171 282 294 303 285 261 210 299 292 179 175 141 152 147 161 60 187 191 176 199 307 186 188 73 76 91 97 82 85 78 36 26 23 28 145 149 35 22 71 33 40 104 59 316 31 30 32 29 21 15 11 6 7 : 1916.34
4 3
1 15 22 32 49 84 92 100 90 77 71 45 54 40 91 201 55 105 62 82 68 86 70 187 184 301 303 273 292 265 143 176 172 295 306 183 89 85 69 74 81 73 80 210 168 269 296 300 286 282 199 302 193 179 178 173 180 194 196 97 99 207 95 195 203 291 257 246 140 232 221 214 223 219 236 222 212 227 217 119 267 153 108 106 4 8 3 2 10 11 30 29 50 44 43 46 58 66 156 158 157 276 200 206 87 94 202 197 186 174 288 281 297 270 290 299 293 250 315 263 253 314 245 244 266 61 308 284 309 271 254 264 268 289 285 252 242 123 163 152 146 142 34 38 39 209 145 154 162 150 155 192 165 287 304 310 147 161 160 166 205 294 198 181 175 191 164 182 60 190 189 167 177 248 283 171 298 75 72 79 102 78 56 51 48 316 59 47 65 144 138 137 35 27 24 16 25 26 18 17 121 130 131 133 128 117 126 148 115 112 111 23 21 103 20 28 93 37 170 258 262 247 238 233 215 249 211 216 116 36 41 317 31 33 19 12 9 5 104 67 101 98 88 188 63 52 42 53 57 96 83 76 64 169 307 204 185 135 134 127 14 136 132 229 243 218 110 109 313 240 234 235 228 226 239 122 107 129 149 141 213 224 237 318 279 280 305 261 278 251 256 255 259 260 275 312 311 272 274 277 220 139 124 208 125 159 151 241 230 231 225 118 114 113 120 13 7 6 : 1971.45
5 0
1 109 186 306 309 180 80 200 292 145 287 290 198 282 91 81 279 190 177 208 116 138 174 263 219 252 159 202 87 43 44 316 75 307 18 24 33 76 294 165 221 270 262 150 205 42 244 240 79 54 271 250 69 85 30 241 257 38 16 77 189 107 217 231 228 160 258 211 141 35 229 297 206 182 164 26 31 249 94 226 6 70 57 238 288 230 220 303 11 224 7 15 152 74 134 236 237 5 72 12 185 135 166 199 146 296 259 223 212 302 285 149 83 58 63 65 36 161 156 195 100 204 305 59 214 232 225 142 10 56 17 113 311 93 92 167 64 245 256 68 55 51 163 114 308 129 248 276 289 28 39 45 183 48 133 90 197 4 313 261 29 155 40 124 111 312 192 254 112 98 86 184 89 8 61 176 41 37 317 131 119 84 242 169 102 310 181 178 171 67 130 9 2 121 115 104 158 203 117 143 187 264 52 173 286 209 21 132 25 314 274 170 154 201 95 298 218 222 275 266 267 281 191 32 96 188 196 127 157 318 260 293 215 73 213 301 315 277 269 144 162 283 108 291 175 125 304 299 148 88 99 273 19 27 47 97 126 60 295 151 227 268 239 272 233 139 243 280 193 123 137 194 53 216 278 13 120 3 172 251 118 300 78 82 14 20 66 103 168 207 255 210 246 247 234 46 110 122 106 128 105 136 153 62 101 34 23 71 147 235 253 284 22 140 179 265 50 49 : 4985.78
5 1
1 40 214 149 291 260 219 232 213 212 230 191 193 253 207 133 166 109 302 271 279 296 290 192 180 301 312 169 200 310 38 62 35 87 206 128 4 231 100 183 57 105 50 194 156 117 209 148 152 46 287 118 251 9 127 223 307 316 267 266 54 184 91 308 178 181 217 174 155 42 80 68 70 104 240 72 10 136 29 92 61 78 33 218 220 111 162 18 41 135 229 98 196 256 110 37 165 195 306 245 99 67 263 286 204 247 293 246 185 273 282 30 175 59 31 203 300 257 142 26 25 114 147 65 73 140 243 222 63 264 20 94 19 122 66 269 234 278 84 107 295 143 258 211 272 270 129 125 198 81 112 146 313 14 116 244 170 74 137 317 120 284 309 280 75 160 304 199 82 89 190 268 281 233 292 21 103 97 265 8 275 56 158 187 134 119 17 45 58 159 51 277 303 252 285 294 227 5 154 101 43 173 151 314 255 186 202 157 161 13 36 77 299 250 130 55 241 138 23 11 215 108 237 262 249 179 144 153 83 145 197 102 3 90 34 150 188 16 238 139 141 24 121 113 60 12 39 32 7 44 88 71 235 76 69 297 85 86 274 95 298 305 123 171 49 221 126 283 289 168 177 106 311 261 201 28 53 189 115 228 236 276 210 248 239 163 205 79 48 176 242 132 52 226 208 124 22 224 167 182 164 6 15 318 315 172 216 225 96 47 93 64 131 254 259 288 27 2 : 5019.49
5 2
1 23 20 57 47 105 149 199 314 228 212 238 133 144 151 182 206 307 265 223 241 124 117 259 235 112 4 13 196 267 252 128 113 18 274 165 140 142 141 198 278 172 50 162 236 258 204 217 253 222 215 224 242 48 126 146 186 233 155 173 96 7 6 147 28 5 180 210 170 65 64 218 240 37 54 299 262 318 46 263 305 15 309 194 251 191 79 190 118 169 69 74 301 308 289 99 163 230 221 247 303 273 260 21 237 127 226 139 166 51 135 34 33 150 312 29 161 111 77 207 229 310 27 168 184 103 95 298 306 114 35 276 245 43 11 280 272 90 76 93 56 30 130 317 3 158 246 14 106 154 203 192 72 293 200 279 175 98 115 152 211 225 189 71 83 249 25 227 250 157 55 209 304 271 107 31 123 261 201 202 62 61 297 134 8 143 256 116 2 234 32 137 68 193 160 269 177 243 19 131 178 125 36 292 296 197 181 148 82 219 86 284 313 39 195 294 121 290 24 291 300 285 102 59 110 49 78 66 58 264 255 266 171 286 145 84 85 10 42 97 185 187 159 311 205 94 268 183 257 119 244 275 132 63 26 282 129 45 188 174 60 108 53 220 156 214 281 9 239 283 136 38 216 120 22 288 89 92 80 12 302 70 87 248 176 153 270 287 67 232 109 138 277 231 52 167 213 254 179 295 81 164 88 122 75 41 44 16 17 104 208 101 91 73 100 315 40 316 : 5015.66
5 3
1 107 106 111 112 117 219 214 224 245 284 282 250 153 170 181 74 73 88 66 297 151 121 236 212 294 296 271 42 84 48 68 203 139 165 150 50 316 177 194 248 127 9 4 193 287 267 129 210 246 185 161 76 232 123 26 24 141 313 247 230 233 292 275 41 36 79 261 264 308 199 253 211 110 216 213 180 255 5 114 2 10 11 40 317 75 208 226 221 283 223 286 188 187 163 235 63 207 304 125 179 293 98 83 53 31 23 174 19 94 85 52 57 82 72 81 69 168 156 205 278 291 258 229 222 240 206 152 169 58 154 191 189 160 204 135 120 184 265 172 140 301 299 243 241 274 279 234 95 80 97 158 228 303 116 28 104 132 21 22 30 51 92 99 186 307 288 45 105 78 91 96 197 195 306 257 12 59 25 148 146 46 13 136 93 102 198 311 298 295 309 252 38 134 175 305 312 162 61 268 280 263 138 143 159 262 276 128 77 289 244 290 318 272 217 215 145 7 6 3 8 137 131 266 133 122 118 144 302 183 192 149 310 202 173 70 209 171 218 164 35 190 20 103 86 15 29 60 285 130 256 109 315 119 260 14 39 44 87 100 196 238 124 65 281 178 167 43 101 201 33 166 269 254 273 115 16 34 18 17 47 56 55 37 90 176 300 54 32 49 71 67 62 155 147 251 237 225 64 200 157 89 108 239 227 249 126 113 142 314 231 220 242 277 270 259 182 27 : 3874.88
