0 0
1 8 4 136 131 108 107 19 28 18 154 164 153 209 142 61 87 99 98 86 90 67 85 93 75 64 69 80 73 81 188 74 60 173 95 202 196 189 177 295 192 280 285 284 315 278 170 294 269 273 263 256 249 241 219 140 143 166 289 307 303 185 182 174 167 171 288 318 275 271 310 297 298 270 290 306 311 301 199 193 200 205 312 274 277 251 235 247 224 215 218 216 212 213 221 222 226 313 239 232 225 229 234 228 243 139 314 220 118 114 121 138 144 259 260 296 302 203 204 160 152 41 48 317 46 44 104 2 103 29 33 31 30 15 6 16 106 125 148 304 300 279 291 292 308 305 276 255 257 165 126 208 120 127 135 134 14 123 130 132 242 240 233 238 237 211 217 109 231 261 258 253 262 282 309 268 248 244 227 236 119 110 230 223 245 214 246 250 265 266 264 252 267 254 272 287 281 299 283 286 293 158 147 157 113 122 117 116 137 128 124 129 133 141 155 156 161 162 163 168 175 190 100 96 92 91 78 102 101 97 89 63 53 47 54 42 43 51 316 40 111 115 112 9 13 34 52 38 35 5 25 22 21 26 55 72 76 70 201 197 88 94 207 194 195 178 191 172 183 169 181 176 151 146 39 150 184 206 65 83 66 187 198 186 180 179 210 159 145 37 36 57 17 149 12 27 23 32 3 11 10 24 45 49 50 105 62 82 56 79 77 84 71 68 59 58 20 7 : 1526.49
0 1
1 9 16 28 30 18 33 25 14 120 37 56 54 51 112 127 126 115 117 135 39 34 35 5 108 134 136 122 114 121 109 110 217 219 111 4 107 26 24 15 21 103 68 43 57 44 20 29 32 317 316 40 46 70 105 64 185 204 195 181 184 182 168 174 163 153 210 169 183 177 187 186 172 178 76 75 81 58 52 45 49 83 78 67 71 101 102 96 95 206 278 277 280 257 267 290 307 306 311 296 192 165 180 191 179 199 302 276 275 271 270 248 264 261 260 253 222 212 213 240 140 242 237 227 218 239 118 313 230 225 238 221 226 229 246 251 318 263 285 171 274 266 262 268 286 284 305 310 304 297 300 299 301 193 170 166 157 156 209 164 150 77 69 74 73 80 90 61 62 47 41 48 31 11 10 2 22 19 27 8 17 13 116 106 12 36 23 104 53 55 72 86 79 85 59 50 63 84 82 98 97 91 92 93 99 100 202 197 175 190 196 203 205 312 66 65 198 207 87 94 188 189 147 216 231 232 139 143 265 255 314 250 38 133 128 131 113 124 132 129 130 137 142 158 151 146 148 154 167 155 145 123 125 208 138 141 315 258 259 152 173 176 201 194 293 303 294 272 273 249 252 256 254 235 243 241 119 220 245 244 228 236 211 233 224 223 214 215 247 234 269 287 283 288 281 289 292 291 279 282 308 309 298 295 200 88 89 159 144 160 149 162 161 60 42 7 6 3 : 1462.87
0 2
1 15 23 19 27 32 31 22 16 20 12 25 120 123 108 111 5 14 134 208 135 116 107 13 133 138 128 112 4 129 18 9 2 7 11 30 104 51 33 41 317 62 78 80 79 81 87 204 203 200 296 282 294 290 264 266 247 254 268 259 170 286 288 292 277 193 185 179 186 246 258 261 236 228 241 243 240 265 260 278 171 152 219 225 242 250 255 235 244 248 249 239 314 313 234 229 263 262 256 269 315 221 231 213 216 217 110 122 167 161 168 175 191 173 188 169 159 158 113 137 35 162 210 160 155 187 197 94 100 206 97 102 101 96 92 84 75 74 70 90 176 183 189 153 154 157 147 194 66 65 177 178 61 50 83 76 69 316 21 29 10 37 103 28 49 63 52 88 201 190 99 98 95 207 91 85 86 89 93 71 67 68 82 43 58 59 47 46 54 42 36 24 26 17 132 125 117 126 34 127 38 164 182 181 184 311 312 205 302 306 192 281 285 273 291 303 283 293 251 252 271 318 270 279 304 297 305 275 276 298 287 289 284 166 165 180 163 156 172 174 196 198 202 195 199 301 295 307 308 309 300 310 299 280 274 272 267 257 144 143 139 232 140 109 220 230 233 118 227 218 222 215 223 224 214 226 237 245 253 119 238 212 211 114 106 115 124 209 136 141 131 121 130 142 148 151 146 149 150 145 60 40 57 39 53 44 48 105 55 72 77 64 73 56 45 8 3 6 : 1411.66
0 3
1 23 22 28 32 31 25 9 16 36 37 7 11 3 18 27 116 120 137 136 127 208 126 111 112 14 131 132 107 4 113 130 142 141 138 121 108 133 122 216 213 242 231 233 219 218 215 223 224 236 238 139 144 129 123 106 124 114 125 209 148 146 156 135 117 128 52 54 41 149 152 210 315 288 166 165 250 143 147 162 161 39 160 159 153 87 88 75 71 83 78 85 91 97 68 84 101 96 102 92 86 99 93 72 64 69 55 53 61 89 74 70 98 90 80 62 169 186 158 35 115 13 5 8 17 29 21 30 15 20 19 26 24 103 164 81 76 67 66 167 150 38 45 40 58 48 59 100 207 183 182 184 185 178 155 65 173 168 171 189 177 187 172 176 188 195 194 204 94 95 198 202 196 191 175 193 163 151 157 145 269 180 181 292 278 283 305 275 308 170 277 274 259 255 246 258 267 265 257 230 243 241 240 232 221 118 110 119 239 140 313 212 109 211 227 314 266 280 298 271 270 318 247 248 237 214 234 249 251 268 272 281 294 273 253 264 174 179 203 190 206 201 197 312 205 311 199 303 295 262 252 244 254 261 260 287 284 279 286 300 309 310 304 276 297 291 296 192 200 302 285 307 306 299 282 289 293 301 290 263 256 245 235 226 229 228 222 225 220 217 134 34 154 57 105 73 77 79 82 63 60 43 42 104 316 46 47 56 317 49 50 51 44 10 2 6 12 33 : 1410.73
1 0
1 33 29 20 32 21 26 54 51 53 58 49 36 24 10 12 22 41 43 28 31 23 3 8 14 120 134 137 126 5 108 115 111 107 122 114 150 145 158 147 146 149 155 174 191 201 198 100 206 94 95 207 81 189 194 185 181 167 186 200 301 309 305 310 298 297 275 271 276 284 299 304 270 314 234 243 250 119 110 211 218 219 224 244 228 222 216 212 232 139 239 230 213 215 237 229 235 226 236 262 265 281 171 144 148 152 159 162 156 164 210 163 151 157 160 140 118 113 130 129 132 125 133 240 231 241 282 287 193 302 195 175 202 197 177 204 203 196 188 87 187 184 153 169 183 61 44 42 52 63 292 295 192 88 173 65 172 180 168 209 38 35 39 154 47 105 62 46 55 59 80 73 92 93 74 86 67 72 83 79 77 69 75 90 71 82 48 37 16 9 112 124 123 131 274 267 290 280 273 247 242 313 257 252 254 223 245 249 251 260 256 263 264 315 277 289 286 294 283 285 279 296 261 253 248 268 266 259 165 182 178 60 161 34 18 25 106 127 116 4 19 13 221 109 225 217 220 233 238 246 318 227 214 255 269 278 166 308 312 199 205 306 303 311 307 190 70 76 89 98 99 84 91 102 97 101 96 78 68 64 50 56 85 66 176 179 170 291 300 293 288 272 258 143 208 135 138 141 142 121 117 128 136 17 15 6 7 103 317 316 40 104 57 45 30 27 11 2 : 1408.13
1 1
1 28 23 29 316 105 81 69 47 63 58 46 41 42 126 114 113 121 106 4 5 132 133 119 314 232 239 229 246 216 212 214 215 224 223 276 297 305 304 310 271 275 270 273 279 282 292 284 300 285 299 291 283 286 293 281 295 288 170 167 174 193 192 186 179 180 175 187 65 190 93 86 78 83 101 67 70 176 160 153 152 158 156 209 208 112 107 117 108 115 116 129 142 128 18 22 15 104 54 48 52 39 74 77 96 82 72 73 76 64 75 87 102 98 99 182 195 204 203 194 181 66 198 94 188 183 191 90 68 71 85 79 84 62 50 49 45 55 317 43 44 57 59 19 24 6 30 40 92 91 97 100 207 202 201 206 95 80 56 53 33 12 21 103 17 14 135 225 211 237 234 213 313 220 221 230 217 109 240 222 233 290 287 294 307 312 205 302 308 309 306 178 189 184 177 89 197 88 196 185 60 36 31 20 26 25 13 134 136 143 231 241 247 256 166 265 277 298 280 252 315 255 250 245 249 253 144 163 148 161 154 162 210 155 149 164 172 61 169 173 139 242 110 118 227 219 218 248 318 244 228 235 226 251 289 260 257 266 267 263 262 238 140 243 236 254 165 171 301 199 311 200 303 278 296 274 272 268 264 261 258 259 269 141 146 151 159 168 157 147 150 145 138 130 131 123 127 122 124 111 3 27 37 51 32 16 125 137 38 34 35 120 9 8 2 10 11 7 : 1407.55
1 2
1 11 6 21 15 316 43 59 64 105 62 54 46 53 52 58 40 44 32 28 20 154 145 132 129 113 240 314 252 251 254 257 278 260 266 315 288 290 289 308 281 292 294 303 311 301 302 195 194 204 182 172 177 191 184 178 169 61 147 151 136 127 108 106 5 111 130 220 107 4 13 115 123 138 131 114 133 146 122 117 39 161 155 159 149 152 160 158 157 150 142 208 51 24 45 49 48 50 56 317 42 35 250 259 264 261 273 267 268 263 243 221 139 140 232 235 227 286 170 277 193 285 168 181 185 65 95 197 102 89 93 101 207 100 201 190 189 187 206 202 196 87 98 88 176 175 200 198 205 306 307 312 192 293 171 167 163 156 38 70 80 81 73 85 74 76 99 92 71 68 82 91 96 97 90 75 83 67 79 77 84 78 86 72 188 186 180 179 174 165 166 274 244 214 313 239 242 233 236 226 223 215 224 249 271 276 284 270 299 287 282 280 283 199 305 310 309 300 298 304 297 291 296 295 265 262 272 275 318 279 143 144 258 269 253 245 248 246 255 256 247 213 228 234 211 212 219 119 118 110 218 225 231 241 237 217 216 109 121 124 128 137 134 164 203 94 66 183 173 210 141 230 222 229 238 148 162 60 209 153 18 16 25 30 103 22 29 23 3 2 7 9 112 125 126 120 135 34 14 116 37 33 27 26 19 36 17 8 31 41 55 69 63 57 47 104 12 10 : 1401.87
1 3
1 2 29 7 10 117 125 118 242 143 260 266 261 274 224 248 247 306 308 288 292 301 293 282 296 290 304 193 192 204 195 175 191 194 198 207 94 96 90 98 95 99 196 188 190 202 100 206 70 88 197 201 174 155 164 135 136 50 55 40 15 104 42 47 46 54 25 34 134 39 35 48 80 72 67 102 97 92 68 78 37 22 12 20 11 21 150 38 121 209 13 107 4 113 128 149 271 273 267 251 253 314 240 231 212 243 220 232 233 170 178 182 181 176 169 87 173 186 179 159 133 208 126 106 111 112 115 8 103 3 17 28 27 16 5 120 138 123 108 145 210 156 162 211 230 252 250 114 217 216 109 141 124 116 127 33 19 61 168 199 171 163 146 151 157 259 258 255 222 226 235 237 249 264 302 309 284 303 283 291 285 300 310 305 276 318 275 315 280 272 268 256 262 286 279 299 295 307 312 205 167 144 187 185 184 60 189 172 289 278 281 294 165 265 254 257 227 218 219 228 214 215 213 139 313 132 137 153 154 148 158 147 56 59 45 81 76 69 75 86 82 79 71 91 74 85 83 101 93 84 64 57 49 62 89 317 43 41 44 36 18 9 129 130 241 245 223 229 234 110 119 269 277 287 166 142 131 122 225 221 244 236 246 238 239 140 263 270 298 297 200 311 203 152 161 180 177 183 65 66 160 63 77 73 30 32 26 14 31 23 24 51 105 58 53 52 316 6 : 1672.78
2 0
1 55 299 266 117 109 118 316 65 9 27 176 265 131 280 278 179 19 284 134 233 222 231 232 142 294 214 268 230 151 29 227 251 273 66 161 125 210 74 225 239 318 298 220 192 241 309 84 72 35 145 34 288 148 249 194 101 83 287 86 167 313 100 52 247 311 187 285 49 14 206 154 274 263 252 5 114 162 208 144 218 291 283 303 64 269 178 217 259 261 290 57 159 13 97 68 16 81 277 306 224 141 153 156 8 113 255 276 297 262 196 88 137 47 195 175 12 17 160 223 216 37 15 170 94 271 143 219 257 236 270 155 48 168 163 136 91 54 202 70 258 53 127 11 40 44 107 32 221 253 305 296 90 165 302 89 85 25 73 33 61 39 146 243 235 46 122 205 189 188 95 171 197 242 226 152 23 6 69 43 82 50 93 80 250 245 215 22 51 213 240 198 207 78 185 135 2 67 96 238 260 132 317 111 166 234 56 28 304 264 77 92 203 177 173 310 244 172 59 315 200 139 38 126 36 286 20 292 254 140 42 184 199 150 289 62 119 24 204 301 63 7 10 112 110 307 295 4 21 76 3 229 147 164 99 123 157 182 58 308 256 174 71 190 104 133 272 293 314 211 169 41 186 138 18 300 129 120 116 103 98 124 75 281 248 237 128 267 105 102 282 30 87 181 26 45 130 191 275 201 312 79 106 212 108 209 149 183 180 228 193 279 246 121 115 31 60 158 : 5003
2 1
1 106 313 68 85 92 16 5 122 207 190 55 131 289 89 107 128 130 196 169 59 209 305 298 243 97 201 188 29 96 293 205 165 263 109 221 247 280 99 102 137 142 259 24 45 84 46 249 304 296 234 155 287 239 124 164 2 56 58 14 86 140 48 138 315 200 192 52 231 147 306 254 269 31 71 74 274 266 241 91 139 172 81 118 136 22 292 198 182 10 290 308 134 13 9 150 112 183 101 79 73 163 225 95 88 103 8 54 94 202 3 111 179 181 307 157 27 70 126 167 174 121 238 240 212 168 261 123 104 113 248 252 125 63 311 230 246 216 186 173 105 156 193 270 251 197 210 159 80 82 235 160 217 237 77 191 180 218 214 310 154 220 223 262 90 199 276 144 33 18 161 195 256 133 69 257 301 309 297 114 145 175 43 203 158 187 185 83 4 206 110 153 267 277 279 194 166 286 255 288 152 76 65 38 25 300 178 87 278 7 250 34 228 36 302 117 229 226 275 51 28 17 115 258 72 119 93 78 149 151 264 108 50 57 120 213 41 219 189 291 15 26 30 177 100 295 236 170 211 272 268 47 64 135 242 42 40 303 141 284 44 222 215 224 184 132 21 75 11 127 67 20 61 60 312 62 162 227 285 53 37 233 273 318 294 98 39 316 148 204 244 265 314 176 245 171 19 6 32 12 23 253 116 208 299 35 317 49 283 66 146 282 143 271 281 260 232 129 : 4997.74
2 2
1 199 28 42 243 33 40 50 184 75 47 121 146 155 280 250 276 225 66 203 176 308 41 153 62 170 123 131 126 9 318 163 103 290 44 43 316 107 195 117 72 8 191 307 164 25 51 235 245 104 178 77 45 220 234 4 115 71 13 275 81 167 295 205 291 78 268 18 130 300 285 209 100 53 63 304 230 213 127 137 61 22 19 17 282 305 288 215 270 112 5 128 174 296 287 298 109 263 73 20 21 172 175 236 180 125 54 67 49 68 198 284 135 258 84 222 141 312 97 143 233 59 228 185 136 69 102 240 134 34 210 229 197 256 299 173 208 93 252 119 23 95 177 246 218 292 79 29 92 58 289 156 311 306 38 315 88 64 114 105 57 96 281 15 86 76 196 89 239 118 36 80 204 309 122 161 138 149 154 159 194 82 111 132 216 99 294 221 165 124 262 171 313 160 201 273 113 108 277 145 206 90 91 83 16 106 39 70 249 37 253 98 169 56 14 26 6 12 3 189 183 207 11 2 182 151 214 259 266 35 286 219 244 248 264 247 254 260 241 278 200 116 140 110 60 148 193 27 302 265 255 202 52 237 150 274 242 24 7 55 179 142 227 223 211 129 301 147 272 32 317 85 231 10 187 293 314 190 310 257 232 46 133 48 87 101 188 168 181 158 120 224 297 217 65 192 157 152 94 283 267 31 303 30 74 144 162 279 261 238 139 186 271 226 212 251 269 166 : 5117.65
2 3
1 37 8 115 216 131 137 149 163 129 61 47 314 113 179 60 55 209 212 251 263 291 139 258 151 215 236 232 16 241 161 133 10 48 74 80 40 59 89 176 184 130 247 142 108 13 299 193 101 200 190 153 39 111 162 156 38 73 308 289 170 267 211 221 103 134 264 227 192 296 167 196 194 15 86 271 273 127 128 317 79 266 225 145 67 92 35 64 99 83 31 51 6 36 159 265 195 204 180 201 288 307 174 4 110 164 147 198 90 70 7 11 21 22 18 23 29 279 304 290 242 85 100 175 292 197 168 98 187 306 189 235 310 275 285 276 298 246 231 27 56 274 66 44 237 172 230 239 150 217 252 238 171 269 116 158 268 284 280 254 138 182 312 311 302 140 26 20 125 294 166 228 119 259 152 124 9 19 104 123 54 71 68 183 43 118 186 218 244 243 250 229 143 286 260 300 278 141 257 234 144 165 303 282 270 297 208 24 77 210 157 65 62 105 107 126 255 261 226 136 173 46 93 207 188 169 202 203 272 42 316 63 30 315 222 223 146 155 28 12 5 283 295 199 277 305 318 293 214 224 240 233 287 82 96 102 256 213 106 17 135 249 248 301 191 58 76 309 185 52 53 97 88 84 69 206 95 177 81 253 3 2 14 121 114 33 117 148 34 57 41 94 160 49 72 50 219 262 178 45 78 32 122 205 75 87 245 154 132 313 220 109 281 181 91 120 25 112 : 3924.12
3 0
1 56 240 282 306 185 57 293 48 67 311 221 161 316 91 30 133 249 199 169 149 54 89 125 2 36 201 86 69 251 9 61 8 13 83 273 143 291 10 19 26 136 193 3 254 274 258 7 11 14 71 55 25 96 202 82 179 166 270 233 113 158 38 119 184 168 106 256 245 42 151 203 288 196 181 31 87 298 144 128 218 204 76 175 39 108 28 98 163 70 75 33 43 52 21 287 304 131 104 269 243 111 58 78 290 189 265 303 137 229 241 268 211 231 29 23 20 292 146 6 4 234 115 226 101 130 207 45 99 16 266 165 267 278 297 182 305 170 286 90 105 46 272 162 253 308 299 192 178 261 190 214 132 68 74 232 215 223 121 317 60 213 183 300 312 37 53 129 85 124 50 72 51 210 307 239 289 277 94 174 81 92 97 12 147 167 173 281 259 301 283 139 32 135 247 205 157 209 95 118 109 17 126 159 107 18 186 187 24 22 191 172 73 34 40 188 177 279 248 127 252 154 217 200 302 236 112 219 93 257 153 123 5 212 228 77 155 276 160 180 41 206 315 255 116 280 284 100 227 65 262 176 140 164 225 244 117 35 47 197 142 141 114 230 156 84 102 62 27 294 152 224 237 110 313 208 235 120 260 122 63 44 88 103 275 246 194 79 285 222 318 271 134 216 263 309 295 264 195 150 171 250 242 15 220 238 198 310 138 80 66 59 148 296 145 314 49 64 : 5068.72
3 1
1 14 11 57 216 235 32 17 63 40 259 70 215 154 38 286 291 134 151 311 221 88 117 219 181 261 112 13 122 296 204 288 242 287 106 260 276 267 238 30 115 232 279 188 162 264 210 201 128 108 265 99 249 245 132 281 278 35 317 59 80 36 127 146 194 258 31 150 94 87 142 313 137 51 114 65 49 168 147 315 110 44 41 156 155 2 121 78 187 234 217 220 183 84 153 148 205 246 166 71 45 28 273 202 297 302 5 68 209 145 69 29 160 131 174 133 186 180 77 53 140 228 229 192 316 113 60 173 116 15 206 9 199 307 280 252 42 76 81 74 130 95 62 67 163 184 83 244 214 218 263 271 293 109 143 230 274 66 144 237 82 182 93 212 236 152 12 37 103 16 104 161 136 107 226 284 158 54 52 48 239 227 223 126 224 303 275 262 177 175 292 111 139 196 24 300 240 289 90 91 98 176 225 10 285 283 185 208 138 167 207 211 179 213 125 120 195 301 105 75 4 27 6 141 310 272 191 58 33 25 203 306 34 23 73 89 164 256 102 123 197 46 119 305 92 100 72 312 178 266 3 19 233 169 198 247 268 165 157 39 299 193 314 129 170 257 171 255 97 7 50 18 20 135 8 231 222 79 254 294 251 298 85 270 269 43 118 200 290 309 304 241 172 250 55 26 243 159 96 308 61 124 318 190 248 253 277 64 56 47 86 189 295 149 21 22 101 282 : 5043.91
3 2
1 70 89 42 34 302 139 143 188 212 169 275 203 61 75 189 94 152 312 31 46 40 116 308 199 301 304 300 288 51 112 208 54 63 84 200 234 231 232 266 110 151 39 161 191 124 107 317 20 242 215 117 247 7 213 217 287 305 256 147 272 122 85 179 62 190 298 221 35 29 16 28 258 142 23 38 137 284 318 103 92 289 96 183 87 119 77 141 67 261 175 104 314 252 223 246 277 290 150 24 73 101 133 228 118 136 21 115 60 263 299 172 164 182 250 279 108 113 167 174 209 201 257 206 130 98 303 306 158 249 187 296 233 251 102 134 265 211 276 17 128 222 36 153 184 6 106 41 145 81 53 148 186 144 297 88 66 237 230 244 245 273 316 83 79 170 255 281 291 76 48 264 214 109 292 259 205 311 2 315 25 44 196 283 268 166 254 226 99 30 207 204 173 15 5 126 140 274 241 57 27 82 218 114 149 225 171 56 12 58 78 71 3 37 47 193 22 86 33 280 224 13 253 100 14 68 229 69 72 65 309 157 310 307 185 165 123 59 90 49 146 216 197 243 198 135 160 262 91 282 95 26 132 121 120 285 235 163 238 260 210 239 178 64 159 9 45 219 270 236 129 162 80 32 19 138 125 294 271 180 267 295 177 127 55 192 168 220 248 156 176 10 97 93 74 313 240 227 111 105 154 293 269 4 202 11 181 286 43 18 195 194 131 50 52 155 278 8 : 5045.71
3 3
1 50 46 101 75 69 201 202 172 197 170 72 105 60 65 17 103 81 127 13 209 159 52 44 107 142 156 210 182 117 164 74 228 304 115 73 96 92 98 39 213 147 195 303 199 21 24 116 134 146 118 132 227 247 226 241 94 78 109 222 30 54 99 248 271 254 261 246 133 131 12 18 211 289 269 257 214 255 251 287 276 253 238 108 36 194 308 286 22 11 249 235 233 162 121 112 42 120 61 258 250 129 317 104 49 76 10 8 82 178 204 193 305 288 314 207 293 138 216 264 267 198 186 158 243 16 38 25 137 279 136 111 141 140 224 301 192 306 302 223 236 144 58 143 71 93 177 203 309 200 295 231 23 37 9 157 59 31 106 230 313 168 284 280 299 311 161 90 15 220 119 240 263 262 135 62 187 176 80 275 291 160 171 190 232 244 215 145 122 208 154 155 26 28 316 87 184 149 100 175 260 274 47 97 66 206 179 114 41 153 272 290 167 315 256 268 277 225 212 7 128 181 298 294 218 259 242 113 166 285 273 188 205 43 56 48 57 33 29 3 245 239 152 180 45 183 196 89 102 150 34 19 282 292 307 312 310 67 77 148 221 234 4 32 20 68 83 79 86 191 165 88 27 84 70 174 300 173 296 163 281 270 229 237 252 278 266 151 14 5 64 91 85 95 189 169 265 110 125 123 53 63 51 139 283 297 185 124 219 318 217 55 6 40 130 126 35 2 : 3808.54
4 0
1 7 11 103 30 59 51 73 64 85 84 90 75 66 182 177 169 173 87 65 62 80 74 63 81 79 72 83 68 82 78 69 77 96 89 188 184 206 198 190 172 88 191 185 168 167 174 179 295 175 180 146 116 112 4 14 107 115 154 60 203 201 197 95 57 316 55 43 163 157 200 268 259 140 235 240 270 280 291 272 284 285 303 292 294 286 289 287 143 243 118 139 233 238 228 246 254 253 314 257 263 256 147 148 232 225 220 221 121 133 234 245 244 248 249 318 273 274 279 239 231 241 142 149 160 34 20 26 10 6 18 9 3 2 19 17 16 36 136 126 135 127 35 164 178 186 205 302 192 311 308 300 282 277 269 247 255 252 261 262 236 237 217 109 211 113 130 125 137 111 117 122 132 229 213 216 219 218 223 214 215 224 227 313 242 230 222 226 144 250 260 315 266 264 267 258 165 189 187 183 176 207 195 194 166 171 288 170 278 296 290 306 301 307 312 199 281 193 293 265 251 275 298 304 297 276 271 283 299 309 305 310 204 202 100 70 91 86 92 97 98 76 67 71 53 58 105 61 159 158 161 153 155 150 162 156 141 151 152 181 94 196 99 102 101 93 138 124 128 38 42 41 50 54 47 49 56 317 48 40 46 44 37 145 108 119 110 212 106 13 208 120 114 123 131 129 134 209 210 39 52 45 104 24 28 27 8 5 25 23 32 12 22 31 29 33 21 15 : 1422.19
4 1
1 7 20 2 32 22 29 21 45 65 201 207 94 206 177 178 179 100 75 81 82 67 69 63 41 53 58 61 85 84 83 77 78 105 43 47 39 57 104 28 103 18 37 42 54 50 31 23 122 220 217 211 213 228 235 243 212 110 120 124 137 121 14 115 112 111 4 106 107 17 24 12 15 16 27 185 175 180 186 195 311 312 306 285 308 309 300 277 301 315 268 253 249 227 222 140 260 238 233 234 224 219 237 241 257 264 269 166 251 265 275 304 318 248 270 271 272 273 252 247 314 244 279 289 281 296 297 298 299 291 276 305 310 284 280 256 263 262 267 261 223 245 246 242 250 225 232 109 221 216 118 138 208 134 135 25 46 55 40 36 127 125 141 151 150 153 38 126 117 129 123 130 229 215 214 218 226 236 230 128 13 108 114 113 142 133 35 5 8 6 160 168 165 288 282 290 278 303 302 307 189 187 167 159 209 145 154 161 143 313 254 255 139 119 239 231 240 116 132 149 162 146 34 136 148 157 152 156 164 60 181 203 198 191 188 87 88 99 176 172 174 200 295 287 286 283 294 293 171 274 292 170 192 193 199 205 204 194 183 95 184 163 158 210 155 131 147 258 266 259 144 182 169 173 190 202 66 98 90 196 197 76 74 70 73 96 68 91 89 93 64 97 101 92 102 80 86 71 72 49 48 59 56 317 316 44 52 79 62 51 19 3 9 26 33 11 30 10 : 1462.76
4 2
1 2 3 11 29 24 19 33 54 50 135 112 4 5 34 137 44 59 104 55 316 67 84 72 68 73 99 98 102 96 91 92 79 82 48 153 56 45 105 317 31 7 103 32 26 17 18 8 183 186 179 192 170 294 309 308 305 283 286 266 185 181 148 151 157 132 129 131 106 128 125 126 46 52 39 43 41 51 42 57 58 63 66 71 93 95 182 150 35 209 160 62 70 190 188 202 197 60 154 47 49 40 37 21 6 20 36 76 86 69 80 85 90 78 74 77 83 64 75 81 89 101 97 206 207 176 65 173 175 246 253 263 272 158 146 138 123 141 145 172 174 88 187 94 195 204 194 196 100 201 189 87 178 180 159 184 177 169 61 162 163 168 147 142 238 242 218 233 113 212 245 318 298 304 280 278 281 288 293 292 290 279 296 166 260 315 143 259 313 214 211 222 231 241 240 230 236 227 213 226 258 139 244 254 284 282 295 307 303 310 276 297 275 291 300 299 161 165 171 274 277 289 265 256 285 306 302 193 312 311 205 199 287 301 200 191 203 198 164 155 152 167 156 250 271 223 224 215 249 248 262 267 273 268 252 251 239 257 261 255 270 269 264 314 134 130 140 118 217 110 221 220 109 117 149 38 127 124 133 115 13 121 144 216 237 225 243 228 247 235 229 219 234 232 119 122 114 210 14 116 15 22 10 25 28 53 136 111 107 120 208 108 16 9 23 30 27 12 : 1626.71
4 3
1 2 10 25 16 31 32 12 27 23 30 53 43 40 47 104 58 91 84 69 85 79 76 67 83 82 51 46 57 56 59 105 93 72 89 195 196 180 164 134 120 129 128 135 137 117 130 123 131 122 138 14 13 125 5 106 111 108 113 121 133 112 107 24 126 95 177 179 66 187 205 301 308 310 270 254 263 285 286 297 305 309 279 272 268 253 262 266 168 170 171 174 152 148 154 153 42 41 62 294 276 275 318 298 304 311 307 199 292 242 239 110 124 146 149 220 211 109 232 231 143 259 277 273 283 267 166 278 260 144 222 227 241 237 234 247 315 261 245 235 244 252 248 249 257 269 281 288 165 255 246 258 265 264 251 271 291 287 274 289 306 312 200 203 190 98 75 81 90 191 184 173 183 172 186 194 163 155 145 115 116 34 140 225 236 229 226 224 214 215 223 240 243 119 114 221 118 230 238 282 290 296 293 295 185 167 198 88 65 60 64 74 70 161 160 61 63 169 189 178 157 141 132 142 139 313 213 216 228 218 219 212 217 233 250 314 256 280 284 300 299 192 193 303 302 204 201 202 206 94 87 182 99 77 86 73 102 92 80 97 71 317 54 52 316 49 50 44 33 21 28 37 19 3 8 4 9 18 127 39 38 26 36 20 17 35 208 136 181 175 210 162 151 147 158 159 156 209 150 100 176 188 197 207 96 101 78 68 55 45 48 11 6 15 103 22 29 7 : 1508.36
5 0
1 16 299 93 57 190 64 289 272 260 224 308 237 268 265 121 160 314 27 207 281 126 90 166 21 165 198 60 95 175 275 10 109 297 113 273 276 191 53 239 317 295 105 41 188 81 66 303 194 76 313 229 220 34 164 39 103 7 98 199 157 101 51 79 119 147 203 187 301 136 186 44 155 92 28 142 305 106 240 143 309 180 108 256 253 38 264 171 71 42 259 19 63 61 4 127 17 99 18 3 58 24 56 153 221 123 97 49 12 144 278 214 43 8 32 25 178 282 293 196 284 208 163 310 124 195 223 222 68 210 262 233 140 91 228 261 318 304 185 184 120 110 50 135 33 69 176 116 159 298 255 270 267 246 285 117 161 82 152 279 250 168 37 70 139 296 26 294 192 242 48 134 231 252 226 47 245 148 211 107 248 83 137 112 9 75 174 193 169 77 89 94 88 202 283 266 236 100 67 40 55 87 213 111 36 84 59 30 114 291 14 219 217 249 23 46 54 62 150 122 189 141 138 209 15 73 11 197 65 177 205 243 212 235 118 290 277 115 225 287 300 154 179 316 35 274 302 234 227 315 85 156 151 20 102 129 181 201 232 292 288 215 218 86 172 72 311 173 206 269 241 2 104 254 258 162 167 183 312 133 125 146 132 131 238 145 78 22 128 13 200 230 204 247 251 80 31 6 96 5 271 306 307 263 52 158 130 216 45 170 244 182 74 280 257 286 149 29 : 5050.19
5 1
1 42 189 249 156 146 97 4 199 50 211 153 163 210 70 40 250 68 172 81 105 308 318 179 180 86 83 126 109 117 235 48 181 184 296 205 206 166 271 292 16 220 28 9 32 315 287 147 130 84 262 143 260 233 246 29 173 73 248 31 196 112 116 26 183 266 18 141 34 136 43 10 154 133 127 237 129 33 27 252 57 6 39 170 238 175 30 91 66 309 299 7 46 145 138 82 80 69 111 35 41 177 123 60 297 79 190 161 87 104 22 12 2 198 174 197 191 8 75 96 63 275 219 274 251 253 113 276 140 44 71 98 278 118 285 289 306 243 221 216 239 88 142 229 21 204 228 222 264 121 255 110 53 313 268 305 280 269 195 284 240 106 169 232 207 186 158 61 294 288 182 201 298 258 227 85 54 17 122 214 257 279 194 115 20 11 281 131 236 230 226 203 200 263 135 24 3 144 242 212 139 159 310 307 150 213 38 317 64 65 188 290 234 25 282 267 120 13 23 311 303 89 47 152 261 178 231 134 137 302 272 99 215 101 15 165 254 300 193 52 202 185 103 59 67 77 90 283 151 148 95 155 312 124 265 162 218 164 209 45 49 58 171 36 93 247 167 176 132 225 273 291 277 92 5 108 270 223 192 293 316 55 51 157 259 149 241 244 119 114 78 19 301 102 94 208 160 314 245 224 256 217 107 125 168 286 304 100 62 128 37 76 72 187 295 14 74 56 : 4799.35
5 2
1 138 249 318 247 36 290 125 95 214 216 184 181 37 297 117 306 307 46 168 18 282 160 140 200 305 275 70 89 12 150 135 292 299 151 175 119 53 133 161 62 93 254 241 114 301 264 239 246 171 286 16 40 232 66 213 26 164 302 195 295 219 98 115 124 192 102 77 155 190 103 251 158 88 284 121 7 236 237 224 86 92 87 33 198 44 300 141 196 202 208 278 182 167 215 288 163 67 285 313 259 269 283 287 270 253 315 68 281 174 276 279 179 228 27 60 233 240 118 122 123 120 223 268 30 55 80 13 250 82 90 101 203 312 245 188 260 242 74 296 128 314 146 289 22 91 34 107 193 42 310 148 277 272 206 99 267 6 71 248 308 65 39 38 41 4 25 317 72 96 78 153 185 104 56 112 49 57 73 210 129 10 31 20 222 211 271 165 280 24 63 266 170 263 5 105 149 108 258 81 220 187 69 21 15 316 64 97 130 127 48 8 17 32 3 2 137 147 177 218 256 43 304 257 52 45 100 50 132 234 173 201 58 11 274 143 139 229 111 47 226 35 199 183 235 243 244 231 176 166 189 180 205 194 106 294 261 144 59 172 84 265 293 303 9 221 178 152 23 230 109 191 61 273 14 291 227 136 79 51 169 217 28 238 156 29 212 309 134 209 154 113 207 197 252 262 110 225 75 204 83 159 19 145 94 126 116 142 131 311 298 85 54 76 162 186 255 157 : 5140.31
5 3
1 31 71 17 55 111 25 82 95 301 147 135 74 63 149 243 246 235 108 222 266 282 308 224 137 199 261 251 237 134 136 139 258 230 254 262 241 214 228 273 6 8 22 103 65 310 304 295 205 183 197 118 113 120 249 234 123 26 44 24 112 164 178 98 81 45 186 162 150 232 220 250 144 294 119 4 306 85 75 194 182 169 88 38 151 168 179 184 126 174 59 66 117 260 165 193 292 259 231 185 29 69 101 78 36 67 129 35 37 58 115 300 219 239 253 269 265 240 236 244 286 170 34 127 124 177 152 257 133 50 238 109 252 315 203 204 102 104 2 12 15 21 7 41 57 94 99 268 212 143 274 56 72 49 64 153 53 155 160 146 256 223 298 27 33 62 92 84 89 70 87 145 159 121 213 226 180 198 173 79 54 217 229 225 318 263 233 227 190 128 216 114 125 32 16 316 148 181 206 172 61 157 158 196 270 305 211 140 40 60 242 287 275 20 11 3 14 189 297 202 167 122 200 23 138 48 76 43 10 30 28 19 46 288 290 314 303 279 281 309 13 317 39 52 42 83 90 93 51 73 201 171 245 247 142 156 255 264 283 284 307 207 248 289 195 313 276 280 187 161 271 132 267 312 18 130 106 215 218 221 299 285 291 293 154 296 278 77 209 116 141 9 107 175 86 68 47 131 210 176 277 192 110 5 208 163 105 191 272 311 188 100 302 166 97 91 96 80 : 3776.9
