0 0
1 236 212 79 73 314 254 235 275 42 230 248 162 281 229 169 237 297 218 315 154 307 200 199 28 240 211 150 208 301 205 317 65 16 131 22 257 278 4 66 176 61 274 40 148 75 125 194 82 35 163 12 141 213 214 224 252 81 226 179 268 68 287 140 204 144 157 233 37 282 244 97 104 48 7 29 155 18 207 94 279 130 182 269 251 120 174 57 242 27 64 171 270 309 311 223 107 193 172 78 276 288 52 117 209 312 310 285 128 69 30 105 54 225 41 43 23 39 259 91 196 158 71 112 277 273 177 152 133 227 175 51 74 243 222 159 151 34 246 149 290 55 122 265 219 129 232 132 305 164 263 216 190 170 124 84 184 291 192 173 153 267 294 261 316 47 260 33 19 96 53 100 26 181 197 17 2 165 264 160 139 295 300 239 5 8 83 127 31 10 247 56 167 80 296 13 138 86 198 50 95 121 123 185 59 146 114 256 266 134 210 201 147 180 306 103 195 58 289 116 76 234 245 255 32 20 272 304 241 284 286 280 25 145 67 221 135 137 62 302 110 250 36 231 44 136 85 253 156 313 14 6 126 143 258 113 92 46 161 299 11 98 109 111 15 118 119 63 318 88 215 191 70 187 206 228 220 217 292 178 189 49 72 168 283 308 303 293 298 101 202 24 93 203 89 77 238 115 21 9 166 90 60 108 3 183 186 249 99 87 271 38 106 188 262 142 102 45 : 5389.1
0 1
1 248 281 283 193 159 145 179 21 110 104 91 150 167 154 293 80 81 311 200 208 114 215 46 9 121 108 57 126 14 166 282 231 198 174 177 221 28 269 262 183 181 226 89 188 218 74 148 173 40 304 273 260 233 118 227 62 122 202 254 318 308 305 131 119 140 217 78 107 160 116 38 210 172 76 52 6 317 51 212 144 184 206 10 67 72 234 139 266 296 149 275 298 315 25 259 312 295 257 169 153 314 156 142 165 127 186 87 196 102 294 3 12 261 243 241 309 263 79 316 105 265 253 277 213 100 85 92 203 272 64 155 68 232 291 26 47 168 170 276 49 82 53 17 130 182 90 11 161 175 7 158 146 106 279 125 29 54 163 187 307 143 220 66 120 222 229 267 176 249 225 246 124 162 37 43 86 103 39 141 129 63 113 230 111 270 211 44 70 216 50 138 112 99 137 96 27 13 207 271 151 280 94 301 147 133 71 255 204 286 59 180 35 287 32 237 264 191 300 56 23 209 223 190 250 164 195 236 77 101 132 303 313 65 88 284 288 16 239 185 242 310 205 135 199 289 258 8 128 136 251 41 194 189 292 197 60 268 256 95 192 84 34 115 61 36 299 157 252 224 117 152 24 240 244 5 238 297 274 247 55 18 290 83 4 178 48 278 31 20 42 73 30 245 109 2 15 22 235 134 75 171 19 58 219 69 302 97 306 285 45 33 201 98 93 228 123 214 : 5315.61
0 2
1 136 290 212 108 104 14 58 166 17 162 97 181 106 175 77 10 149 228 204 293 115 36 24 94 124 307 278 298 276 21 4 266 226 60 223 73 33 20 306 169 126 197 153 7 112 220 182 90 176 161 47 50 143 252 83 191 256 187 117 66 259 196 96 57 122 42 51 294 86 289 163 44 22 308 227 282 43 240 157 48 140 55 236 100 258 255 146 105 284 312 281 292 171 203 201 15 134 70 142 277 130 139 311 215 224 75 56 32 82 155 35 26 170 205 88 18 219 300 31 291 279 156 244 250 206 3 9 260 211 237 183 78 40 37 159 218 248 87 199 194 39 200 101 210 16 164 267 283 231 65 53 99 54 113 76 286 275 186 167 29 64 253 11 209 261 190 178 296 179 302 273 257 69 280 207 180 185 310 288 5 247 268 239 147 46 68 145 314 271 109 262 41 72 67 216 98 202 89 62 172 174 150 93 141 188 79 195 313 107 189 80 127 208 133 8 120 131 270 85 232 121 103 38 84 138 110 177 287 272 225 213 242 230 118 13 305 102 52 128 214 243 34 184 301 25 221 192 285 264 263 315 74 317 2 119 234 304 95 303 28 45 19 49 92 6 316 30 198 229 222 132 129 309 125 111 137 295 173 160 158 81 233 246 265 154 61 135 297 217 165 144 63 148 168 274 23 91 71 249 123 269 235 318 151 152 193 114 241 116 238 245 27 59 254 299 251 12 : 5176.08
0 3
1 266 316 174 204 269 160 201 188 83 107 128 303 182 127 224 292 253 81 65 225 139 41 80 126 123 49 44 79 250 8 294 91 134 136 78 141 28 33 275 228 212 18 240 285 179 195 159 143 112 131 22 205 259 115 287 84 52 4 260 103 301 308 312 271 295 5 36 113 13 245 45 274 307 231 31 16 215 86 184 190 186 177 289 189 62 151 46 165 71 6 70 54 37 40 158 264 21 248 110 256 101 280 98 171 252 117 185 119 75 95 17 30 59 138 55 29 261 197 313 155 12 105 142 175 291 270 251 25 130 216 121 77 276 247 38 254 10 246 267 19 69 311 26 60 63 53 272 263 167 173 282 296 172 262 122 163 284 169 181 153 244 298 85 279 109 32 168 97 305 306 99 102 66 61 170 221 203 194 281 200 283 106 76 317 104 161 243 147 223 288 286 176 15 108 118 236 222 140 150 196 164 68 235 220 273 238 214 20 198 302 94 304 213 257 241 232 249 124 90 154 120 125 156 27 47 218 207 34 48 3 93 229 255 191 297 187 135 88 234 242 178 82 24 233 239 166 74 14 9 206 114 132 290 148 73 96 67 180 183 199 58 210 258 157 42 7 23 56 89 192 145 11 162 35 299 268 43 100 217 111 39 72 278 116 211 227 265 129 149 230 137 152 293 208 314 277 318 309 133 2 209 315 193 310 226 57 219 51 92 237 144 202 50 146 87 64 300 : 5380.95
1 0
1 141 39 211 247 301 66 151 317 215 277 275 198 136 163 143 41 205 65 53 33 248 227 214 27 232 135 43 115 295 69 244 229 222 236 303 260 84 291 122 126 62 82 164 9 52 208 210 305 44 63 68 132 139 240 173 178 308 256 243 87 78 56 188 153 4 168 251 252 94 242 257 267 124 284 315 182 133 129 281 288 313 25 12 110 160 190 167 293 272 108 162 146 280 31 296 274 298 171 32 10 253 72 241 106 123 169 114 85 224 58 156 181 147 113 233 209 180 201 40 101 309 196 15 207 206 264 290 88 93 64 104 226 174 111 283 161 154 18 23 97 120 144 186 316 221 155 42 107 19 26 49 185 71 250 21 159 165 223 307 137 172 245 254 166 92 112 8 134 212 121 157 80 194 140 119 125 285 29 235 51 77 220 286 318 287 279 109 184 300 314 148 218 36 216 138 179 191 195 310 55 128 24 199 90 100 197 262 217 170 89 14 302 266 37 3 177 73 61 150 57 299 54 259 17 306 265 70 187 48 105 6 117 91 83 79 47 203 130 258 116 261 99 145 152 103 45 22 75 81 304 263 231 269 28 7 237 213 234 176 127 276 311 282 86 5 175 118 16 35 74 98 273 294 246 238 219 249 312 102 193 30 142 60 158 131 149 270 38 76 204 11 228 225 268 192 297 200 34 95 20 271 13 183 189 50 46 289 278 292 202 255 96 239 2 59 230 67 : 5310.23
1 1
1 154 208 189 53 289 300 33 234 229 58 305 217 114 16 15 240 88 177 46 209 144 132 275 297 110 266 212 290 127 201 210 75 87 36 156 148 7 32 47 89 42 21 281 160 27 188 164 200 184 165 308 310 299 176 252 263 86 207 74 213 159 232 11 204 130 250 103 6 39 92 185 43 242 118 138 220 105 198 214 194 31 112 124 169 302 48 166 233 136 143 271 101 301 72 28 3 179 67 13 116 34 241 26 142 52 253 287 298 248 90 121 279 129 317 273 128 202 19 69 190 296 109 230 113 157 277 283 292 193 183 270 197 222 120 303 173 280 231 119 180 155 181 51 56 20 24 151 215 219 93 224 246 227 38 23 95 235 306 278 258 304 243 268 274 106 186 196 12 147 172 94 62 76 187 50 77 125 318 195 288 91 5 315 267 134 153 68 131 163 137 14 66 139 80 35 293 272 82 174 4 10 18 17 40 22 286 262 295 260 44 117 249 254 70 108 203 102 123 313 167 150 41 261 284 216 8 161 168 170 54 158 122 100 149 55 9 2 135 191 85 59 218 178 182 239 37 211 84 199 236 256 221 228 175 79 64 111 73 83 96 255 307 99 259 146 311 269 63 104 61 276 205 152 247 244 141 115 316 282 78 226 107 237 245 285 25 314 140 162 49 294 225 60 265 291 65 171 133 192 57 45 29 71 81 98 251 30 145 264 238 206 223 97 309 312 257 126 : 5321.41
1 2
1 234 249 223 62 289 6 137 222 247 146 143 95 209 207 42 93 77 112 163 96 161 109 316 17 136 277 208 127 244 111 266 174 114 284 11 215 248 165 177 119 212 118 27 61 168 5 121 67 37 129 218 107 120 267 241 245 155 41 18 279 308 282 40 59 44 74 194 90 148 298 188 187 126 89 304 297 230 242 132 34 318 149 261 144 219 20 8 125 117 99 69 21 43 135 226 252 182 85 211 38 283 258 29 260 130 233 39 265 15 199 108 58 32 4 46 91 180 83 51 196 264 9 302 259 124 294 7 24 31 80 159 101 243 237 140 170 139 246 191 87 262 92 257 47 306 312 167 141 295 76 25 220 235 28 54 106 115 303 68 104 217 296 79 231 309 49 64 198 169 53 57 213 103 162 210 263 113 236 172 160 192 48 14 290 185 156 286 291 123 98 272 105 201 84 154 186 171 301 285 300 268 138 78 122 66 55 26 203 311 65 293 164 10 56 281 238 224 133 36 227 240 275 128 134 280 86 274 158 166 19 70 195 71 63 193 292 189 88 288 205 173 150 221 100 305 253 12 50 102 273 204 307 250 239 52 81 116 206 202 75 269 45 216 2 16 181 254 315 270 73 72 271 299 179 3 30 13 313 232 255 276 228 314 184 151 145 317 256 287 310 225 22 229 278 60 183 35 147 94 97 197 178 251 175 82 200 176 142 190 152 110 131 33 214 153 157 23 : 5246.39
1 3
1 171 231 268 258 213 9 178 142 284 208 315 2 259 278 145 7 73 55 316 202 276 109 247 282 54 296 190 196 14 314 126 53 194 250 166 35 297 128 248 10 56 24 273 148 164 121 230 237 317 115 189 23 3 241 173 269 130 6 206 150 85 116 34 156 20 21 12 68 93 236 48 97 287 96 69 232 79 81 136 132 270 251 249 263 80 167 33 266 298 288 38 205 149 224 221 175 318 28 155 227 242 286 40 280 243 172 179 117 162 177 235 238 180 198 301 299 161 210 72 102 92 203 45 70 153 271 199 225 256 122 66 185 146 65 75 37 77 279 98 18 59 253 195 131 11 26 135 83 160 141 110 188 209 100 207 30 86 94 165 42 60 281 303 214 211 293 304 62 186 157 170 105 184 88 22 16 44 201 78 39 147 295 204 49 19 50 31 82 57 46 216 71 120 4 311 64 312 104 233 143 25 218 181 257 222 123 108 215 41 51 169 13 140 245 133 294 302 255 183 84 200 234 260 106 112 134 158 138 212 118 307 8 223 119 272 291 229 47 32 228 252 305 277 219 265 36 313 125 114 43 5 192 239 283 29 191 174 152 290 139 220 91 300 154 176 74 309 124 163 306 182 95 144 67 274 226 17 275 90 15 76 107 264 193 254 289 261 61 246 292 87 267 240 58 308 310 168 159 285 262 113 129 244 217 137 99 111 27 52 187 197 127 63 101 151 103 89 : 5336.14
2 0
1 136 242 236 247 27 41 105 203 201 248 124 301 142 122 218 153 223 216 49 86 316 38 88 5 300 150 266 313 119 298 258 308 94 281 214 137 112 133 13 26 71 11 53 287 210 206 245 249 64 74 183 239 89 204 73 128 185 267 299 99 173 165 175 125 160 164 25 225 116 312 256 293 254 235 179 120 176 144 131 9 269 198 294 211 241 146 72 57 135 156 192 202 184 302 103 238 191 79 317 159 117 277 168 106 46 251 19 82 196 207 50 30 162 282 295 44 200 306 276 270 297 284 17 147 115 75 2 32 290 292 262 126 48 51 149 77 14 65 154 52 20 310 81 97 70 279 288 205 180 222 90 285 193 314 221 7 197 59 56 291 113 233 10 145 54 152 272 260 167 140 261 161 143 107 109 275 231 62 47 155 67 29 102 84 253 232 101 220 111 307 243 104 195 151 166 199 289 274 228 60 264 265 85 42 45 40 138 121 110 186 217 170 273 296 178 280 15 187 227 229 95 213 139 252 3 182 93 259 268 66 309 24 69 244 255 31 158 188 58 114 61 80 305 68 318 100 87 224 174 157 250 263 234 237 304 172 315 108 16 39 63 92 194 283 37 23 91 278 240 4 98 181 163 311 286 246 129 189 177 219 208 123 34 78 127 169 28 212 226 257 33 230 141 132 134 18 171 22 12 8 271 130 76 83 55 148 215 209 190 303 35 43 118 21 96 6 36 : 5173.83
2 1
1 8 23 134 112 161 311 177 179 122 40 312 291 195 38 97 275 270 76 255 176 101 83 24 99 88 95 142 6 32 91 56 146 240 213 281 138 166 109 139 313 302 117 257 309 264 261 316 33 127 276 230 42 198 70 22 141 298 229 232 168 102 125 235 185 45 289 107 231 203 314 162 178 165 188 193 282 104 160 21 57 297 292 170 144 18 13 25 31 295 254 145 68 290 173 78 192 236 224 296 217 237 58 190 63 128 123 10 15 269 223 278 80 197 43 50 194 36 135 4 79 212 163 105 29 129 242 140 317 310 77 82 3 85 84 20 253 54 9 120 226 294 196 143 191 200 293 48 182 305 299 189 11 169 35 256 265 205 159 183 157 260 241 234 121 66 210 274 258 280 86 251 30 60 16 34 39 158 206 284 304 308 89 301 207 164 222 14 51 221 208 2 52 306 288 167 151 115 110 74 199 248 26 219 204 220 175 180 150 184 153 211 131 119 137 49 41 209 202 94 114 152 279 250 148 233 186 155 271 181 252 27 273 118 92 247 69 315 227 239 19 244 214 300 246 307 73 61 100 318 277 116 228 303 283 238 272 55 111 136 286 28 87 53 113 132 124 174 171 98 72 71 126 187 46 225 62 7 263 201 106 154 268 262 108 37 44 245 65 287 93 67 17 75 47 90 130 243 149 156 5 285 266 147 216 12 267 172 103 249 259 215 218 133 64 96 81 59 : 5198.5
2 2
1 151 269 256 223 224 243 142 285 306 85 204 127 181 261 316 2 59 183 83 6 102 84 314 152 135 137 25 15 242 235 318 82 126 44 12 155 199 281 274 270 278 64 60 255 258 28 67 112 148 58 26 5 191 172 11 165 257 227 10 254 161 169 37 201 66 190 56 63 221 308 99 252 173 301 283 294 262 128 310 296 179 237 147 77 95 180 120 119 33 80 86 52 122 32 211 268 222 21 109 3 226 132 49 114 116 164 300 245 40 302 98 234 162 43 298 220 309 208 275 186 160 194 30 34 76 23 139 265 291 312 94 107 263 159 313 244 202 292 55 205 129 130 182 105 188 260 163 81 145 118 57 47 62 61 69 91 45 280 284 315 295 51 90 108 198 236 264 46 233 115 7 144 228 238 232 18 246 304 293 192 38 297 149 217 133 174 150 134 100 196 140 113 299 247 35 171 218 17 286 19 48 210 104 197 141 175 78 193 22 168 87 41 146 31 166 277 206 110 50 54 42 101 303 215 178 176 241 138 8 74 177 79 73 185 14 136 103 92 16 231 156 267 213 240 287 20 53 214 124 97 158 273 311 219 143 266 317 167 305 9 259 216 225 203 279 170 289 131 24 4 288 272 88 187 248 251 68 189 121 276 282 249 253 72 106 123 27 29 13 39 157 250 200 307 207 184 70 65 93 212 153 89 36 96 239 271 117 229 290 230 154 125 71 75 195 111 209 : 5262.83
2 3
1 35 58 310 192 194 199 154 261 49 27 62 124 110 265 184 64 19 42 314 251 280 248 240 159 59 83 85 208 270 260 207 47 285 312 144 100 92 243 266 32 2 84 273 286 101 3 132 304 224 271 181 227 111 87 317 255 274 272 106 9 250 245 96 218 16 166 309 241 296 197 89 126 206 291 313 303 300 43 113 316 54 7 186 269 180 68 288 318 188 122 50 141 311 56 171 28 20 31 82 277 225 107 191 182 193 299 294 275 173 176 8 235 63 137 214 276 153 90 11 127 295 226 293 38 104 51 231 129 217 118 162 4 174 307 223 45 212 281 37 10 117 249 67 259 246 17 189 247 115 114 216 120 278 215 151 262 48 306 98 168 145 230 244 297 290 156 254 205 198 36 195 258 292 222 172 315 213 93 13 236 30 14 185 187 136 69 170 301 220 161 79 131 228 177 70 97 123 121 53 135 74 12 15 239 167 165 25 125 237 263 175 201 142 24 91 5 140 210 66 283 264 133 149 80 152 21 130 257 233 61 44 178 86 18 134 279 298 143 238 305 284 128 282 22 55 102 119 289 150 158 23 88 163 190 202 203 219 157 232 252 302 60 138 268 160 65 105 95 94 234 109 99 200 39 116 242 77 33 308 287 209 256 46 26 253 169 155 148 34 57 204 229 211 267 6 40 29 73 52 41 221 147 112 81 183 71 108 164 146 78 75 196 179 103 72 76 139 : 5339.85
3 0
1 81 229 233 279 151 194 259 51 101 204 199 170 10 197 86 85 34 155 143 61 136 138 183 258 31 104 126 65 220 130 301 59 55 27 111 230 228 215 285 292 113 234 238 98 272 282 161 265 6 48 252 227 209 146 318 248 16 297 132 153 236 283 256 221 47 40 53 29 232 145 82 296 195 67 70 203 218 269 273 306 168 106 212 309 124 41 241 270 254 97 172 100 162 240 260 149 200 313 117 12 284 69 231 26 22 192 52 93 205 201 71 96 56 90 207 187 247 74 121 75 148 178 73 63 127 139 165 264 261 80 68 156 307 286 224 298 291 166 268 188 14 250 17 15 18 176 185 154 253 7 222 193 289 278 105 91 246 290 303 32 208 114 120 216 263 280 281 19 3 116 89 310 312 42 134 219 235 150 157 20 119 202 108 294 33 44 118 275 189 158 249 2 11 54 39 175 266 45 141 109 115 242 300 25 78 99 24 293 62 30 110 147 171 206 88 60 8 135 277 102 186 77 226 243 37 129 28 167 49 174 152 316 123 302 179 50 211 13 262 181 274 142 46 299 190 95 144 38 159 125 9 84 314 173 35 133 94 276 271 255 210 107 72 225 122 79 305 66 244 160 182 128 180 304 76 57 58 83 36 164 288 87 4 163 315 245 311 223 64 5 239 191 267 21 308 112 251 217 213 177 198 196 137 23 317 43 140 237 184 257 214 295 92 131 287 169 103 : 5264.15
3 1
1 314 140 282 307 80 171 214 87 278 73 248 96 186 93 316 115 152 267 130 181 122 235 253 212 124 77 111 105 17 202 169 104 78 31 242 196 173 251 16 148 33 183 311 50 103 109 233 29 167 172 155 297 199 11 39 136 25 277 102 163 318 108 177 178 168 215 220 64 299 114 246 119 160 174 294 269 271 226 243 72 48 234 52 204 207 42 154 223 229 185 228 280 305 304 290 274 295 190 83 164 132 312 101 60 6 43 47 291 264 262 81 38 153 317 210 315 89 208 258 200 268 63 69 26 225 313 237 270 143 239 161 191 170 279 180 20 12 179 250 5 257 273 56 91 227 213 298 231 254 156 309 249 37 65 4 293 67 41 15 90 46 94 88 263 112 106 36 45 137 256 32 158 107 125 301 75 92 9 7 306 141 86 206 275 276 296 232 217 18 139 247 189 66 146 272 98 82 205 40 57 71 23 30 74 162 54 76 159 203 84 287 28 116 85 51 117 135 8 59 123 265 259 201 292 147 195 150 198 236 238 222 58 128 224 308 151 24 21 165 61 218 145 110 44 149 118 10 2 266 194 188 252 175 22 68 134 131 19 62 34 255 97 35 310 240 283 244 289 303 144 3 288 302 157 209 284 219 166 121 95 241 27 49 127 281 176 261 260 100 99 193 120 216 53 113 197 285 300 184 126 187 138 79 13 55 211 70 182 221 133 245 129 14 142 230 286 192 : 5262.88
3 2
1 111 212 200 257 234 31 292 236 220 113 59 68 190 315 83 78 102 186 89 87 75 109 238 218 290 191 146 51 130 240 114 173 207 317 117 181 85 277 4 224 21 134 20 198 86 70 110 56 122 43 106 272 243 300 295 281 193 310 174 161 61 185 227 2 178 269 71 265 273 155 32 3 144 278 259 172 237 11 63 64 84 69 303 118 271 176 255 48 175 94 307 131 294 302 199 154 7 57 13 120 92 19 45 55 105 216 286 267 246 182 262 133 252 270 66 177 162 50 160 156 30 72 241 228 210 165 187 287 312 306 250 82 266 100 47 41 223 53 101 170 263 152 194 311 60 235 214 217 74 163 22 95 157 62 203 297 196 167 316 288 308 244 168 25 54 184 137 206 222 126 135 275 264 260 76 183 119 10 158 52 127 143 284 149 314 188 229 93 195 150 124 258 171 112 46 12 9 77 197 301 268 99 128 115 242 145 138 251 309 107 139 233 151 26 27 219 289 211 254 202 81 296 304 248 166 125 192 285 97 36 136 225 23 24 33 88 249 39 8 164 35 108 104 189 16 247 226 98 28 91 96 159 231 49 141 121 282 230 123 209 169 208 239 253 40 65 213 148 37 232 256 6 180 299 14 313 221 67 179 153 34 29 17 205 116 215 129 38 79 276 279 245 42 204 298 274 18 261 280 142 80 44 147 90 283 140 103 58 5 132 73 201 15 291 318 305 293 : 5265.01
3 3
1 137 277 285 50 67 290 287 276 87 154 227 221 157 260 262 29 291 146 255 204 138 163 311 12 17 275 274 211 178 73 63 165 94 168 264 136 24 33 228 167 229 236 148 39 177 182 249 314 55 207 132 231 200 310 308 219 14 265 119 216 103 117 118 271 99 59 282 280 139 281 46 105 75 90 147 162 225 223 113 101 97 104 149 112 187 188 52 8 44 125 164 212 144 34 3 11 7 270 89 49 159 169 120 56 205 71 214 65 16 22 266 247 153 77 170 239 151 248 313 256 174 121 288 98 306 70 232 48 209 217 28 300 127 116 74 292 213 234 114 242 299 218 72 106 25 289 124 6 60 69 93 76 82 171 244 241 30 172 184 317 208 88 158 51 250 95 192 272 83 175 233 42 237 235 197 263 19 41 57 198 133 199 190 305 252 206 47 100 189 254 86 220 226 210 303 111 293 195 92 78 61 66 176 54 79 302 279 152 81 91 183 84 43 107 123 296 110 309 134 126 181 307 115 40 196 53 80 145 58 32 96 304 245 246 257 142 316 143 108 230 31 62 64 179 128 222 267 258 141 140 201 286 298 251 4 215 85 129 20 10 9 315 312 160 35 203 155 109 5 284 27 173 294 194 68 13 269 186 301 202 224 15 150 273 2 37 135 45 295 193 38 102 238 243 185 23 253 268 283 161 297 261 21 240 131 130 36 26 166 278 18 122 259 156 191 180 318 : 5301.48
4 0
1 139 175 90 92 174 40 178 209 14 180 78 226 276 307 306 37 21 316 196 9 116 20 159 50 150 251 222 145 236 231 223 103 160 10 6 227 118 91 87 149 243 262 287 169 156 258 242 289 45 207 268 212 240 311 195 144 110 220 290 167 254 218 282 269 228 51 62 189 53 102 108 314 170 126 28 199 241 132 284 125 127 250 253 263 246 239 194 121 299 193 204 111 271 130 259 148 309 184 8 75 57 302 315 67 172 73 211 120 29 3 157 114 292 237 267 264 146 142 44 97 203 275 278 265 266 298 312 165 198 33 56 273 256 22 100 206 235 7 64 49 248 42 25 297 79 65 63 68 224 197 200 72 147 190 303 185 245 155 134 182 122 35 261 19 291 41 317 106 15 119 13 23 128 88 98 74 39 85 168 304 60 221 153 61 176 313 113 281 293 252 47 129 280 30 99 141 171 210 81 154 294 234 181 216 186 166 58 11 76 105 5 213 214 244 2 285 283 32 124 34 107 36 27 179 277 86 24 173 208 215 77 94 191 161 66 52 123 135 143 300 288 188 46 55 138 54 48 162 201 82 101 59 305 12 71 83 80 255 95 84 187 164 229 117 183 296 272 16 152 158 286 109 163 31 219 38 93 131 308 202 295 205 136 96 89 260 225 192 301 232 26 238 4 247 274 43 112 115 69 318 279 17 104 70 270 257 230 18 177 137 249 133 310 151 233 217 140 : 5215.01
4 1
1 50 101 270 249 30 279 208 290 130 31 103 86 176 34 37 36 233 201 24 82 186 250 115 127 128 94 304 294 40 285 199 291 287 7 317 71 65 312 141 228 129 92 175 100 158 221 276 211 170 275 72 85 247 160 191 227 4 316 243 156 17 25 81 109 278 286 203 113 207 169 310 111 29 102 35 108 234 303 223 143 183 60 163 261 315 214 193 146 269 52 63 120 253 238 194 10 172 154 56 245 215 107 121 232 122 124 181 258 131 110 33 274 148 112 49 55 174 22 220 165 260 178 105 230 288 298 293 187 53 204 188 159 217 222 242 262 157 314 19 206 308 306 87 277 91 251 149 226 300 283 134 3 38 284 162 98 11 93 68 236 132 292 80 13 41 272 240 182 152 79 252 117 16 114 28 268 66 210 74 273 166 313 255 67 200 185 144 241 225 39 257 5 2 235 248 301 8 96 42 155 297 173 305 254 61 75 147 119 125 137 69 18 136 20 95 70 106 167 295 309 256 302 213 195 54 46 6 145 90 311 299 259 12 219 198 244 212 116 266 138 202 190 45 44 118 307 281 189 73 104 88 161 239 263 139 205 179 135 164 84 32 64 184 192 267 197 140 280 9 271 264 296 48 142 153 177 180 59 57 76 77 14 216 209 58 318 78 43 47 83 282 123 150 265 99 97 133 89 224 229 171 168 15 151 23 289 231 21 62 26 27 51 196 246 218 237 126 : 5284.63
4 2
1 4 231 184 183 228 123 166 265 239 147 194 308 295 181 249 177 233 266 216 195 291 241 243 43 110 236 167 203 125 90 94 173 46 250 285 244 313 28 294 150 21 242 260 255 39 73 92 106 232 36 284 272 188 32 208 5 117 134 113 64 120 229 175 74 280 224 153 303 99 6 119 219 164 111 157 215 115 297 290 13 18 197 53 312 288 234 154 132 61 143 298 80 133 226 207 31 30 65 112 142 185 276 217 140 54 316 107 315 7 40 174 8 55 152 33 63 222 59 202 162 189 71 193 237 278 128 186 168 12 75 180 213 256 273 136 227 267 190 19 17 10 118 225 261 314 148 196 198 187 306 318 310 301 283 245 103 22 304 240 126 161 210 139 102 235 156 122 251 34 2 286 51 201 58 279 292 311 191 275 130 24 79 35 300 302 131 317 220 258 209 104 91 26 69 11 52 56 96 259 172 179 264 47 67 23 68 200 252 160 248 105 155 238 165 221 296 274 149 151 100 281 268 262 121 41 299 171 170 307 214 159 289 81 192 206 129 127 223 20 70 88 109 169 38 25 14 72 282 116 230 85 44 42 124 246 108 199 83 101 97 27 287 82 84 87 98 95 309 145 138 212 182 50 269 263 49 211 293 37 178 78 205 114 16 29 141 163 254 271 257 135 158 137 62 77 305 57 247 45 3 66 76 144 218 176 93 60 253 204 270 277 86 15 146 48 89 9 : 5310.85
4 3
1 133 200 187 171 33 8 212 222 141 157 168 27 16 164 170 265 253 55 83 292 103 191 247 273 231 300 143 268 241 235 307 29 245 145 135 209 35 308 181 311 205 281 216 139 22 221 237 130 152 199 211 92 153 277 110 62 218 148 123 48 284 109 223 160 88 106 159 26 137 274 52 264 82 266 57 49 151 310 210 74 163 225 215 227 166 161 30 64 174 238 89 312 175 111 45 66 116 58 70 7 142 10 150 318 262 119 165 293 98 296 192 101 176 182 234 91 217 276 303 201 13 236 249 81 76 65 197 61 67 272 283 144 154 90 44 219 242 288 6 122 14 56 20 309 313 46 134 267 79 208 158 229 230 258 19 94 203 202 301 282 252 233 173 314 120 275 125 287 291 259 136 12 278 261 317 11 32 95 195 97 31 108 213 113 68 23 128 3 177 132 226 40 147 28 96 298 77 93 50 41 69 105 131 224 186 255 42 38 304 73 155 251 280 228 220 260 189 294 180 15 36 72 271 43 315 156 104 21 63 117 37 184 53 4 198 47 140 86 188 59 51 146 5 126 178 204 254 299 297 75 85 172 18 107 285 34 239 118 256 243 305 270 169 121 248 87 102 190 17 112 232 250 185 100 179 302 183 138 306 71 2 129 115 149 246 257 196 80 263 9 25 240 244 84 290 193 207 289 39 24 99 60 286 214 167 206 78 295 114 124 54 316 194 269 127 279 162 : 5305.62
5 0
1 49 206 92 99 284 301 68 105 22 40 88 160 12 126 283 45 79 138 215 318 117 27 137 149 164 304 42 35 276 76 166 260 119 113 124 282 127 212 191 161 174 134 239 80 292 251 118 228 36 111 305 178 133 94 207 47 316 185 306 203 175 297 87 223 249 221 230 248 205 33 188 93 201 73 236 280 65 90 263 299 84 183 159 256 98 157 302 96 128 28 50 224 150 311 270 279 30 10 44 187 200 167 262 52 31 173 217 19 286 209 24 21 132 25 109 314 274 43 75 252 193 211 141 57 7 91 222 170 38 290 309 272 281 267 266 275 152 195 204 60 29 89 184 86 5 112 254 192 312 278 155 74 162 313 4 180 154 95 298 218 261 2 182 181 121 140 296 48 289 219 241 186 273 56 62 176 258 107 213 146 46 108 227 214 59 100 156 143 163 55 179 77 71 39 199 165 264 198 242 11 136 308 196 26 142 171 67 240 54 144 197 116 114 208 72 123 106 125 259 245 233 17 37 8 64 18 237 295 34 23 85 315 232 148 269 225 135 317 277 51 129 147 293 61 194 53 20 14 82 78 131 172 3 120 16 13 231 226 257 310 110 151 169 153 268 115 9 6 102 130 104 307 202 189 238 271 220 63 58 83 285 294 15 287 229 101 81 139 216 250 66 300 244 103 168 255 210 246 247 234 41 70 291 288 122 265 303 97 177 190 69 253 235 243 145 32 158 : 5207.07
5 1
1 68 26 215 262 111 88 42 241 255 87 24 292 38 283 121 103 200 171 226 16 72 225 57 260 295 56 249 5 210 93 106 13 243 246 122 248 275 177 154 181 263 138 261 169 117 299 208 142 102 271 116 170 156 90 44 20 55 213 231 129 301 303 41 86 19 101 109 194 276 272 279 235 195 150 40 280 62 316 185 287 2 67 125 9 228 199 98 54 318 85 108 124 94 132 71 59 120 3 234 237 149 137 97 95 236 168 73 179 203 128 34 48 39 104 214 152 70 175 281 206 176 187 230 64 49 58 196 127 189 4 290 11 205 28 268 239 159 144 270 294 23 30 147 167 18 119 188 193 178 297 114 314 232 220 61 12 31 166 131 143 7 80 253 84 315 258 158 77 82 201 244 157 256 135 284 293 304 233 317 66 100 212 63 148 163 172 155 6 115 21 37 133 118 222 207 75 306 302 254 139 173 164 52 242 245 153 298 264 15 202 146 112 53 305 313 182 238 126 240 190 65 35 14 217 216 312 113 311 197 43 81 130 310 184 33 8 92 25 27 22 107 136 165 307 204 266 274 278 308 198 251 78 224 221 160 291 219 209 96 174 17 51 105 183 257 288 286 265 259 247 211 229 50 252 285 267 309 89 191 47 29 76 83 46 161 69 99 91 79 32 10 227 300 223 60 192 269 151 186 282 140 141 134 110 289 74 45 250 277 123 218 273 180 145 296 162 36 : 5343.32
5 2
1 187 83 292 318 10 30 197 165 154 117 225 311 205 42 186 39 40 153 178 103 105 95 200 107 159 134 78 21 210 99 108 264 125 80 68 138 172 226 150 112 87 111 84 245 273 290 312 255 285 36 135 141 22 44 109 228 156 91 96 218 276 48 58 17 232 98 57 130 253 306 145 133 289 176 127 242 202 188 234 33 272 308 209 236 195 123 221 97 137 211 81 229 60 146 169 168 198 13 116 235 82 213 244 247 309 88 149 224 110 190 189 260 64 86 288 50 262 131 155 32 280 113 243 52 45 151 162 249 279 183 238 56 73 101 227 85 316 119 147 161 240 203 207 287 293 59 295 148 173 314 265 305 15 70 5 49 23 31 179 26 25 41 104 124 185 20 9 219 286 294 261 270 132 250 170 61 18 38 72 53 28 315 300 55 215 193 122 37 182 158 139 257 297 278 230 313 222 120 239 274 66 14 140 142 136 35 216 223 74 46 143 268 199 167 34 29 12 233 16 299 6 2 152 296 181 92 27 191 4 220 302 77 67 281 93 54 79 196 126 164 114 298 214 254 192 282 102 206 301 106 71 3 259 237 246 163 24 208 177 47 157 62 171 251 291 269 144 100 217 115 275 304 266 175 63 69 160 121 283 166 307 277 212 258 267 256 43 51 11 303 317 180 94 284 201 194 89 263 204 310 248 128 231 8 75 174 252 76 7 184 65 90 19 118 241 129 271 : 5333.19
5 3
1 107 58 221 68 84 209 194 115 40 105 66 256 274 13 130 266 305 63 73 6 138 76 134 61 186 16 27 181 271 155 12 246 270 265 112 219 87 127 261 178 225 7 83 311 229 298 260 160 281 148 175 295 294 171 96 253 264 78 282 285 299 156 196 310 43 132 2 237 210 38 45 152 35 238 217 145 268 293 64 169 211 208 164 15 86 77 65 122 42 71 89 10 304 307 129 235 167 316 191 172 159 213 185 44 226 214 269 92 300 174 126 33 116 101 62 79 284 161 165 289 19 14 37 51 59 104 170 25 162 113 121 176 158 4 97 81 124 168 8 80 241 184 239 9 223 251 154 103 118 242 128 212 206 91 272 279 291 69 263 188 202 67 48 90 23 313 236 31 41 85 72 150 166 309 98 190 133 117 146 244 245 30 143 302 199 153 204 292 151 125 195 259 262 177 57 250 258 286 252 216 120 207 110 119 182 189 303 60 137 21 20 187 139 173 224 232 131 287 200 99 106 29 55 183 49 75 17 34 135 111 275 249 314 108 243 180 296 140 277 247 192 203 53 95 220 218 18 231 149 123 54 26 47 283 278 142 198 163 94 50 24 267 276 312 230 144 228 248 257 222 240 273 318 157 88 301 315 100 193 179 308 201 290 56 109 233 234 280 197 3 70 36 254 46 74 141 317 255 32 52 5 22 114 93 306 227 205 102 288 215 82 297 28 147 136 39 11 : 5152.67
