0 0
1 15 12 6 2 10 11 22 20 31 52 42 134 208 120 137 35 127 16 25 103 28 21 33 316 49 317 59 55 43 41 37 17 18 32 36 44 53 46 154 153 209 34 129 130 108 110 109 211 118 119 124 121 122 107 4 5 14 112 111 116 114 132 128 133 135 126 13 115 106 117 131 142 144 255 213 221 232 240 139 141 145 39 150 210 161 155 38 239 220 225 230 233 238 222 226 228 235 231 217 216 212 313 243 237 229 234 247 318 249 248 245 223 224 214 215 244 227 236 219 218 241 242 246 252 315 256 262 264 265 269 260 254 257 250 258 148 146 138 136 125 113 123 140 143 314 251 267 253 268 261 263 272 273 280 283 308 309 286 276 271 270 275 290 279 296 292 277 151 158 163 168 174 173 177 196 201 203 182 190 187 189 176 183 285 284 299 300 297 310 304 305 298 291 288 295 192 312 205 200 311 307 302 301 193 289 287 281 170 165 259 266 166 149 152 157 167 178 179 180 175 185 198 204 195 199 306 303 293 294 274 282 278 171 147 159 60 51 45 50 105 76 81 93 84 69 63 160 156 162 169 194 191 188 172 65 87 90 78 71 67 72 80 68 56 61 66 164 206 88 197 100 95 94 184 181 186 202 207 99 89 101 102 86 98 73 64 70 75 77 79 97 92 96 91 85 83 82 74 62 47 54 104 40 48 58 57 26 23 27 19 24 8 9 3 30 29 7 : 1083.58
0 1
1 2 7 6 12 18 25 36 47 48 40 104 29 21 28 37 51 45 31 20 24 27 26 19 16 9 8 17 13 108 117 128 137 133 136 135 138 132 142 130 123 124 125 120 14 116 112 4 107 106 5 127 208 131 122 126 134 35 115 111 113 212 217 109 213 110 118 119 129 121 114 216 220 313 225 229 236 235 232 239 231 241 250 254 262 252 243 240 233 234 246 247 255 314 261 257 139 143 259 151 209 146 152 157 162 166 178 194 203 198 204 200 306 279 273 270 275 271 248 249 245 224 218 211 221 238 230 222 228 226 244 223 214 215 227 219 237 265 165 274 269 289 296 303 299 291 300 193 192 302 307 301 199 294 278 282 287 280 285 284 290 295 293 281 292 288 277 312 205 311 309 308 305 310 304 298 297 318 276 272 266 144 150 60 153 141 140 242 260 258 251 253 256 264 267 268 263 315 283 286 171 170 168 167 61 65 172 188 187 190 89 90 100 94 206 202 201 207 197 196 191 177 182 173 176 88 87 183 189 185 195 179 174 175 180 186 155 39 34 156 158 163 159 147 148 181 184 95 99 98 79 86 73 71 83 82 78 92 97 101 102 96 93 91 72 84 85 68 64 62 52 57 54 44 43 46 42 41 53 70 66 169 164 161 210 160 149 154 145 38 58 63 69 81 75 74 76 80 77 67 105 50 56 55 59 49 316 317 33 30 32 23 103 22 15 3 11 10 : 938.952
0 2
1 12 9 8 112 4 111 114 113 129 127 126 137 131 130 121 123 122 124 134 125 117 13 14 120 115 208 116 5 106 107 108 138 135 142 141 162 210 159 163 152 149 151 118 217 221 220 230 242 234 237 314 268 263 245 244 249 248 318 271 270 272 262 256 257 291 280 279 274 289 302 205 301 294 292 278 284 285 308 303 312 311 306 200 193 171 165 166 168 167 156 157 209 39 45 49 55 51 52 104 316 48 54 58 41 43 46 63 65 70 81 105 50 57 53 61 66 60 169 178 186 185 174 179 173 88 189 182 177 172 196 207 197 90 67 84 93 101 97 91 102 92 96 99 98 89 86 83 77 71 78 64 62 44 47 32 31 36 42 153 145 154 164 161 38 158 146 147 132 133 128 136 35 34 150 160 155 148 255 266 258 250 253 260 259 261 264 267 273 247 223 226 225 119 313 243 233 240 254 241 231 238 232 239 139 140 144 143 216 213 214 215 224 236 219 218 228 246 235 222 110 109 211 212 229 227 251 252 265 269 315 283 300 299 305 309 304 297 276 275 310 298 286 287 290 282 281 296 293 277 170 199 307 192 295 288 194 184 191 94 202 206 100 95 201 204 175 180 181 195 203 187 183 87 198 190 176 188 75 69 76 82 85 79 72 68 73 80 74 56 59 317 40 103 19 37 18 23 27 17 28 30 20 16 25 26 33 24 10 11 21 22 29 7 15 3 2 6 : 1000.93
0 3
1 16 18 25 134 137 136 125 117 111 126 132 138 158 157 209 148 141 150 153 61 54 45 50 55 59 317 48 47 46 58 53 51 49 40 104 36 37 38 156 146 159 160 210 162 168 167 179 191 198 206 207 100 183 173 88 87 197 196 94 190 189 188 187 177 176 172 60 66 65 182 184 169 180 185 186 195 204 202 95 201 203 194 205 312 307 311 309 308 298 304 310 305 297 285 279 280 272 263 273 318 271 276 270 248 249 244 245 227 223 224 214 215 219 218 229 234 246 243 238 228 235 236 237 222 239 233 230 225 118 119 121 114 242 240 232 241 139 314 257 267 268 262 253 260 258 259 250 255 254 251 256 315 266 265 269 264 261 247 252 226 213 211 212 217 109 216 221 231 313 220 110 124 142 144 143 140 164 161 163 166 165 281 277 282 289 294 295 292 287 299 300 275 284 274 291 170 171 293 296 303 306 301 302 199 200 193 192 278 288 283 290 286 175 174 178 181 98 90 81 73 77 82 85 84 78 83 93 99 97 92 91 102 101 96 89 79 76 86 68 67 71 72 64 105 63 70 69 80 74 75 62 57 56 316 44 41 42 43 52 33 24 27 19 26 17 5 106 107 112 4 14 13 115 116 113 108 131 122 123 130 129 133 135 127 39 35 34 154 155 147 151 149 152 145 128 208 120 23 20 10 22 29 21 103 30 32 31 28 15 2 12 8 9 11 6 7 3 : 867.977
1 0
1 107 106 112 14 116 120 117 115 126 133 134 13 127 137 135 125 128 129 122 132 130 131 121 109 212 110 211 118 225 231 239 233 238 242 241 139 140 237 228 246 314 234 236 226 219 213 218 227 235 232 240 313 222 216 217 221 220 119 113 114 108 208 111 4 5 9 8 3 12 10 6 7 11 15 20 16 17 18 19 26 25 35 34 150 149 209 38 138 124 123 136 141 142 146 155 153 160 154 164 60 61 58 43 41 46 52 53 42 44 36 27 24 28 21 103 23 30 40 49 37 39 145 157 159 152 156 162 161 210 163 158 151 147 148 143 144 259 255 250 254 267 264 261 260 258 269 165 166 265 315 266 262 263 272 273 268 257 252 253 251 256 248 249 247 243 230 229 223 245 244 224 215 214 318 271 270 276 275 309 308 304 305 310 298 297 300 311 307 312 200 306 199 303 299 295 288 281 171 193 192 292 294 293 296 283 284 279 291 285 280 290 274 289 287 286 282 277 278 170 175 179 185 174 182 184 177 173 188 190 176 187 189 183 196 197 201 206 207 202 94 100 95 87 88 198 204 205 302 301 195 203 194 168 167 180 186 181 191 178 169 172 65 66 70 90 81 74 75 64 72 71 78 68 84 86 82 83 85 91 92 97 102 101 96 99 98 93 89 67 79 76 77 80 73 69 63 62 105 57 54 50 47 51 48 59 317 316 55 56 45 104 33 22 32 31 29 2 : 765.427
1 1
1 2 6 7 12 9 20 25 17 19 16 8 18 26 24 33 27 5 107 111 13 208 136 133 141 138 118 217 212 211 220 216 130 123 120 36 37 54 43 39 38 150 134 127 116 14 135 126 209 137 128 132 129 125 35 34 145 154 161 164 60 65 169 182 176 98 89 86 99 90 183 179 167 61 66 191 178 181 185 210 168 157 158 152 146 147 156 153 155 160 162 149 163 159 148 151 281 292 192 289 286 266 260 265 254 235 236 229 234 222 213 109 110 114 113 117 4 115 112 106 108 122 131 121 124 142 144 315 269 259 165 166 171 278 274 287 294 272 273 263 267 256 245 224 223 215 214 227 218 219 313 233 230 243 314 250 240 237 228 226 238 119 221 225 231 232 239 241 139 242 140 143 246 247 251 252 262 257 264 268 261 258 255 253 318 248 244 249 271 270 276 275 280 291 290 282 308 303 301 306 205 307 193 295 293 170 277 288 296 283 300 305 310 298 297 304 309 285 284 279 299 302 312 311 200 199 204 203 198 196 197 189 173 172 177 184 187 188 190 88 202 201 100 206 207 195 186 174 180 175 194 95 87 94 93 102 101 97 96 92 91 82 83 79 76 68 78 84 85 72 71 77 67 70 69 80 73 81 75 74 64 59 51 57 52 46 44 63 62 105 317 316 31 30 23 28 103 29 55 48 41 32 40 49 45 104 42 58 53 47 56 50 21 22 11 10 15 3 : 894.189
1 2
1 2 11 316 317 105 56 55 47 54 52 42 61 160 162 159 156 152 161 210 181 186 179 180 302 200 204 206 207 95 100 198 201 94 202 196 197 88 173 182 176 187 191 185 175 174 178 168 164 169 177 184 188 189 87 190 183 172 65 66 60 153 146 147 148 154 39 38 134 116 115 133 125 132 131 130 129 141 142 144 110 109 119 225 231 118 230 229 234 238 243 237 232 313 220 217 221 213 211 216 212 114 113 117 135 126 25 18 16 17 26 22 30 40 104 44 46 43 51 57 53 58 62 83 71 67 78 86 85 77 72 84 79 69 74 70 76 73 80 75 81 90 89 98 99 93 102 101 97 91 92 96 82 68 63 64 59 50 49 48 45 41 35 34 128 108 107 106 111 13 4 5 112 120 127 124 122 121 123 139 259 266 171 170 277 282 293 295 303 286 283 290 287 289 278 166 269 314 255 254 262 263 268 256 253 251 246 226 227 222 218 219 214 215 223 224 235 228 233 236 245 244 248 249 252 247 241 240 239 242 257 261 272 273 308 301 307 312 192 193 195 194 203 199 306 205 311 294 296 299 300 298 297 310 309 305 304 275 271 270 318 276 280 291 279 285 284 281 292 288 274 165 315 267 264 258 265 260 250 143 140 163 167 158 157 151 149 209 150 145 155 138 136 208 137 14 9 19 36 37 27 24 20 12 103 28 23 21 31 32 33 29 15 10 3 8 7 6 : 819.148
1 3
1 12 23 22 6 10 15 21 11 3 8 25 24 27 26 19 38 210 164 78 97 102 101 96 91 93 82 84 64 58 47 44 43 46 57 52 53 54 62 80 100 95 196 175 179 182 189 190 87 188 88 176 169 66 59 48 42 104 28 20 103 45 49 56 41 37 36 17 16 18 29 31 32 33 30 40 55 316 317 50 51 70 73 74 92 83 86 85 77 67 105 63 81 69 76 79 72 71 68 99 98 206 201 202 207 198 203 184 177 173 183 172 160 152 149 163 148 269 265 253 245 244 252 251 267 315 281 278 170 166 280 299 285 286 283 289 282 292 294 296 295 303 309 300 308 305 310 304 276 271 270 256 263 261 262 268 273 284 291 279 290 287 297 298 275 248 249 318 258 254 250 314 240 139 140 232 313 225 239 238 228 230 231 221 217 212 220 216 110 109 119 122 114 113 118 211 213 218 222 235 236 219 214 215 224 223 227 226 233 241 242 234 229 237 247 246 243 108 133 126 132 125 134 138 141 135 131 121 130 208 145 155 39 161 167 178 185 195 204 181 187 191 174 168 277 288 199 205 306 307 312 311 302 301 193 200 192 293 171 165 144 259 255 257 264 260 266 143 157 158 151 146 162 159 147 272 274 186 180 194 197 94 75 89 90 65 60 61 154 156 153 150 209 142 128 127 136 137 14 34 35 120 106 112 4 107 115 13 116 124 129 123 117 111 5 9 2 7 : 995.113
2 0
1 188 95 278 31 201 50 49 166 161 126 125 177 99 317 20 162 302 261 235 79 146 290 142 118 11 149 197 98 80 94 34 42 233 21 215 151 128 254 225 198 180 190 299 144 282 97 78 13 3 136 249 88 160 46 165 9 182 129 72 8 48 105 81 106 107 124 76 238 39 212 150 199 43 60 63 309 295 167 110 17 59 208 82 12 274 275 137 171 154 141 191 308 26 22 228 44 40 54 25 203 159 204 313 234 147 217 84 96 246 222 289 291 2 173 194 148 227 122 297 247 93 68 53 250 130 293 251 224 211 57 117 116 112 71 138 248 232 304 242 301 303 179 109 181 114 186 210 55 288 243 56 83 237 47 64 169 315 310 52 91 223 271 41 316 36 28 77 19 104 318 183 257 269 268 15 115 66 16 172 253 67 184 220 267 300 175 307 284 38 92 134 193 140 152 131 276 216 259 33 185 245 226 70 29 5 10 236 229 119 133 62 298 205 280 256 281 260 37 135 27 32 23 24 143 6 73 35 168 239 262 170 108 252 277 306 139 221 120 69 207 164 176 265 273 230 266 296 127 294 287 206 195 240 285 258 89 18 272 270 292 121 192 132 153 219 264 214 279 218 113 286 305 123 178 200 213 14 231 45 263 145 7 156 4 209 244 103 158 100 202 87 61 283 74 75 90 51 58 85 65 189 187 102 101 30 111 157 163 255 241 196 155 314 86 311 312 174 : 5114.02
2 1
1 8 23 134 112 161 311 179 122 40 312 291 195 38 97 275 270 76 255 176 101 83 71 88 142 6 32 91 56 67 93 287 65 245 44 37 108 262 268 154 106 201 263 7 62 225 46 187 24 72 98 73 79 171 174 87 318 244 238 257 309 264 126 17 128 261 316 33 127 20 84 85 3 82 77 310 317 140 242 129 29 105 163 212 4 36 194 50 43 197 278 223 269 15 10 123 63 58 237 217 296 224 236 192 78 173 290 68 145 254 295 31 25 13 18 144 170 292 297 57 21 160 104 282 188 182 48 293 200 191 143 294 226 120 9 54 253 276 230 42 198 70 22 141 298 229 232 168 102 125 235 185 45 289 107 231 203 314 162 178 165 305 299 189 11 169 35 256 265 205 159 183 157 260 241 234 121 66 210 258 284 206 158 39 34 16 60 30 86 280 228 307 227 303 124 113 55 19 53 300 214 246 100 136 28 283 272 111 277 239 61 116 315 80 69 247 92 118 273 27 252 181 132 271 155 186 233 148 250 279 152 114 94 202 209 41 49 137 119 131 211 153 184 150 180 175 220 204 219 26 248 199 74 115 151 167 288 306 52 2 208 221 190 99 95 193 196 110 274 251 135 90 177 51 14 222 164 207 301 89 308 304 286 117 302 313 139 109 166 138 281 213 240 146 75 47 130 243 149 156 5 285 266 147 216 12 267 172 103 249 259 215 218 133 64 96 81 59 : 5105.05
2 2
1 69 22 173 211 133 42 106 217 185 253 213 62 298 219 122 264 150 212 37 283 305 233 109 307 9 216 182 83 77 67 47 263 16 30 228 251 7 204 129 199 103 221 292 45 167 17 2 186 169 248 226 258 224 130 269 140 220 187 147 14 25 64 239 89 316 10 280 223 119 198 284 41 110 38 19 139 201 50 88 39 75 127 293 184 270 261 165 225 235 289 166 143 243 6 206 141 247 58 245 4 134 126 101 178 195 40 26 96 230 231 246 205 74 252 131 121 135 15 112 154 125 197 296 161 180 175 210 155 271 5 97 163 257 115 128 46 73 287 179 215 113 238 49 160 255 92 146 60 124 176 306 297 266 174 285 71 13 27 63 65 193 318 61 78 196 267 272 277 136 29 31 152 308 242 244 282 191 90 79 281 181 207 144 218 268 309 93 177 157 222 81 142 159 290 91 86 18 33 310 300 276 256 114 301 304 311 288 315 254 274 8 259 153 229 234 279 99 302 303 72 111 241 250 294 171 273 260 82 84 132 108 189 66 70 94 313 232 137 53 52 286 138 172 68 203 209 24 118 116 59 275 278 148 240 249 262 85 80 11 183 237 105 48 21 156 170 151 202 87 312 194 100 102 76 295 35 117 317 51 149 227 168 299 23 145 12 57 120 55 291 104 34 314 32 208 236 214 28 164 192 188 190 20 162 98 158 95 123 43 54 56 200 44 3 36 265 107 : 5138.61
2 3
1 41 175 9 62 79 86 44 139 113 237 263 94 95 206 107 135 12 37 158 167 182 193 299 294 249 225 203 317 68 51 72 132 308 238 264 278 315 222 247 261 105 32 29 130 164 228 234 252 119 173 209 53 116 125 38 14 172 47 22 34 146 224 311 233 190 170 251 4 217 220 243 259 274 229 256 239 265 192 147 102 45 54 316 36 74 52 181 318 218 309 199 205 227 142 2 39 99 83 180 304 245 242 260 235 270 241 226 133 46 134 215 110 141 286 248 221 43 25 18 148 57 75 149 144 35 266 267 111 106 129 40 15 89 50 87 244 232 136 269 240 314 108 115 204 194 195 250 262 151 16 112 126 49 197 165 236 8 26 3 185 202 93 13 153 310 297 179 60 128 213 313 120 138 70 76 97 137 10 11 104 19 61 23 198 188 276 258 287 289 177 300 152 127 140 171 292 117 109 223 271 166 168 84 157 124 131 155 210 302 88 59 27 90 81 56 162 183 63 160 101 69 73 77 42 20 80 67 6 28 159 174 275 298 306 219 211 257 282 279 143 163 207 303 285 293 64 33 7 169 189 48 176 201 55 21 253 150 31 103 122 231 121 230 283 156 98 154 208 123 305 284 290 301 216 214 118 200 161 187 30 212 307 178 296 295 65 191 24 71 82 96 312 66 145 291 273 254 114 5 17 255 246 280 288 272 268 281 277 186 184 100 91 196 58 92 78 85 : 3947.95
3 0
1 123 38 283 23 137 196 27 234 250 266 74 186 138 128 296 314 299 273 159 33 24 3 227 153 301 160 93 97 169 85 34 241 61 4 120 279 22 5 218 288 249 175 251 203 183 215 51 89 201 247 223 146 156 307 248 162 16 87 139 230 172 55 12 67 240 229 238 193 36 124 46 231 76 177 205 252 200 304 125 122 113 88 211 173 116 25 48 79 272 280 126 103 6 287 135 297 78 194 37 136 58 181 98 100 102 39 77 50 274 13 225 158 189 275 118 44 7 260 212 232 129 110 213 270 151 32 171 99 75 28 256 305 163 313 192 312 40 145 130 26 278 111 155 309 105 254 236 148 221 242 14 53 262 49 82 195 216 17 233 47 69 21 31 30 226 259 289 70 29 42 315 66 245 152 292 265 284 282 149 209 239 161 2 285 310 228 91 316 45 64 210 143 198 220 258 219 134 311 281 11 19 263 52 94 41 208 286 303 290 246 293 244 59 132 222 114 269 182 164 206 95 276 271 255 9 107 72 86 197 10 170 199 204 178 73 63 127 165 264 261 80 68 190 202 108 294 141 109 115 60 277 302 147 217 243 142 104 117 318 65 167 8 180 84 101 57 83 54 144 121 174 179 300 62 81 235 150 157 20 119 253 154 185 176 18 15 106 268 166 291 298 224 168 306 188 187 207 90 56 96 71 112 308 267 191 92 295 214 257 184 237 140 43 317 35 131 133 : 5079.51
3 1
1 14 11 57 216 235 32 17 63 40 259 70 215 154 38 286 291 134 151 311 221 88 117 219 181 261 112 13 122 296 204 288 242 287 106 260 276 267 238 30 115 232 279 188 162 264 210 201 128 108 265 99 249 245 132 281 278 35 317 59 80 36 127 146 194 258 31 150 94 87 142 313 137 51 114 65 49 168 147 315 110 44 41 156 155 2 121 78 187 234 217 220 183 84 153 148 205 246 166 71 45 28 273 202 297 302 5 68 209 145 69 29 160 131 174 133 186 180 77 53 140 228 229 192 316 113 60 173 116 15 206 9 199 307 280 252 42 76 81 74 130 95 62 67 163 184 83 244 214 218 263 271 293 109 143 230 274 66 144 237 82 182 93 212 236 152 12 37 103 16 104 161 136 107 226 284 158 54 52 48 239 227 223 126 224 303 275 262 177 175 292 111 139 196 24 300 240 289 90 91 98 176 225 10 285 283 185 208 138 167 207 211 179 213 125 120 195 301 105 75 4 27 6 141 310 272 191 58 33 25 203 306 34 23 73 89 164 256 102 123 197 46 119 305 92 100 72 312 178 266 3 19 233 169 198 247 268 165 157 39 299 193 314 129 170 257 171 255 97 7 50 18 20 135 8 231 222 79 254 294 251 298 85 270 269 43 118 200 290 309 304 241 172 250 55 26 243 159 96 308 61 124 318 190 248 253 277 64 56 47 86 189 295 149 21 22 101 282 : 5043.91
3 2
1 50 193 109 33 15 198 191 80 194 304 306 187 183 168 54 112 67 59 92 204 101 295 252 47 85 248 244 178 21 275 3 68 159 195 75 155 160 200 156 14 241 144 209 49 83 79 182 130 108 286 132 269 310 251 88 120 145 263 307 66 233 41 11 249 208 174 284 51 300 126 225 216 158 264 294 100 173 86 82 93 81 42 148 301 37 91 157 16 316 77 185 277 180 318 268 273 4 74 222 45 219 205 35 115 107 203 257 150 124 166 197 265 228 39 245 24 2 116 71 98 128 175 207 215 199 114 129 18 7 105 315 266 9 38 212 290 280 106 22 57 44 25 104 262 70 19 23 169 181 73 201 55 253 235 305 302 278 292 170 188 29 138 135 5 211 214 146 238 223 236 152 260 28 218 127 229 143 137 58 234 161 27 117 118 111 163 171 63 53 206 89 102 314 309 296 17 94 133 179 122 43 26 276 289 279 270 147 36 213 136 184 227 272 281 164 246 121 231 134 72 64 247 239 60 142 167 250 6 176 52 103 84 298 297 267 192 224 274 317 189 190 162 69 140 312 255 95 32 65 56 299 285 271 226 196 87 110 139 131 151 30 283 31 8 293 230 20 119 13 34 141 149 288 259 220 221 78 311 240 254 256 210 125 186 313 46 232 90 10 99 76 177 96 12 202 113 97 291 282 258 61 308 243 123 217 62 242 261 153 48 40 154 237 172 303 287 165 : 5143.77
3 3
1 18 73 93 47 195 81 98 187 308 302 203 199 144 232 269 179 161 95 181 305 163 37 40 84 7 59 8 32 204 138 151 70 198 100 87 180 121 172 253 110 294 277 157 67 76 45 36 28 58 150 209 107 106 149 171 2 54 51 102 159 27 132 242 240 281 310 280 251 243 145 266 119 60 20 103 11 10 112 131 127 153 167 178 202 80 85 182 177 296 24 66 116 212 307 205 288 245 264 75 65 147 314 114 130 228 234 109 239 233 162 260 270 226 34 64 164 286 306 174 206 191 200 88 197 207 186 175 52 41 77 48 62 295 309 289 274 201 189 169 166 92 136 89 30 210 99 173 160 222 318 155 158 43 139 268 276 241 122 39 196 287 278 271 230 229 113 125 188 165 313 219 194 184 292 237 254 256 257 267 170 190 290 123 148 146 128 137 56 94 133 231 247 250 293 272 224 259 185 193 301 192 215 4 211 214 255 57 104 105 317 46 208 142 141 115 246 143 225 118 312 300 297 108 126 129 217 9 55 176 283 282 6 68 82 183 26 21 22 23 5 3 14 117 220 258 134 120 12 19 16 50 279 299 213 265 284 285 221 216 238 13 38 61 252 263 275 140 156 152 261 248 235 236 244 218 262 124 49 44 69 29 33 35 315 71 168 303 311 249 273 304 298 154 72 31 74 78 79 96 101 25 135 42 53 63 316 86 91 97 83 90 17 15 111 223 227 291 : 3582.83
4 0
1 2 7 8 12 19 32 28 20 21 23 3 27 104 37 61 52 57 56 41 46 51 47 48 50 49 68 71 317 316 31 30 11 103 9 111 112 13 116 115 14 137 127 134 128 126 120 125 131 129 217 109 216 212 211 213 219 236 235 224 223 214 215 249 248 251 258 250 314 261 264 272 315 274 292 294 290 286 291 276 275 297 298 285 293 295 289 278 281 171 170 283 305 304 300 273 271 318 270 280 284 279 268 263 267 265 260 166 165 288 192 200 199 307 296 299 282 257 266 277 287 168 146 209 145 155 157 173 206 207 205 312 311 306 301 302 303 308 310 309 269 259 255 144 143 140 239 238 233 313 232 231 230 222 110 220 118 119 221 225 240 237 243 234 228 218 227 229 226 247 253 262 252 256 245 244 246 254 139 242 241 142 152 149 151 148 162 163 150 147 141 156 158 180 186 175 169 172 183 188 179 178 185 194 195 191 66 182 181 177 176 90 89 99 95 202 198 203 94 196 189 88 87 201 197 100 98 81 77 84 85 67 72 86 83 93 96 97 92 101 102 91 82 78 75 69 62 79 80 76 74 70 73 63 60 161 153 210 160 174 190 204 193 167 159 164 65 184 187 154 39 136 130 124 132 138 117 114 123 122 121 113 208 135 133 35 34 38 36 26 18 4 106 5 108 107 17 24 33 29 16 25 43 42 44 54 55 58 53 45 59 105 64 40 22 10 15 6 : 1014.08
4 1
1 6 2 10 21 30 31 32 44 47 43 55 51 52 104 24 17 18 120 126 114 110 217 109 119 232 243 240 314 254 165 315 266 258 143 144 265 259 241 242 238 313 216 212 211 118 229 237 234 226 247 246 251 253 262 270 318 271 268 267 269 292 199 205 311 307 195 203 204 194 81 74 90 89 73 69 70 75 80 76 99 98 93 83 86 84 96 97 102 101 92 82 71 78 68 79 67 64 77 72 85 91 87 66 182 172 176 187 191 189 190 181 177 200 301 294 287 282 274 281 288 293 278 289 296 295 192 193 290 291 279 285 284 280 299 302 312 303 306 308 309 305 297 310 300 298 304 276 272 235 236 227 213 218 214 223 245 244 228 252 260 255 250 261 256 263 257 264 140 139 230 231 239 220 221 225 233 222 219 215 224 248 249 275 273 286 283 277 170 166 171 167 164 60 61 65 88 196 95 94 201 206 207 198 202 197 100 188 183 173 169 210 148 146 163 158 168 185 178 174 184 179 180 186 175 152 149 157 159 161 160 155 153 162 150 154 209 156 151 147 137 136 132 129 142 113 127 13 115 5 116 34 134 38 39 145 141 122 121 117 130 124 138 133 123 131 108 107 4 112 111 106 16 36 27 37 25 26 35 14 128 125 208 135 7 11 15 22 29 23 20 33 42 41 46 53 63 62 58 54 57 50 316 317 48 105 59 56 45 49 40 28 19 103 12 3 9 8 : 925.104
4 2
1 10 12 8 25 26 34 13 127 162 159 164 160 145 38 39 17 30 22 23 40 316 317 59 51 52 53 54 49 48 32 33 29 15 20 28 24 19 27 16 18 9 14 116 108 134 154 152 151 163 156 210 175 174 185 191 88 90 91 102 97 101 96 93 92 85 83 79 64 80 81 75 76 74 69 70 197 87 190 182 306 301 295 292 171 267 256 257 254 262 266 261 314 250 139 140 231 115 112 111 106 107 5 4 117 125 133 208 135 136 150 157 149 148 158 143 258 255 144 241 240 234 239 242 238 229 222 233 230 224 223 215 214 219 218 213 221 212 217 119 118 110 124 132 130 122 114 113 121 131 129 209 167 179 184 169 60 61 63 42 37 35 141 146 147 138 137 128 120 126 123 142 220 216 109 211 313 225 232 237 226 227 235 228 236 247 251 265 260 259 263 253 243 246 244 245 252 268 279 277 281 272 269 264 315 165 170 192 288 300 308 303 200 203 204 195 181 65 153 155 161 168 274 166 289 287 293 278 282 296 286 291 280 271 276 297 298 304 310 305 285 284 273 270 249 248 318 275 290 283 294 193 205 311 312 307 302 299 309 199 186 180 194 188 187 183 172 177 196 94 95 66 176 173 189 178 198 100 206 207 201 202 99 98 89 72 82 84 67 68 78 71 77 86 73 62 105 56 50 57 47 46 45 55 58 43 41 44 36 104 31 103 11 21 2 3 7 6 : 958.436
4 3
1 12 22 33 42 62 63 80 74 69 75 70 58 53 57 54 48 50 47 46 36 35 38 150 154 160 155 164 60 184 185 177 182 174 166 165 255 259 242 225 221 211 109 131 125 128 208 106 112 5 4 24 37 20 29 32 31 27 25 16 19 18 26 61 66 189 188 173 178 169 179 277 296 276 273 272 279 284 285 291 309 308 275 298 297 304 310 305 300 311 199 303 170 288 192 295 294 293 290 265 266 269 315 287 274 171 289 281 278 282 286 283 280 299 301 205 200 203 204 194 195 307 306 312 302 292 193 186 210 187 176 183 196 94 197 201 202 95 206 207 100 90 98 99 89 81 73 65 198 172 88 87 191 190 180 175 181 168 167 159 152 149 209 141 140 139 243 233 231 313 241 247 246 253 267 271 270 318 245 244 249 252 256 258 260 268 251 254 263 264 257 261 239 232 234 236 224 223 215 214 213 222 230 240 238 118 119 113 117 110 212 216 217 220 237 218 219 227 229 226 228 235 248 262 314 250 143 142 146 148 157 151 145 153 161 162 163 156 158 147 144 114 108 107 111 116 115 13 129 124 121 123 122 130 39 34 135 127 137 136 138 133 132 134 120 126 14 17 23 103 21 15 11 10 6 8 9 30 44 56 51 55 59 105 86 93 96 101 91 92 97 102 72 77 85 84 83 78 68 64 76 79 67 82 71 317 316 49 45 40 104 43 52 41 28 7 3 2 : 933.948
5 0
1 35 23 317 102 78 72 136 267 105 32 112 116 95 141 182 143 206 79 109 121 119 258 39 139 194 290 218 219 270 287 212 135 146 167 205 222 269 255 89 108 130 316 30 203 7 46 274 264 282 111 216 191 101 29 9 115 15 59 44 150 165 293 90 233 279 284 148 298 295 179 53 229 114 230 265 193 314 80 73 82 8 252 127 176 208 33 151 85 131 133 239 162 145 196 156 207 308 160 48 200 271 260 49 86 209 251 61 243 93 91 202 110 13 294 238 188 272 276 173 62 100 6 304 69 197 68 225 177 31 241 169 77 311 306 153 149 227 37 248 289 277 42 34 103 18 122 280 140 19 168 66 3 47 305 240 247 198 170 300 268 138 257 301 189 36 210 58 113 132 237 120 57 318 134 21 263 98 76 126 128 278 22 5 232 254 315 244 155 12 123 190 43 2 24 245 186 297 187 63 16 213 178 55 242 250 172 204 54 67 259 286 273 215 75 142 125 313 226 246 309 288 199 175 10 152 192 220 28 214 256 266 11 106 303 285 88 74 50 180 96 41 14 228 51 118 236 17 164 87 158 4 40 97 99 94 312 249 224 183 147 124 310 20 70 234 56 45 262 299 27 185 171 307 83 52 104 231 26 261 65 144 137 275 291 154 201 92 235 253 166 181 174 281 296 157 117 223 211 64 292 302 38 25 159 283 84 71 129 217 221 184 107 60 161 195 163 81 : 5180.92
5 1
1 26 116 112 196 31 248 73 173 29 246 233 260 143 262 84 130 147 287 315 32 9 28 220 169 207 186 158 61 294 288 182 201 298 258 227 85 54 17 122 214 257 279 194 115 20 11 170 238 175 30 91 66 309 299 7 46 145 138 82 80 69 111 35 41 177 123 60 297 79 190 161 87 104 22 12 2 59 103 185 202 52 193 300 254 165 163 210 70 40 250 68 172 81 105 308 318 179 180 226 230 236 131 281 39 6 57 252 27 33 45 49 58 171 36 93 247 167 176 132 225 273 291 277 92 5 108 270 223 192 293 316 55 51 157 259 149 241 244 119 114 78 19 301 102 94 208 160 314 245 224 256 217 107 125 168 286 304 100 62 128 37 76 72 187 295 14 74 56 42 189 249 156 146 97 4 199 148 151 283 90 77 67 198 174 197 191 8 75 96 63 275 219 274 251 253 113 276 140 44 71 98 278 118 285 289 306 243 221 239 88 142 229 21 204 228 222 264 121 255 110 53 313 268 305 280 269 195 284 240 106 16 292 271 166 206 205 296 184 181 48 235 117 109 126 83 86 203 200 263 135 24 3 144 242 212 139 159 310 307 150 216 213 38 317 64 65 188 290 234 25 282 267 120 13 23 311 303 89 47 152 261 178 231 134 137 302 272 99 215 101 15 153 232 211 50 95 155 312 124 265 162 218 164 209 129 237 127 133 154 10 43 136 34 141 18 266 183 : 4697.25
5 2
1 42 166 104 36 215 251 276 75 70 238 267 19 43 20 212 207 209 234 314 22 105 231 214 236 237 44 30 28 47 200 163 300 182 154 186 21 92 317 83 115 26 107 129 134 149 73 216 87 296 82 2 264 191 113 282 145 18 144 244 135 262 248 269 52 193 68 127 257 261 188 224 81 23 230 155 162 290 295 131 25 66 160 97 121 161 273 185 184 294 221 245 102 303 305 252 31 94 114 123 91 313 203 71 306 101 197 265 218 242 29 157 195 74 76 226 133 210 150 118 279 220 63 54 183 167 281 173 223 213 277 181 27 50 85 119 175 117 37 6 51 24 179 77 93 46 116 271 90 89 240 139 202 177 206 156 308 297 8 293 310 304 299 56 5 278 170 198 309 151 259 211 298 10 169 124 178 250 176 59 78 291 192 232 138 219 9 316 96 243 229 16 15 106 108 14 120 137 32 33 132 128 7 49 69 196 165 79 11 246 4 199 141 136 130 17 110 285 312 315 57 253 225 307 35 283 311 164 62 204 13 126 288 187 39 201 194 98 67 38 255 272 270 249 99 217 48 152 302 190 109 140 100 86 146 72 84 266 280 286 65 111 241 239 228 263 289 159 301 233 53 112 12 153 55 60 158 3 64 95 88 268 222 227 61 103 258 189 168 40 208 45 180 274 125 235 292 287 171 80 122 260 142 148 205 143 284 172 174 41 256 275 254 34 58 147 247 318 : 5147.11
5 3
1 137 43 134 164 169 248 287 160 277 121 23 15 152 107 77 65 190 81 71 61 125 133 28 80 78 87 98 76 64 67 176 129 116 37 19 12 218 227 148 33 24 22 113 165 282 200 291 304 298 306 228 309 196 94 198 316 48 11 44 303 294 118 212 239 234 59 55 117 108 130 318 229 243 225 180 181 168 161 53 41 47 27 289 299 308 204 257 51 261 285 280 258 122 58 60 136 49 54 141 4 5 145 263 245 278 226 154 39 46 7 317 36 10 16 20 110 213 224 314 265 272 271 313 126 149 17 32 2 38 132 131 247 297 315 246 254 252 305 310 185 202 156 300 93 56 13 29 170 279 178 173 157 162 57 101 187 75 73 106 238 215 214 209 128 147 120 50 91 186 283 274 256 192 286 311 284 266 167 174 163 195 97 89 182 211 255 301 191 123 210 292 222 146 230 35 139 144 153 223 233 235 109 219 115 241 220 275 273 281 166 240 124 14 183 208 242 288 293 72 74 18 26 45 188 66 159 135 114 276 251 142 34 25 9 103 3 216 231 237 264 151 205 84 86 92 172 184 307 158 221 6 112 111 8 42 104 155 100 302 295 70 21 30 40 31 62 150 127 138 232 194 82 95 189 269 143 268 90 85 79 140 217 69 52 179 267 249 253 236 119 296 290 207 177 197 63 99 102 83 88 201 171 250 262 203 199 193 270 244 260 259 175 96 68 105 206 312 : 3536.8
