0 0
1 62 19 123 190 229 200 100 121 119 160 110 90 28 147 257 208 136 64 223 176 193 137 169 107 221 52 250 276 312 310 117 155 69 142 285 128 154 213 42 54 39 259 43 13 138 163 91 205 152 283 212 242 307 57 94 284 41 14 316 199 173 71 149 2 15 246 198 255 260 170 218 27 112 184 261 196 144 264 126 45 174 293 225 21 234 302 180 97 280 36 98 88 281 269 294 113 162 297 273 134 32 286 291 103 9 300 241 219 35 58 47 185 267 93 215 16 82 74 239 245 243 10 3 258 17 18 61 296 48 78 192 240 25 51 68 46 26 80 102 228 156 238 87 315 262 253 31 226 270 12 232 33 29 63 23 318 6 171 59 141 85 197 158 166 306 256 143 172 304 237 227 124 311 83 89 195 104 201 125 217 248 72 127 37 86 164 265 305 122 116 34 292 290 314 139 203 168 132 115 135 77 106 131 111 7 30 153 38 151 75 263 272 179 274 145 278 150 204 277 105 159 207 50 81 308 289 114 175 186 70 109 44 189 84 301 165 236 282 146 118 76 99 24 309 254 271 187 252 108 216 8 120 183 288 295 53 20 230 49 5 79 11 206 55 202 235 244 60 231 96 214 313 101 177 247 133 95 209 249 224 299 167 148 266 268 298 317 188 40 161 157 275 233 4 65 181 251 73 56 140 194 191 92 66 129 22 67 303 287 222 211 210 130 178 182 279 220 : 5497.7
0 1
1 248 281 283 193 159 145 179 21 110 104 91 150 167 154 293 80 81 311 200 208 114 215 46 9 121 108 57 126 14 166 282 231 198 174 177 221 28 269 262 183 181 226 89 188 218 74 148 173 40 304 273 260 233 118 227 62 122 202 254 318 308 305 131 119 140 217 78 107 160 116 38 210 172 76 52 6 317 51 212 144 184 206 10 67 72 234 139 266 296 149 275 298 315 25 259 312 295 257 169 153 314 156 142 165 127 186 87 196 102 294 3 12 261 243 241 309 263 79 316 105 265 250 190 223 209 23 56 300 191 264 237 32 287 35 180 59 286 204 255 71 133 147 301 94 280 151 271 207 13 27 96 137 99 112 138 50 216 70 44 211 270 111 230 113 63 129 141 39 103 86 43 37 162 124 246 225 249 176 267 229 222 120 66 220 203 92 85 100 213 277 253 164 195 236 77 101 132 303 313 65 88 284 288 16 239 185 242 310 205 135 199 289 258 8 128 136 251 41 194 189 292 197 60 268 256 95 192 84 34 115 61 36 299 157 252 224 117 152 24 240 244 5 238 297 274 247 55 18 290 83 4 178 48 278 31 20 42 73 30 245 109 2 15 22 235 134 75 171 19 58 219 69 302 97 306 285 45 33 201 98 93 228 123 214 232 68 155 64 272 143 307 187 163 54 29 125 279 106 146 158 7 175 161 11 90 182 130 17 53 82 49 276 170 168 47 26 291 : 5325.9
0 2
1 136 290 212 108 104 14 58 166 17 162 97 181 106 175 77 10 149 228 204 293 115 242 24 94 124 307 278 298 276 268 247 11 253 64 29 5 288 310 185 167 186 280 69 257 273 275 286 76 113 54 99 53 65 231 283 267 164 16 210 101 200 39 194 199 87 248 218 159 4 266 107 313 195 79 188 174 141 70 305 270 241 59 142 277 245 8 150 300 291 208 27 254 127 131 112 258 20 80 219 85 238 139 18 134 205 88 93 120 114 130 193 152 151 318 235 269 123 249 71 91 23 274 168 148 63 144 165 217 297 135 61 154 265 246 233 81 158 160 173 295 137 21 95 125 234 129 132 317 74 315 198 264 285 192 92 25 301 184 34 243 214 304 52 119 2 96 122 57 289 196 259 66 117 187 256 191 83 252 143 50 172 62 89 202 98 216 67 72 41 262 109 271 314 145 68 46 147 239 303 28 45 19 49 237 6 316 30 3 229 222 178 156 279 309 31 111 37 40 78 183 170 211 260 9 82 13 176 161 47 157 116 201 203 171 287 281 312 284 232 255 90 100 236 223 55 7 153 197 126 36 42 306 33 189 73 133 180 60 226 215 224 244 250 206 230 207 118 182 220 140 48 294 240 43 282 227 308 22 44 163 103 86 169 51 263 213 225 272 221 177 110 138 102 84 38 128 121 311 146 105 75 56 32 292 155 35 26 15 299 251 302 179 296 190 261 209 12 : 5329.2
0 3
1 266 316 174 204 269 160 201 188 83 107 128 303 182 127 224 292 253 81 65 225 139 41 80 126 123 49 44 79 250 8 294 91 134 136 78 141 28 33 275 228 212 18 240 285 179 195 159 143 112 131 22 205 259 115 287 84 52 4 260 103 301 308 312 271 295 5 36 113 13 245 45 274 307 231 31 16 215 86 61 184 190 186 177 289 189 62 151 46 165 71 6 70 54 37 40 158 264 21 248 110 256 101 280 98 171 252 117 185 119 75 95 17 30 59 138 55 29 261 197 313 155 12 105 142 175 291 270 251 25 130 216 121 77 276 247 38 254 10 246 267 19 69 311 26 60 63 53 272 263 167 173 282 296 172 262 122 163 284 169 181 153 244 298 85 279 109 32 168 97 305 306 99 102 66 170 221 203 194 281 200 283 106 76 317 104 161 243 147 223 288 286 176 15 108 118 236 222 140 150 196 164 68 235 220 146 50 202 144 237 92 51 219 57 226 310 193 315 209 2 133 309 318 277 314 208 293 152 137 230 149 129 265 227 211 116 278 72 39 111 217 100 43 268 299 35 162 11 145 192 89 56 23 7 42 157 258 210 58 199 183 180 67 96 73 148 290 132 114 206 9 14 74 166 239 233 24 82 178 242 234 88 135 187 297 191 255 229 93 3 48 34 207 218 47 27 156 125 120 154 90 124 249 232 241 257 213 304 94 302 198 20 214 238 273 87 64 300 : 5385.22
1 0
1 87 81 149 195 17 107 105 217 25 117 39 243 88 63 287 145 286 58 313 99 143 162 80 67 51 95 310 184 265 180 271 116 136 181 153 111 306 303 235 34 38 182 37 96 29 4 91 151 127 186 185 259 102 223 268 198 77 203 140 109 164 214 221 73 199 48 232 274 163 262 110 50 201 252 233 92 292 5 176 132 61 36 172 280 202 237 126 93 78 6 316 230 224 308 20 305 225 146 240 226 209 273 307 113 55 166 155 216 42 183 173 123 215 115 9 147 241 302 282 300 41 255 196 194 144 142 2 31 76 108 47 68 90 23 234 119 312 311 158 207 66 222 167 129 285 256 278 170 254 242 112 30 317 45 141 210 139 8 228 236 289 267 279 82 154 35 52 179 290 49 205 97 266 281 197 100 15 284 165 26 103 10 138 174 291 161 57 11 72 227 106 212 150 168 263 318 59 7 53 128 124 298 135 133 200 157 171 275 238 54 270 294 249 272 28 101 283 178 218 261 152 315 193 188 64 85 229 70 189 71 295 208 213 148 297 293 12 309 250 191 89 56 22 18 220 211 260 118 120 43 122 160 299 169 156 314 84 62 69 245 86 33 248 204 21 159 75 24 246 3 40 257 244 304 19 79 16 60 175 114 137 13 177 258 130 131 239 253 98 187 206 94 27 247 83 74 190 231 104 264 276 288 134 277 219 251 14 192 65 44 269 296 121 301 46 32 125 : 5449.41
1 1
1 29 242 9 217 258 72 92 317 279 6 103 250 130 4 141 55 216 159 213 156 116 77 292 145 110 139 256 202 127 268 210 45 115 123 205 63 302 295 53 121 307 187 28 257 254 293 238 117 157 93 51 155 109 166 142 249 91 281 228 137 163 175 7 5 23 204 71 240 315 174 272 59 150 261 255 135 61 149 318 57 303 44 20 266 171 122 290 31 38 18 95 86 226 225 111 108 273 196 48 232 74 107 296 133 223 247 35 286 69 129 306 298 27 260 251 201 239 113 222 176 299 310 233 165 280 301 19 105 207 287 253 198 70 212 245 248 128 160 179 185 308 144 136 197 151 224 277 206 96 235 199 65 37 211 161 173 276 120 118 244 52 11 134 101 84 80 264 13 237 22 262 241 112 193 259 186 153 181 178 304 126 147 221 60 246 218 131 183 195 192 274 243 169 180 99 182 78 194 106 83 68 311 10 138 143 267 140 203 312 291 316 278 288 90 73 220 97 168 40 15 17 24 76 79 189 81 289 300 33 231 229 58 305 154 114 16 43 162 88 177 46 209 49 132 275 297 75 87 36 282 148 64 32 47 89 42 294 25 21 230 188 164 200 184 39 313 34 26 62 227 14 172 82 146 314 50 263 124 219 309 56 104 119 102 234 100 252 158 12 265 283 269 125 94 167 152 30 236 271 190 208 98 3 85 67 2 285 284 270 214 215 170 41 54 191 66 8 : 5496.56
1 2
1 79 207 54 280 246 231 68 209 279 261 171 146 134 66 161 65 115 93 131 142 214 201 132 304 289 222 82 14 160 194 296 96 92 137 23 316 210 17 136 208 49 127 244 111 114 230 266 51 104 295 174 302 213 185 87 303 101 188 141 262 103 25 24 159 18 48 46 94 147 35 183 60 278 229 22 225 310 287 256 317 145 151 184 124 156 259 74 53 139 47 120 212 297 291 251 178 197 97 314 228 276 255 232 313 13 30 3 179 299 271 72 73 270 315 254 181 16 2 216 45 269 75 202 206 116 81 52 239 250 307 204 273 102 50 12 253 305 100 221 150 173 205 288 88 189 292 193 63 71 195 70 19 166 158 274 86 128 275 240 227 36 133 224 238 281 56 10 164 293 311 203 26 55 122 78 138 268 300 285 175 8 43 41 34 84 155 182 226 247 117 105 245 190 98 242 33 290 219 32 91 153 172 177 95 284 186 252 308 199 89 5 163 85 298 157 110 40 21 149 241 4 148 58 107 62 176 27 301 277 37 112 67 69 39 248 272 168 143 165 129 6 192 106 9 282 215 211 260 59 108 200 126 130 283 233 235 61 77 121 76 31 29 109 144 152 15 243 167 135 169 42 263 119 83 265 218 306 11 267 257 125 217 57 90 223 234 180 162 118 236 28 44 220 264 191 286 20 249 196 170 113 38 80 187 140 237 123 309 258 64 198 312 154 7 294 99 318 : 5373.88
1 3
1 303 33 153 282 177 192 239 191 91 151 170 186 50 45 147 69 201 118 128 31 251 232 159 135 40 243 141 57 97 155 236 99 93 68 207 30 281 111 116 37 77 53 178 209 208 7 217 27 146 189 213 290 23 256 83 115 164 76 19 46 142 67 165 138 65 10 107 44 278 171 229 223 196 137 247 225 127 133 273 226 166 148 283 204 222 240 261 174 158 235 315 203 15 3 56 184 307 117 244 265 286 306 28 104 299 136 25 126 267 318 287 16 230 301 259 112 218 168 285 13 81 79 66 123 238 289 308 224 254 129 305 121 8 26 38 302 167 162 89 71 252 102 249 310 210 150 42 272 233 87 74 130 280 125 188 221 269 263 264 29 101 304 157 294 134 246 100 211 295 266 179 41 161 11 58 78 296 271 119 32 313 4 114 309 274 88 60 24 270 242 152 36 90 160 253 202 120 82 48 258 216 17 124 250 84 275 231 96 206 54 205 140 139 255 109 212 2 183 6 131 62 80 298 288 172 200 234 219 260 228 70 292 293 268 132 95 98 49 55 5 248 220 75 277 300 61 245 311 110 185 194 237 175 190 180 317 181 72 297 173 85 35 197 64 149 22 316 182 257 52 59 154 73 195 163 144 9 227 291 94 169 199 279 215 34 92 314 20 51 198 21 12 276 39 108 262 284 122 312 214 241 156 113 18 105 86 187 143 106 63 193 103 145 47 43 176 14 : 5471.31
2 0
1 158 120 5 303 241 248 17 95 108 312 103 78 58 102 115 114 191 277 280 91 309 65 98 177 185 81 172 76 71 190 104 183 203 101 193 279 246 206 287 234 229 8 166 307 292 150 87 157 148 139 29 124 192 284 19 2 170 298 189 231 271 273 52 75 116 83 50 39 154 141 118 122 180 275 30 281 300 199 43 218 207 214 68 197 146 128 296 12 45 152 142 267 258 59 219 38 291 210 47 74 42 46 201 136 295 53 20 37 145 11 236 161 88 306 28 286 259 92 274 249 51 6 129 40 198 10 205 77 213 302 194 111 94 137 314 270 44 257 265 4 33 143 230 14 18 60 130 112 26 49 7 208 80 187 155 196 61 261 240 285 269 233 243 252 110 290 90 315 217 48 121 149 9 131 239 163 109 256 25 96 289 93 56 204 176 22 288 283 151 305 276 69 186 232 251 99 299 140 294 260 317 174 133 117 209 3 138 304 244 147 245 162 16 64 84 41 313 268 175 168 212 228 225 311 82 153 13 105 200 156 24 164 318 173 31 297 254 63 126 70 54 272 182 308 106 235 255 222 215 224 250 119 181 253 160 266 301 127 264 226 144 178 247 23 125 237 263 35 227 165 169 57 107 72 184 179 188 220 262 221 242 171 278 55 62 316 159 67 97 310 15 216 282 223 85 195 36 89 73 135 32 113 202 134 27 66 21 238 100 293 211 132 123 79 86 167 34 : 5466.26
2 1
1 8 23 134 112 161 311 177 179 122 40 312 291 195 38 97 275 270 76 255 176 101 83 24 99 88 95 142 6 32 91 56 146 240 213 281 138 166 109 139 313 302 117 257 309 264 261 316 33 127 276 230 42 198 70 22 141 298 229 232 168 102 125 235 185 45 289 107 231 203 314 162 178 165 188 193 282 104 160 21 57 297 292 170 144 18 13 25 31 295 254 145 68 290 173 78 192 236 224 296 217 237 58 190 63 128 123 10 15 269 223 278 80 197 43 50 194 36 135 4 79 212 163 105 29 129 242 140 317 310 77 82 3 85 84 20 253 54 9 120 226 172 294 196 143 191 200 293 48 182 305 299 189 11 169 35 256 265 205 159 183 157 260 241 234 121 66 210 274 258 280 86 251 30 60 16 34 39 158 206 284 304 308 89 301 207 164 222 14 51 221 208 2 52 306 288 167 151 115 110 74 199 248 26 219 204 220 175 180 150 184 153 211 131 119 137 49 41 209 202 94 114 152 279 250 148 233 186 155 271 181 252 27 273 118 92 247 69 315 227 239 19 244 214 300 246 307 73 61 100 318 277 116 228 303 283 238 272 55 111 136 286 28 87 53 113 132 124 174 171 98 72 71 126 187 46 225 62 7 263 201 106 154 268 262 108 37 44 245 65 287 93 67 17 75 47 90 130 243 149 156 5 285 266 147 216 12 267 103 249 259 215 218 133 64 96 81 59 : 5210.54
2 2
1 112 14 135 290 250 144 151 17 35 47 197 44 155 59 203 267 36 282 54 103 48 298 111 65 108 292 89 46 82 92 9 23 30 317 299 166 76 83 218 283 302 289 109 225 25 264 307 95 293 84 310 21 61 234 260 278 185 175 305 140 113 110 165 40 177 235 141 115 233 6 22 296 240 281 191 184 152 126 75 49 50 99 172 41 216 171 303 196 19 215 167 252 259 106 258 316 213 16 146 188 244 228 119 118 168 45 88 265 33 214 248 211 243 96 43 11 164 180 39 262 94 15 263 174 309 223 120 226 280 143 5 173 285 239 194 242 220 236 42 202 67 287 193 300 97 122 133 315 29 205 253 20 255 53 291 158 125 136 81 100 142 207 261 150 132 227 206 12 178 129 199 130 116 237 245 147 311 201 80 62 77 98 13 117 91 86 254 176 318 186 204 268 246 313 274 304 71 68 221 66 273 156 222 229 224 74 18 7 10 114 301 90 308 238 8 190 182 149 145 102 24 124 52 195 181 78 230 104 2 27 272 101 37 187 137 57 189 249 294 269 73 159 87 93 127 231 170 154 162 153 297 247 275 286 157 312 139 131 271 198 288 219 276 241 56 128 270 69 51 160 232 277 55 200 306 138 210 58 70 107 314 208 4 79 134 64 38 169 295 161 192 266 121 279 183 284 212 209 163 251 257 256 63 31 3 105 85 60 72 148 217 123 34 179 32 26 28 : 5270.07
2 3
1 35 58 310 192 194 199 154 150 261 49 157 5 27 62 124 33 115 78 93 213 110 172 265 184 64 222 287 19 42 136 314 251 233 280 248 240 95 159 138 59 24 205 83 178 85 208 270 260 207 47 15 285 264 289 116 283 212 128 305 315 312 144 60 100 168 92 243 284 22 266 236 32 14 2 187 84 273 170 301 286 101 79 3 232 177 132 304 123 121 53 135 74 12 156 290 297 244 230 256 23 185 306 48 262 151 140 278 120 174 114 238 247 189 142 88 163 224 249 271 181 94 227 111 206 307 165 317 65 255 268 175 274 272 134 228 106 215 9 209 246 250 258 133 44 245 216 96 105 34 253 218 220 195 160 234 30 16 36 45 102 166 145 309 148 241 296 197 89 186 66 87 7 313 303 223 167 263 300 43 99 200 113 39 162 242 316 54 239 37 291 77 210 143 308 126 46 269 201 180 68 288 302 318 188 122 50 141 311 56 171 28 20 31 82 277 117 225 219 107 191 182 193 299 294 70 282 158 4 237 275 17 173 176 119 69 298 21 8 235 252 152 63 137 10 131 214 276 153 25 90 11 127 295 279 226 293 57 38 198 104 51 231 130 161 109 259 80 129 86 67 202 217 204 229 211 118 267 6 40 61 292 203 29 97 73 52 98 91 41 221 149 169 147 112 81 155 183 18 71 108 257 164 254 13 125 190 146 75 55 26 196 179 103 72 76 139 281 : 5388.68
3 0
1 81 229 233 279 151 194 259 51 101 38 315 245 209 227 252 48 6 265 161 282 272 98 238 284 113 292 285 215 228 230 111 27 55 59 301 130 220 65 126 75 104 31 258 183 138 136 61 143 155 34 85 86 197 10 170 199 204 148 178 73 63 127 139 165 264 261 80 68 156 307 286 316 226 190 179 299 174 121 144 64 239 288 164 36 83 58 57 76 84 304 180 128 182 125 160 287 103 244 314 66 305 79 122 225 72 107 9 210 255 271 276 95 133 131 35 173 317 43 140 237 184 257 214 295 92 191 267 21 308 112 201 71 96 56 90 207 187 247 188 306 168 224 298 291 166 268 74 106 15 18 176 185 154 253 7 13 274 8 50 77 251 102 142 262 217 147 302 277 60 129 152 123 149 46 88 135 167 171 110 30 62 293 24 99 78 25 300 242 115 109 141 45 266 175 39 54 11 2 249 158 189 275 118 44 172 294 108 202 119 20 157 150 235 219 134 42 312 310 89 116 3 19 281 280 263 94 216 120 114 208 32 303 290 246 91 105 278 289 193 222 37 211 28 186 181 49 243 17 250 14 213 177 198 196 137 23 269 218 203 205 93 52 192 22 26 231 69 234 12 117 313 200 260 240 162 100 33 97 254 270 241 41 124 309 212 206 4 163 273 223 169 159 87 311 146 318 248 16 297 132 153 236 283 256 221 47 40 53 29 232 145 82 296 195 67 70 5 : 5395.22
3 1
1 314 140 282 307 80 171 214 87 278 73 248 96 186 93 316 115 152 267 130 181 122 235 253 212 124 77 111 105 17 202 169 104 78 31 242 196 173 251 16 148 33 183 311 50 103 109 233 29 167 172 155 297 199 11 39 136 25 277 102 163 318 108 177 178 168 215 220 64 299 114 246 119 160 174 294 269 271 226 243 72 48 234 52 204 207 42 154 223 229 185 228 280 305 304 290 274 295 190 83 164 132 312 101 60 6 43 47 291 264 262 81 38 153 317 210 315 89 208 258 200 268 63 69 26 225 313 237 270 143 239 161 191 170 279 180 20 12 179 250 5 257 273 56 91 227 213 298 231 254 156 309 249 37 65 4 293 67 41 15 90 46 94 88 263 112 106 36 45 137 256 32 158 107 125 301 75 92 9 7 306 141 86 206 275 276 296 232 217 18 139 247 189 66 146 272 98 82 205 40 57 71 23 30 74 162 54 76 159 203 84 287 28 116 85 51 117 135 8 59 123 265 259 201 292 147 195 150 198 236 238 222 58 128 224 308 151 24 21 165 61 218 145 110 44 149 118 10 2 266 194 188 252 175 22 68 134 131 19 62 34 255 97 35 310 240 283 244 289 303 144 3 288 302 157 209 284 219 166 121 95 241 27 49 127 281 176 261 260 100 99 193 120 216 53 113 197 285 300 184 126 187 138 79 13 55 211 70 182 221 133 245 129 14 142 230 286 192 : 5262.88
3 2
1 111 212 200 257 234 31 292 236 220 113 59 68 190 315 83 78 102 186 89 87 75 109 238 218 290 191 146 51 130 240 114 173 207 317 117 181 85 277 4 224 21 134 20 198 86 70 110 56 122 43 106 272 243 300 295 281 193 310 174 161 61 185 227 2 178 269 71 265 273 155 32 3 144 278 259 172 237 11 63 64 84 69 303 118 271 176 255 48 175 94 307 131 294 302 199 154 7 57 13 120 92 19 45 55 105 216 286 267 246 182 262 133 252 270 66 177 162 50 160 156 30 72 241 228 210 165 187 287 312 306 250 82 266 100 47 41 223 53 101 170 263 152 194 311 60 235 214 217 74 163 22 95 157 62 203 297 196 167 316 288 308 244 168 25 54 184 137 206 222 126 135 275 264 260 76 183 119 10 158 52 127 143 284 149 314 188 229 93 195 150 124 258 171 112 46 12 9 77 197 301 268 99 128 115 242 145 138 251 309 107 139 233 151 26 27 219 289 211 254 202 81 296 304 248 166 125 192 285 97 36 136 225 23 24 33 88 249 39 8 164 35 108 104 189 16 247 226 98 28 91 96 159 231 49 141 121 282 230 123 209 169 208 239 253 40 65 213 148 37 232 256 6 180 299 14 313 221 67 179 153 34 29 17 205 116 215 129 38 79 276 279 245 42 204 298 274 18 261 280 142 80 44 147 90 283 140 103 58 5 132 73 201 15 291 318 305 293 : 5265.01
3 3
1 124 289 25 106 72 218 299 242 114 245 304 213 292 287 96 74 111 116 127 300 28 110 217 260 291 209 57 48 232 70 306 98 107 67 288 92 121 174 40 256 313 248 151 239 170 252 58 145 269 297 261 21 240 131 315 250 130 36 26 196 162 147 90 75 105 32 285 46 311 139 176 61 280 282 59 184 210 294 99 271 118 12 117 88 198 103 22 16 65 214 71 29 56 34 120 169 159 49 89 270 7 262 168 264 136 24 199 173 33 228 167 229 189 236 148 39 177 182 249 290 138 55 207 206 30 77 153 247 132 231 200 310 308 219 125 14 265 181 183 224 119 293 216 68 137 165 91 63 208 73 158 178 211 100 87 302 274 15 186 150 144 17 273 94 2 37 78 204 284 220 5 109 155 203 202 152 35 160 172 312 157 101 303 113 223 225 166 278 43 81 50 79 221 18 47 122 317 259 156 191 180 305 318 97 104 11 149 112 187 295 175 193 227 233 42 237 235 197 263 102 115 19 8 126 52 188 238 83 163 296 13 272 192 45 95 86 66 277 195 243 185 27 23 194 253 268 283 275 161 41 154 9 54 10 142 133 20 129 85 215 4 255 251 298 286 164 314 201 135 140 141 307 258 267 301 134 53 146 222 128 266 179 3 84 281 123 64 62 31 309 38 230 234 108 143 316 80 244 241 205 190 276 51 257 246 254 171 226 82 279 76 93 44 212 69 60 6 : 5469.28
4 0
1 131 40 182 139 230 122 92 78 205 90 14 209 180 174 274 178 185 19 175 229 35 93 70 267 285 283 32 124 34 107 36 27 179 277 316 24 173 208 215 196 94 191 225 66 260 232 166 17 224 89 188 7 55 138 54 48 162 308 309 101 59 305 184 71 83 190 255 95 84 303 8 75 57 302 315 312 67 172 73 211 120 29 3 157 130 297 275 72 218 254 116 81 216 9 167 214 118 290 227 261 6 220 110 144 195 311 281 240 212 268 207 45 46 10 289 242 258 156 160 103 169 287 270 307 262 86 288 243 181 149 231 88 223 201 87 236 140 217 233 151 310 80 222 133 251 249 113 137 61 177 300 18 176 105 282 60 168 161 119 143 5 271 269 52 228 123 51 62 150 108 102 82 53 50 159 20 197 189 294 38 219 221 31 163 109 77 286 158 152 25 155 266 12 16 206 100 304 22 256 273 56 33 198 165 199 241 132 284 125 127 21 250 253 226 263 42 246 276 239 194 121 299 193 204 111 265 2 244 79 213 114 278 76 11 58 135 186 63 170 234 91 154 64 210 171 141 99 30 280 129 47 252 293 259 272 313 183 200 153 44 126 187 164 85 39 74 98 49 128 23 13 106 238 115 134 112 43 69 26 147 117 247 257 15 245 192 314 279 291 295 41 306 301 264 237 248 202 28 145 296 146 235 96 97 318 317 4 292 203 148 142 104 136 298 68 65 37 : 5393.65
4 1
1 315 273 50 101 270 249 30 279 208 238 292 290 130 180 31 103 241 264 86 296 176 16 34 124 170 275 72 181 236 11 85 194 247 160 191 41 185 37 211 276 38 166 28 221 158 268 100 161 175 64 84 92 129 132 228 141 312 65 71 317 7 287 291 199 285 40 240 294 304 66 94 128 184 313 267 282 127 280 83 49 55 174 220 165 39 257 5 2 235 248 22 301 115 250 186 76 82 24 201 233 36 227 4 79 316 243 156 263 271 17 25 81 109 278 286 203 113 207 281 77 189 58 88 255 177 169 310 111 142 29 44 144 262 272 183 80 164 122 135 157 13 112 131 110 33 274 148 258 226 314 19 206 245 308 306 87 277 91 232 251 139 149 269 134 8 153 96 42 261 155 297 52 10 98 173 284 225 283 305 254 61 75 147 119 121 120 60 125 137 200 47 69 43 18 14 179 216 104 162 140 45 57 152 136 20 78 95 70 48 59 197 106 93 167 295 190 205 193 146 300 318 56 143 253 172 210 73 32 223 303 239 234 108 114 67 9 215 35 102 63 117 242 192 222 118 74 68 307 217 159 188 204 53 187 293 298 288 230 105 178 260 214 309 256 302 213 195 54 46 6 3 145 90 311 299 259 12 219 198 244 212 116 266 138 202 133 89 182 224 229 171 168 15 209 151 23 289 231 21 123 97 99 265 150 62 26 27 51 196 252 246 218 237 107 126 163 154 : 5338.11
4 2
1 56 302 167 48 278 291 139 140 146 49 178 81 97 287 300 286 168 266 137 290 265 147 180 309 173 18 192 83 228 15 141 135 311 282 216 276 189 305 196 169 88 183 3 163 212 87 71 315 66 45 306 95 210 13 318 297 110 105 194 184 166 164 219 257 119 313 82 244 285 102 250 275 156 85 109 239 231 223 114 10 116 177 70 304 136 195 307 23 50 58 14 273 124 19 174 33 126 84 261 249 100 264 35 107 63 312 288 234 17 154 198 132 2 256 61 165 143 263 298 89 9 204 80 200 279 67 69 68 38 78 133 199 51 226 29 127 207 237 24 259 31 25 30 65 243 301 112 131 157 142 202 185 101 77 182 55 72 75 86 76 203 152 159 145 34 122 308 289 28 209 281 294 191 150 26 21 242 160 253 240 62 206 260 255 39 79 73 92 106 161 232 36 284 91 272 188 32 208 5 138 117 22 254 268 134 113 129 230 93 64 296 120 270 271 251 292 238 229 175 74 299 280 213 224 153 303 176 274 144 171 262 99 179 104 172 310 6 128 314 108 225 217 246 218 201 316 44 151 20 222 252 60 96 94 247 125 115 187 90 317 41 235 148 170 8 269 27 283 40 149 267 4 130 7 59 205 118 293 295 215 12 236 47 162 158 11 54 46 221 53 245 214 123 220 258 248 103 42 98 227 181 277 197 43 186 111 16 190 57 155 193 37 211 241 121 233 52 : 5407.92
4 3
1 133 200 187 171 33 8 212 222 141 157 168 27 16 164 170 265 253 14 56 20 309 313 46 134 267 79 208 158 229 230 258 19 94 203 202 301 282 252 233 173 314 120 275 125 287 291 259 136 12 278 261 317 11 32 95 195 97 31 108 213 113 68 23 128 3 177 132 226 40 147 28 298 77 93 50 41 69 105 131 224 246 257 196 184 37 117 63 21 104 156 315 43 271 72 36 15 180 294 189 260 96 220 228 280 251 155 73 304 38 42 255 186 183 138 306 71 24 121 169 270 305 167 243 256 118 239 34 285 244 107 60 18 172 286 85 75 297 299 295 193 254 204 248 87 102 115 129 2 149 190 17 112 232 250 185 100 179 302 5 146 51 59 99 39 188 214 114 86 140 47 198 290 191 247 273 231 300 143 268 241 235 307 29 245 145 135 209 35 308 181 25 9 263 80 206 53 4 103 292 83 55 122 6 288 242 219 44 90 154 144 283 272 67 61 197 65 76 81 249 236 13 266 296 48 84 210 101 276 49 269 240 318 159 153 217 57 234 207 58 262 216 238 7 142 227 124 92 123 182 74 150 303 312 223 218 277 176 26 194 109 201 281 289 30 88 192 66 175 110 211 148 111 89 54 152 64 98 237 78 52 45 91 311 119 163 165 205 279 284 10 70 160 161 310 225 293 215 162 151 316 116 264 82 106 126 137 274 174 221 22 199 139 178 62 130 127 166 : 5367.06
5 0
1 40 298 206 157 175 221 108 30 283 149 144 269 160 11 2 304 242 148 42 188 99 8 273 133 282 194 53 20 14 82 78 47 131 118 316 251 181 172 3 120 16 13 249 231 226 257 56 310 110 151 169 153 268 214 115 9 6 102 121 130 104 307 202 189 238 271 220 33 241 205 36 65 63 58 83 107 285 62 294 15 287 297 229 46 101 81 139 174 216 250 66 300 244 103 168 207 255 210 154 246 247 234 41 70 291 258 288 122 265 303 97 177 190 69 253 235 243 145 32 158 187 200 167 262 52 31 173 217 19 286 209 24 21 132 25 109 314 274 43 75 252 193 180 296 211 201 141 87 182 95 57 218 7 91 239 222 170 38 275 266 94 267 281 272 309 290 152 156 195 100 204 305 59 306 161 60 29 89 184 86 5 112 254 192 312 111 292 278 155 74 261 162 313 4 84 90 48 183 159 213 49 50 106 79 128 105 165 126 136 219 54 302 199 166 10 134 289 260 39 256 301 73 240 71 224 236 198 176 259 76 22 140 77 179 311 223 279 68 55 51 163 114 308 280 129 123 117 143 150 137 191 61 164 93 212 227 146 208 116 147 35 26 186 138 98 85 34 23 299 142 37 17 44 72 125 317 315 270 215 203 293 196 80 45 225 230 12 245 277 185 27 127 92 135 228 113 124 233 295 67 28 88 18 264 276 171 284 197 64 318 248 232 237 96 178 263 119 : 5316.79
5 1
1 68 26 215 262 111 88 42 241 255 87 24 292 38 283 121 103 200 171 226 16 72 225 57 260 295 56 249 5 210 93 106 13 243 246 122 248 275 177 154 181 263 138 261 169 117 299 208 142 102 271 116 170 156 90 44 20 55 213 231 129 301 303 41 86 19 101 109 194 276 272 279 235 195 150 40 280 62 316 185 287 2 67 125 9 228 199 98 54 318 85 108 124 94 132 71 59 120 3 234 237 149 137 97 95 236 168 73 179 203 128 34 48 39 104 214 152 70 175 281 206 176 187 230 64 49 58 196 127 189 4 290 11 205 28 268 239 159 144 270 294 23 30 147 167 18 119 188 193 178 297 114 314 232 220 61 12 31 166 131 143 7 80 253 84 315 258 158 77 82 201 244 157 256 135 284 293 304 233 317 66 100 212 63 148 163 172 155 6 115 21 37 133 118 222 207 75 306 302 254 139 173 164 52 242 245 153 298 264 15 202 146 112 53 305 313 182 238 126 240 190 65 35 14 217 216 312 113 311 197 43 81 130 310 184 33 8 92 25 27 22 107 136 165 307 204 266 274 278 308 198 251 78 224 221 160 291 219 209 96 174 17 51 105 183 257 288 286 265 259 247 211 229 50 252 285 267 309 89 191 47 29 76 83 46 161 69 99 91 79 32 10 227 300 223 60 192 269 151 186 282 140 141 134 110 289 74 45 250 277 123 218 273 180 145 296 162 36 : 5343.32
5 2
1 187 83 292 318 10 30 197 165 154 117 225 311 205 42 186 39 40 153 178 103 105 95 200 107 159 134 78 21 210 99 108 264 125 80 68 138 172 226 150 112 87 111 84 245 273 290 312 255 285 36 135 141 22 44 109 228 156 91 96 218 276 48 58 17 232 98 57 130 253 306 145 133 289 176 127 242 202 188 234 33 272 308 209 236 195 123 221 97 137 211 81 229 60 146 169 168 198 13 116 235 82 213 244 247 309 88 149 224 110 190 189 260 64 86 288 50 262 131 155 32 280 113 243 52 45 151 162 249 279 183 238 56 73 101 227 85 316 119 147 161 240 203 207 287 293 59 295 148 173 314 265 305 15 70 5 49 23 31 179 26 25 41 104 124 185 20 9 219 286 294 261 270 132 250 170 61 18 38 72 53 28 315 300 55 215 193 122 37 182 158 139 257 297 278 230 313 222 120 239 274 66 14 140 142 136 35 216 223 74 46 143 268 199 167 34 29 12 233 16 299 6 2 152 296 181 92 27 191 4 220 302 77 67 281 93 54 79 196 126 164 114 298 214 254 192 282 102 206 301 106 71 3 259 237 246 163 24 208 177 47 157 62 171 251 291 269 144 100 217 115 275 304 266 175 63 69 160 121 283 166 307 277 212 258 267 256 43 51 11 303 317 180 94 284 201 194 89 263 204 310 248 128 231 8 75 174 252 76 7 184 65 90 19 118 241 129 271 : 5333.19
5 3
1 107 58 221 68 84 209 194 115 40 105 66 256 274 13 130 266 305 63 73 6 138 76 134 61 186 16 27 181 271 155 12 246 270 265 112 219 87 127 261 178 225 7 83 311 229 298 260 160 281 148 175 295 294 171 96 253 264 78 282 285 299 156 196 310 43 132 2 237 210 38 45 152 35 238 217 145 268 293 64 169 211 208 164 15 86 77 65 122 42 71 89 10 304 307 129 235 167 316 191 172 159 213 185 44 226 214 269 92 300 174 126 33 116 101 62 79 284 161 165 289 19 14 37 51 59 104 170 25 162 113 121 176 158 4 97 81 124 168 8 80 241 184 239 9 223 251 154 103 118 242 128 212 206 91 272 279 291 69 263 188 202 67 48 90 23 313 236 31 41 85 72 150 166 309 98 190 133 117 146 244 245 30 143 302 199 153 204 292 151 125 195 259 262 177 57 250 258 286 252 216 120 207 110 119 182 189 303 60 137 21 20 187 139 173 224 232 131 287 200 99 106 29 55 183 49 75 17 34 135 111 275 249 314 108 243 180 296 140 277 247 192 203 53 95 220 218 18 231 149 123 54 26 47 283 278 142 198 163 94 50 24 267 276 312 230 144 228 248 257 222 240 273 318 157 88 301 315 100 193 179 308 201 290 56 109 233 234 280 197 3 70 36 254 46 74 141 317 255 32 52 5 22 114 93 306 227 205 102 288 215 82 297 28 147 136 39 11 : 5152.67
