0 0 
1 2 6 7 10 11 15 103 21 22 29 32 31 30 20 23 28 33 27 24 19 16 17 18 25 26 36 37 42 41 43 46 52 53 58 57 54 51 47 44 104 40 316 317 49 45 48 50 55 56 59 105 62 63 70 69 74 75 81 80 76 73 64 72 77 79 84 67 68 71 78 82 83 85 91 92 96 97 101 102 93 86 89 98 99 90 66 65 61 60 164 210 169 172 173 176 183 187 188 190 87 88 94 95 100 207 206 202 201 197 196 198 191 189 184 182 177 178 181 185 186 180 179 174 175 167 168 171 195 194 203 204 200 205 312 311 307 306 199 302 301 193 192 295 293 294 287 292 296 283 277 274 279 280 282 278 299 285 284 291 286 272 273 297 309 308 303 305 310 304 298 276 271 275 270 318 289 290 300 281 288 170 166 165 269 315 267 268 263 262 264 261 257 254 255 258 260 265 266 259 250 256 252 253 251 223 248 247 246 314 243 227 230 222 245 215 219 249 244 228 235 237 241 240 226 239 242 231 232 313 234 238 221 225 233 229 236 214 218 212 213 224 217 211 216 110 220 118 119 139 140 117 124 129 121 114 113 108 106 107 111 5 4 112 132 122 123 130 131 142 141 138 147 146 152 149 209 145 154 150 153 155 160 161 156 159 162 163 158 157 151 148 144 143 109 125 133 34 35 39 38 137 136 126 127 134 135 128 208 120 116 115 13 14 9 8 3 12 : 666.763
0 1 
1 3 8 9 17 14 13 5 4 106 107 111 112 115 116 120 208 126 127 134 34 35 39 38 154 145 209 146 147 148 151 157 158 163 162 159 156 152 149 150 153 155 160 161 164 210 169 172 173 177 182 184 189 191 185 181 178 186 180 179 174 175 167 168 166 165 269 266 265 260 258 255 259 250 143 144 142 141 131 130 123 122 121 124 129 132 138 137 136 135 133 128 125 117 108 113 114 110 109 211 212 216 217 220 221 118 119 140 139 242 241 240 239 232 231 225 313 230 233 238 243 246 247 236 235 228 227 226 237 234 229 222 213 218 219 215 214 223 224 244 245 248 249 252 256 262 267 264 261 257 268 254 253 251 314 263 318 271 297 310 305 304 298 275 276 270 308 309 300 299 291 285 284 279 280 273 272 315 290 296 303 286 283 274 170 171 293 292 288 281 278 277 282 287 289 294 295 192 193 301 199 302 306 307 311 312 205 200 194 195 204 203 198 196 197 201 202 77 79 84 86 92 96 97 101 102 93 98 99 89 80 76 73 69 70 74 75 81 65 66 176 183 187 188 190 87 88 90 95 94 100 207 206 72 91 64 67 71 68 85 83 82 78 59 61 60 56 55 50 48 45 49 317 316 40 104 44 47 51 54 57 105 62 63 58 53 52 43 41 46 42 37 36 26 25 18 16 19 24 27 31 32 33 28 23 20 12 30 29 22 21 103 15 11 10 7 6 2 : 554.163
0 2 
1 2 6 7 10 11 15 103 20 23 28 21 22 29 30 31 32 33 104 40 316 317 49 45 48 50 55 56 59 105 57 54 51 47 44 46 52 53 58 63 62 64 67 68 71 78 82 83 85 91 92 96 97 101 102 98 99 93 86 84 79 77 72 80 76 73 69 70 74 75 81 89 90 95 100 207 206 202 201 94 197 196 88 87 190 188 187 183 176 173 172 169 174 178 181 185 177 182 184 189 191 198 203 204 195 194 186 180 179 175 193 192 199 200 205 312 311 307 306 302 301 303 308 309 310 305 304 298 297 276 275 271 270 318 249 248 245 244 224 223 214 215 219 218 227 226 228 235 236 237 234 229 230 233 238 239 232 231 313 225 222 213 211 212 109 110 216 217 220 221 118 119 140 139 242 241 240 243 246 247 314 254 257 251 252 253 256 262 263 268 273 272 274 283 286 290 279 280 284 285 291 300 299 296 295 293 292 288 294 289 287 282 277 278 281 170 171 166 165 269 315 267 264 261 266 265 260 258 255 259 250 143 144 142 141 132 129 131 130 123 122 121 113 114 107 4 125 128 124 208 134 41 42 43 127 126 120 116 115 5 106 108 111 112 117 133 13 138 35 135 14 36 136 137 153 38 34 150 155 160 161 164 210 167 168 154 145 209 152 163 158 157 149 146 147 148 151 162 159 156 39 65 61 66 60 37 26 19 24 27 25 18 17 16 9 8 3 12 : 559.037
0 3 
1 2 6 7 10 11 15 103 21 22 29 32 31 30 28 23 20 12 19 24 27 33 104 40 316 317 49 45 48 50 55 56 59 105 64 72 77 79 84 67 68 71 78 82 83 85 91 92 96 97 101 102 93 86 80 76 73 69 70 74 75 81 89 90 98 99 95 94 100 207 206 202 201 197 196 88 87 190 188 189 191 185 181 178 174 175 179 180 186 195 194 198 203 204 193 192 199 200 205 312 311 307 306 302 301 303 296 290 286 283 279 280 284 285 291 299 300 308 309 310 305 304 298 297 276 275 270 271 318 244 227 235 243 228 214 245 236 252 257 261 262 233 226 219 216 313 217 212 109 221 232 246 248 223 247 254 251 258 255 240 139 140 225 218 234 314 144 143 253 263 268 272 273 249 224 215 256 250 259 265 260 264 267 269 266 315 274 278 277 282 287 289 294 295 293 292 288 281 170 171 165 166 238 141 152 156 159 162 163 158 157 151 148 146 229 147 142 209 172 173 177 184 182 169 62 63 58 53 52 46 43 42 44 41 47 51 54 57 149 150 153 155 160 161 168 167 210 164 60 61 65 66 176 183 187 154 145 36 37 26 18 17 16 25 213 222 231 239 118 110 211 220 230 237 241 242 38 39 133 127 126 120 13 4 5 14 116 115 112 111 107 106 117 123 121 130 132 129 124 108 113 114 131 122 119 128 125 208 134 135 136 137 138 34 35 9 8 3 : 762.32
1 0 
1 2 6 7 10 11 15 103 21 22 29 32 31 30 28 23 20 12 19 24 27 16 17 18 25 26 37 42 41 43 46 52 53 58 57 54 51 47 44 36 33 104 40 316 317 49 45 48 50 55 56 59 105 62 63 70 69 74 75 81 80 76 73 64 72 77 79 84 67 68 71 78 82 83 85 91 92 96 97 101 102 93 86 89 90 98 99 100 207 206 202 201 197 196 94 95 88 87 190 189 188 187 183 176 65 66 61 60 172 173 177 182 184 191 198 203 204 200 199 205 312 311 307 306 302 301 303 308 309 272 315 169 171 170 166 165 269 266 265 260 258 261 264 267 257 268 262 253 263 251 256 252 254 224 214 248 223 247 228 229 242 243 235 236 245 246 314 250 255 143 259 239 225 227 222 230 231 140 208 117 209 162 159 156 152 149 141 142 238 237 215 234 219 226 244 249 318 271 270 276 310 304 305 298 297 280 285 296 299 300 273 279 275 284 291 286 290 283 274 278 287 282 277 294 289 288 281 292 293 295 192 193 195 194 178 181 185 186 180 179 174 175 168 167 210 164 128 125 120 146 122 121 124 129 132 113 118 221 220 218 240 241 232 119 313 213 139 144 163 158 157 151 148 147 123 130 131 150 153 155 160 161 154 145 38 39 35 34 134 135 136 137 138 133 108 116 127 126 114 110 216 109 233 217 212 211 4 5 106 107 111 112 115 13 14 9 8 3 : 734.796
1 1 
1 2 6 7 10 11 15 21 22 29 32 31 30 103 20 23 28 33 27 24 19 16 17 18 25 26 37 36 104 40 316 317 49 45 48 50 55 56 59 105 57 54 51 47 44 41 42 43 46 52 53 58 63 62 64 67 68 71 78 82 83 84 85 91 92 96 97 101 102 93 98 99 90 89 86 79 77 72 73 76 80 81 75 74 69 70 66 65 61 60 164 161 160 159 156 152 149 256 273 263 267 254 246 234 236 244 219 218 215 211 146 148 151 157 163 162 210 169 174 175 179 180 186 185 181 178 184 182 177 293 292 288 195 194 191 172 173 176 183 187 188 189 190 87 88 94 95 100 207 206 202 201 197 196 198 203 204 200 199 205 312 311 307 306 302 301 303 308 309 310 305 304 297 298 300 299 296 289 287 282 294 295 193 192 168 167 250 314 242 123 113 117 125 128 133 135 136 233 232 114 121 122 130 131 129 132 118 119 140 217 281 278 277 274 291 285 283 290 286 284 279 280 272 247 260 34 35 39 38 145 154 155 153 150 209 141 142 138 137 134 127 126 120 208 110 109 220 139 147 251 158 143 255 266 166 165 171 170 264 271 276 275 270 318 248 245 227 253 144 269 315 268 262 257 259 265 258 261 214 229 240 241 239 231 313 230 243 237 226 235 223 249 252 224 228 238 222 212 213 221 225 216 124 108 106 107 112 116 13 14 111 115 4 5 9 8 3 12 : 809.88
1 2 
1 2 6 7 10 11 15 103 21 22 29 32 31 30 20 23 28 33 104 40 45 48 50 55 56 49 316 317 59 105 64 73 76 80 86 84 79 77 72 67 68 71 78 82 83 85 91 92 96 97 101 102 93 98 99 90 89 81 75 74 69 70 63 62 183 187 188 190 189 191 185 181 178 184 182 177 176 173 172 169 167 168 163 158 157 151 148 147 146 209 149 152 156 159 162 210 164 161 160 155 153 150 154 145 38 39 42 41 43 46 52 53 58 57 54 51 47 44 139 232 240 231 313 243 246 247 251 256 262 263 268 267 264 261 252 314 253 254 255 143 144 250 259 258 257 260 266 265 238 242 225 239 233 237 234 229 236 235 228 226 227 218 219 215 214 223 224 244 245 248 249 318 270 271 275 276 297 298 304 310 305 300 299 291 285 284 280 279 283 286 290 296 309 308 303 306 307 311 312 205 200 199 302 301 193 192 295 293 292 288 294 289 287 282 281 278 277 274 273 272 315 269 165 166 170 171 175 174 179 180 186 194 195 204 203 198 196 197 201 202 206 207 100 95 94 87 88 66 65 60 61 118 221 217 211 213 109 216 220 222 132 133 125 208 230 241 114 121 123 130 131 117 124 129 120 14 112 115 116 4 106 5 108 127 134 113 122 142 141 140 212 119 110 128 138 135 136 137 13 111 107 126 34 35 36 37 26 25 18 17 16 27 24 19 12 9 8 3 : 614.302
1 3 
1 3 8 9 5 4 106 107 111 112 115 116 108 117 124 129 132 131 130 123 121 122 113 114 110 109 217 216 212 211 213 218 219 215 214 223 224 244 245 248 249 318 270 271 275 276 297 298 305 304 309 308 303 311 312 205 307 306 291 279 284 285 283 273 254 261 257 264 253 239 225 240 238 222 230 229 237 236 228 227 226 313 235 139 119 118 220 221 232 231 233 234 242 241 243 314 260 315 246 247 252 250 140 251 268 263 262 267 287 278 294 295 192 193 171 281 272 286 290 274 170 269 166 165 259 258 282 289 288 277 292 293 296 299 300 310 280 256 265 255 266 143 144 302 301 199 200 204 203 198 194 195 175 181 185 150 155 153 167 168 169 164 210 60 61 63 62 64 73 76 80 77 83 72 67 68 71 78 82 85 84 79 86 91 92 96 97 101 102 93 98 99 90 89 81 75 74 69 70 66 65 88 95 100 207 206 202 201 94 197 196 87 190 188 187 183 176 173 172 177 182 184 189 191 160 161 154 39 38 178 186 180 179 174 149 156 152 148 151 157 158 163 162 159 141 142 145 209 146 147 138 136 137 35 34 135 133 128 125 208 134 127 126 120 13 14 17 16 18 25 26 24 19 12 20 23 28 103 15 27 47 53 37 44 36 46 52 43 51 58 41 42 54 57 105 59 56 55 50 48 45 49 317 316 40 104 33 32 31 30 29 22 21 11 10 7 6 2 : 693.417
2 0 
1 3 8 9 133 304 145 71 162 109 36 246 142 301 252 197 120 291 238 199 192 59 182 282 194 73 209 202 292 233 312 105 187 193 83 180 149 258 205 77 17 25 55 78 43 143 306 134 89 104 58 94 63 62 307 267 269 183 87 287 285 254 264 245 157 172 201 168 38 195 310 239 220 208 107 4 106 5 297 303 302 240 178 146 147 280 215 108 261 102 217 123 190 219 13 65 14 130 148 268 275 293 173 271 198 155 116 221 200 151 52 90 91 175 154 210 276 278 140 286 218 113 309 138 223 152 124 128 243 288 247 170 241 212 129 244 214 204 35 34 289 249 281 206 169 296 311 279 235 135 137 270 272 119 115 112 211 156 229 256 118 251 144 161 318 277 231 313 308 273 88 74 49 56 51 84 85 93 69 207 317 99 80 67 31 29 21 41 54 57 72 203 101 68 97 64 160 257 159 284 227 185 255 225 114 226 131 228 125 290 39 95 79 76 176 45 48 98 274 253 117 111 315 126 132 234 250 237 216 177 316 30 103 23 40 82 22 53 153 150 61 75 66 184 283 181 260 186 295 213 230 232 171 262 166 263 141 158 167 305 265 314 259 224 236 121 139 222 248 165 298 174 191 60 42 86 136 266 122 100 37 19 27 18 24 16 28 15 12 20 294 300 189 33 299 110 242 163 127 70 164 47 179 50 26 81 196 92 188 46 96 44 32 11 10 7 6 2 : 4066.27
2 1 
1 317 280 207 211 205 201 187 154 102 86 311 186 285 88 90 287 212 218 151 175 170 232 141 94 100 104 45 59 53 152 248 74 177 269 52 68 158 290 249 198 117 18 16 72 77 120 37 121 255 30 262 150 240 33 91 118 224 271 216 267 56 264 254 228 266 46 229 38 22 238 75 106 109 196 184 279 235 143 157 173 283 293 312 199 194 181 25 127 107 3 133 103 24 245 220 5 32 55 208 193 65 206 256 78 124 159 92 318 219 300 203 179 61 129 147 174 21 27 62 309 294 4 168 275 272 160 113 274 260 149 140 44 64 305 171 281 313 225 17 60 197 85 178 296 139 95 310 282 135 164 163 243 239 314 110 14 79 42 137 291 183 246 167 9 15 185 40 49 252 84 166 236 136 43 29 114 215 251 230 241 156 257 122 23 66 8 213 138 108 200 169 259 292 223 286 278 247 131 7 6 10 316 221 214 51 222 71 83 97 172 192 297 34 242 289 233 303 180 190 277 165 123 12 36 191 144 176 58 234 304 112 261 315 115 67 307 125 11 31 270 146 28 76 63 162 82 119 209 145 268 99 161 13 295 231 284 302 288 57 80 210 202 306 153 250 195 263 188 276 35 244 96 142 132 20 116 105 265 298 19 69 98 128 189 253 89 226 299 155 308 130 134 26 217 237 148 111 48 2 47 70 41 50 182 87 101 258 301 273 227 39 93 126 204 81 54 73 : 5089.82
2 2 
1 2 6 7 10 11 15 103 21 22 29 30 105 232 91 289 52 236 137 157 190 266 260 116 3 8 222 95 214 100 311 152 49 59 317 79 101 56 90 89 88 192 199 314 75 180 291 160 189 183 273 264 256 233 231 212 129 9 24 115 131 150 239 108 106 134 286 111 155 93 72 279 210 226 228 309 117 310 234 253 141 196 305 202 206 55 162 104 25 18 125 308 224 285 290 300 177 176 83 71 147 39 219 4 124 34 144 247 138 165 275 230 37 44 46 48 85 58 70 186 80 62 61 139 220 270 118 265 287 267 166 203 187 184 198 201 99 299 262 114 130 126 151 252 257 229 288 301 269 302 128 98 77 148 143 306 293 195 168 281 92 82 68 50 316 45 40 32 31 47 153 282 38 245 241 312 53 57 19 66 142 167 158 215 240 242 113 17 217 292 248 182 161 274 297 112 249 235 140 318 193 119 171 54 51 296 313 43 127 136 5 209 211 174 178 74 204 175 97 13 307 69 238 213 156 181 255 36 63 197 254 258 295 250 246 216 277 271 188 133 218 179 261 120 12 20 23 28 27 26 194 173 87 280 135 225 76 86 227 121 237 107 283 35 145 81 41 221 65 164 205 169 60 172 149 244 109 132 284 208 64 185 33 96 163 170 78 304 294 315 259 268 16 14 159 243 84 67 42 298 303 223 123 272 73 102 263 122 200 207 251 278 94 154 191 276 146 110 : 4302.75
2 3 
1 2 6 7 10 11 15 21 22 29 103 20 23 28 30 31 32 33 36 37 39 38 145 170 180 256 237 118 233 135 110 122 208 125 124 246 310 292 312 305 284 240 229 230 216 217 215 257 262 270 242 235 261 269 285 296 183 190 304 278 245 267 239 231 214 140 301 236 249 224 271 157 152 146 167 286 283 203 189 187 176 260 171 243 199 198 179 254 268 151 273 155 150 265 192 100 89 81 73 45 48 50 56 59 104 40 49 317 316 67 201 168 276 275 218 227 223 226 244 274 166 186 303 238 108 211 219 207 318 130 129 123 232 307 210 291 200 299 251 259 279 184 172 185 69 80 96 82 101 92 97 85 83 77 99 61 287 65 164 194 64 68 84 86 70 74 75 62 58 53 52 46 43 41 42 44 47 51 72 102 98 95 94 90 188 309 294 191 202 205 295 302 289 288 314 315 308 280 264 258 247 281 138 133 128 121 132 225 297 263 144 143 266 253 119 141 142 139 250 114 241 234 213 165 158 195 66 197 293 313 298 300 252 290 222 221 248 148 159 160 154 153 177 182 173 88 93 63 55 54 57 105 91 78 204 174 147 162 161 156 149 163 255 272 282 306 193 311 206 181 178 60 169 175 87 76 79 71 196 277 220 131 212 113 117 228 209 34 35 137 136 109 134 127 126 120 14 13 116 115 112 111 107 106 4 5 9 17 16 18 25 26 27 24 19 8 12 3 : 2246.45
3 0 
1 2 6 7 10 11 15 21 22 29 103 12 20 23 28 30 31 32 33 36 224 159 38 148 111 123 240 124 119 214 239 158 196 209 169 293 125 212 225 140 263 186 66 60 164 83 80 317 53 58 81 40 44 43 62 102 99 96 201 190 82 59 64 77 254 301 95 70 174 310 187 258 229 297 118 115 139 278 221 236 271 262 154 155 166 296 275 264 126 147 192 88 150 134 116 109 108 107 253 152 183 286 250 35 284 298 14 145 197 127 129 216 292 181 184 199 180 204 289 305 260 255 218 238 149 210 291 128 228 279 269 219 311 93 206 48 49 78 91 171 137 257 318 261 295 168 223 141 283 146 173 98 72 54 75 42 104 92 312 276 241 268 175 266 315 256 217 300 244 142 114 232 120 222 245 110 220 151 165 288 185 69 90 179 153 144 143 162 299 231 193 304 130 34 247 306 302 101 89 86 237 5 246 52 84 97 280 294 308 259 243 235 233 121 157 79 74 307 16 19 24 27 26 13 39 313 4 112 9 8 213 195 205 194 94 65 105 67 63 57 182 41 46 76 178 189 285 273 73 85 100 198 267 277 287 249 208 309 200 191 227 215 242 135 177 37 25 18 17 132 172 161 252 270 117 314 68 56 87 138 265 51 163 207 61 113 226 71 316 55 176 50 160 234 272 167 282 133 47 45 290 202 188 303 248 211 230 274 170 156 251 122 281 131 203 136 106 3 : 3711.29
3 1 
1 177 69 59 303 240 111 5 4 125 134 98 50 48 228 141 273 189 298 204 39 301 62 23 185 40 127 103 161 94 107 113 216 258 133 129 211 215 270 304 139 102 206 182 114 203 90 38 308 195 235 294 146 153 170 37 21 10 7 2 49 72 268 267 173 318 25 16 200 96 243 276 29 261 292 293 193 249 163 287 30 291 306 95 105 239 236 312 43 76 130 120 157 190 310 192 281 229 51 108 91 316 151 60 75 225 136 14 92 221 73 82 124 143 186 32 181 84 299 263 179 61 22 230 83 140 272 227 233 314 171 97 257 247 262 234 68 123 259 217 286 135 142 104 191 188 266 148 254 52 152 183 100 58 187 255 174 67 232 89 57 169 80 35 150 167 226 290 201 74 53 208 176 145 277 305 231 307 248 223 131 66 313 309 88 12 36 116 311 126 26 137 128 45 117 63 34 241 284 78 13 205 20 220 110 109 209 165 244 93 164 250 138 122 279 19 149 317 55 86 198 112 202 207 197 275 159 56 18 17 42 77 265 118 245 46 295 219 6 289 246 65 33 54 180 64 47 3 11 251 222 264 99 27 28 132 260 242 296 166 119 70 168 147 172 156 9 31 41 44 282 175 300 269 85 154 144 210 178 79 71 218 212 237 283 194 81 101 24 214 213 278 297 280 271 256 252 87 238 158 8 162 115 288 253 285 274 302 121 199 196 15 106 155 315 160 184 224 : 5090.65
3 2 
1 134 151 41 308 193 205 152 95 139 305 265 56 198 303 9 182 293 83 294 260 212 236 306 65 296 276 184 287 230 249 161 130 146 211 199 19 178 174 77 14 245 284 145 275 207 40 132 237 78 105 282 157 168 112 4 244 315 266 197 25 23 28 24 27 54 63 49 55 97 186 60 88 309 147 215 262 268 221 122 229 246 252 143 218 131 148 295 277 160 125 223 135 255 42 43 126 267 314 167 86 38 274 179 185 111 213 138 109 289 158 210 300 190 36 33 35 247 196 217 231 203 288 228 254 173 192 278 273 118 108 140 233 220 281 172 5 264 76 37 219 240 73 82 44 121 253 90 85 166 238 92 91 208 241 311 256 189 18 191 156 216 165 251 129 154 187 235 318 163 57 59 50 32 150 87 34 100 304 312 68 164 13 115 128 123 175 181 61 39 316 101 176 195 17 8 225 98 66 75 206 48 30 22 21 15 10 2 6 7 11 183 80 291 299 239 114 297 302 159 81 29 94 103 31 89 102 285 204 124 3 67 51 201 298 113 279 137 142 116 248 226 64 155 250 261 127 16 58 47 99 84 292 194 149 119 270 188 136 74 280 271 12 20 53 104 180 259 269 313 272 242 224 310 70 45 117 62 169 93 79 46 144 171 209 214 72 162 26 120 71 283 307 290 286 153 52 170 243 107 234 222 69 141 301 96 106 263 232 257 202 110 133 258 227 200 177 317 : 4713.43
3 3 
1 2 6 7 10 11 15 21 22 29 32 31 30 103 20 23 28 33 27 24 19 25 26 36 104 40 316 317 49 45 48 50 55 56 59 105 57 54 51 47 44 41 42 43 46 52 53 58 63 62 64 72 77 79 67 68 71 78 82 83 84 85 91 92 96 97 101 102 93 98 99 90 89 86 80 76 73 81 75 74 69 70 66 65 176 183 187 188 190 87 88 94 95 100 207 206 202 201 197 196 198 203 204 200 205 312 311 307 306 199 302 301 303 308 309 310 305 304 298 297 276 275 318 270 271 273 272 280 279 284 285 291 283 289 294 293 292 288 277 278 282 287 170 171 193 192 295 296 290 286 299 300 281 274 269 265 261 266 257 165 166 168 167 169 173 172 177 182 184 189 191 194 195 175 179 174 186 180 185 181 178 163 148 147 157 61 60 162 158 159 210 164 161 160 155 153 150 154 145 38 39 37 156 149 152 151 146 209 140 259 254 253 256 262 263 268 267 315 260 258 264 314 139 130 122 214 219 235 236 229 242 241 132 129 120 107 111 112 4 116 117 124 123 313 246 247 142 141 138 133 128 125 208 126 127 134 135 136 137 34 35 108 131 113 216 118 220 211 215 225 221 109 222 226 227 228 217 233 232 239 240 213 110 212 114 121 234 237 230 238 243 143 144 119 231 255 250 251 252 224 223 245 248 249 244 218 106 5 13 115 14 8 9 17 18 16 12 3 : 734.663
4 0 
1 2 6 7 10 11 15 103 21 22 29 30 31 32 33 104 44 47 51 54 56 55 50 48 45 40 49 316 317 59 105 64 67 68 71 78 82 83 85 91 92 96 97 101 102 93 98 99 90 89 86 84 79 77 72 73 76 80 81 75 74 69 70 66 65 60 61 63 62 57 58 53 52 46 43 41 42 39 38 145 154 150 153 155 160 161 164 210 167 168 175 174 179 180 186 181 185 191 184 182 177 178 169 172 173 176 183 187 188 189 190 87 88 94 95 100 207 206 202 201 197 196 198 203 204 194 195 200 205 312 311 307 306 199 302 301 303 308 309 310 305 304 298 297 276 275 271 270 318 249 248 245 244 224 223 214 215 219 218 213 222 226 227 228 235 236 243 242 139 140 259 314 265 266 170 288 292 293 287 274 300 299 291 285 284 280 279 283 286 290 282 277 278 281 294 296 295 193 192 171 166 165 315 247 252 261 260 255 143 144 147 129 133 124 125 126 127 134 13 14 128 136 137 138 141 142 209 149 152 156 159 163 158 157 151 148 162 146 131 122 121 123 130 240 233 232 231 119 217 216 212 220 221 225 313 230 229 237 234 254 269 258 264 251 268 246 238 135 250 253 256 262 263 267 272 273 289 257 241 239 132 118 109 211 110 114 113 108 117 208 120 116 115 112 111 107 106 4 5 34 35 37 36 26 27 24 19 25 18 17 16 9 28 23 20 12 8 3 : 622.772
4 1 
1 2 6 7 10 11 15 103 21 22 29 30 31 32 33 28 23 20 12 19 24 27 16 17 18 25 26 36 37 35 34 39 38 145 209 150 154 153 155 160 161 164 60 61 58 53 54 51 47 52 46 43 42 41 44 104 40 316 317 49 45 48 50 55 56 59 105 57 62 63 70 69 74 75 81 80 76 73 79 77 72 64 67 68 71 78 82 83 84 85 91 92 96 97 101 102 93 86 89 90 98 99 95 94 100 207 206 202 201 197 196 88 87 66 65 176 183 187 188 190 189 191 198 203 204 195 194 185 181 184 182 177 173 172 169 178 186 180 179 174 175 168 167 210 162 159 156 152 149 146 147 148 151 157 158 163 258 261 264 267 280 227 226 235 228 234 237 246 247 252 251 253 256 262 263 268 272 273 229 230 233 140 139 241 243 238 231 232 239 119 118 220 221 222 236 225 313 240 242 314 255 254 257 250 143 144 166 259 260 265 266 269 315 274 171 293 294 292 288 289 296 295 303 301 302 306 307 311 312 205 200 199 165 277 278 282 286 290 283 287 281 170 192 193 279 284 285 291 299 300 308 309 310 305 304 298 297 276 275 271 270 318 249 248 245 244 224 223 214 215 219 218 213 211 212 216 217 109 110 114 113 122 121 123 130 131 124 129 132 142 141 138 137 136 135 134 127 126 133 128 208 117 125 120 14 13 116 115 108 106 107 111 112 4 5 9 8 3 : 544.399
4 2 
1 2 6 7 10 11 21 22 29 30 31 32 104 40 316 317 49 45 48 50 55 56 59 105 57 54 51 47 44 41 42 43 46 52 53 58 62 63 70 69 74 75 81 80 76 73 79 77 72 64 67 68 71 78 82 83 84 85 91 92 96 97 101 102 93 86 89 90 98 99 95 94 100 207 206 202 201 197 196 88 87 190 188 187 183 176 65 66 61 60 164 210 162 159 156 152 149 150 153 155 160 161 154 145 38 39 35 34 134 127 126 208 125 128 133 135 136 137 138 209 146 147 148 151 157 158 163 168 167 169 172 173 177 182 184 189 198 203 204 195 194 191 185 181 178 186 180 179 174 175 193 199 200 205 312 311 307 306 302 301 303 299 300 308 309 310 305 304 298 297 276 275 271 270 318 273 251 258 259 144 143 250 314 243 232 225 221 215 224 216 212 239 233 139 226 240 241 237 246 268 262 256 254 257 265 266 267 260 261 255 247 252 263 272 249 248 244 119 220 234 213 110 217 222 313 228 214 118 230 229 245 227 242 223 132 129 124 131 130 123 121 122 141 142 231 235 219 236 238 269 253 315 264 274 283 286 290 279 280 284 285 291 296 289 287 282 277 278 281 288 292 293 294 295 192 171 170 165 166 140 218 109 211 113 108 117 114 120 13 14 116 115 112 111 107 106 4 5 9 8 3 12 18 25 26 37 36 33 17 16 19 24 27 20 23 28 103 15 : 703.121
4 3 
1 3 8 9 5 4 112 111 107 106 108 117 113 114 110 109 217 216 212 211 213 218 219 215 214 223 224 244 245 248 249 252 251 253 256 262 263 268 267 264 261 257 254 314 246 247 236 235 228 227 226 229 234 237 243 238 233 230 222 225 313 240 239 232 231 119 139 140 144 143 241 242 250 259 255 258 260 265 266 315 269 165 166 171 170 274 282 277 278 281 288 292 193 192 295 293 294 289 287 283 279 286 290 296 299 300 291 285 284 280 272 273 271 270 318 275 276 297 298 304 305 310 309 308 303 301 302 199 200 306 307 311 312 205 178 181 185 194 203 204 195 186 180 179 174 150 124 129 132 133 128 125 208 134 127 126 120 14 13 116 115 16 17 18 25 26 36 104 40 316 317 49 45 48 50 55 56 59 105 57 54 51 47 44 41 42 43 46 52 53 58 63 62 64 67 68 71 78 82 83 85 84 72 77 79 86 91 92 96 97 101 102 93 98 99 90 89 80 76 73 81 75 74 69 70 66 65 61 60 169 172 173 176 183 187 87 88 94 95 100 207 206 202 201 197 196 198 190 188 189 191 184 182 177 175 168 167 162 159 163 158 157 151 148 156 152 149 209 145 153 155 160 161 210 164 154 141 142 147 146 118 221 220 121 122 123 130 131 138 137 136 135 38 39 35 34 37 24 27 33 32 19 15 21 22 29 30 31 12 103 20 23 28 11 10 7 6 2 : 528.105
5 0 
1 2 6 7 10 11 15 21 22 29 103 20 42 88 94 194 281 146 239 118 235 313 127 130 215 252 233 106 266 230 180 190 291 66 169 292 204 192 311 309 189 53 44 67 40 317 70 105 238 138 272 237 224 246 114 295 261 232 111 110 210 122 181 177 214 196 162 141 119 269 285 248 276 275 153 270 271 165 161 152 250 139 253 142 121 226 244 318 203 101 59 81 77 68 56 30 28 23 25 17 14 208 258 109 227 314 265 170 168 157 256 220 62 90 207 178 92 64 305 282 132 260 166 247 273 268 267 264 61 136 115 116 124 133 149 302 263 150 171 245 200 52 38 185 173 96 201 82 84 72 79 184 163 202 279 35 277 100 37 73 316 85 93 50 32 31 104 91 278 308 216 89 60 301 140 223 225 48 296 310 128 212 9 3 12 8 5 134 13 120 125 41 45 57 55 49 69 74 47 43 58 71 187 294 243 183 95 154 99 176 179 98 78 39 63 206 51 54 80 182 174 158 87 188 298 257 156 131 219 280 117 26 16 19 24 27 198 290 108 18 259 36 83 288 164 102 33 34 241 195 218 148 284 97 46 75 293 286 304 222 211 299 191 231 229 147 255 287 254 143 172 251 315 289 249 112 107 234 240 113 126 135 137 145 209 159 186 151 167 199 297 217 221 236 213 228 144 283 262 306 312 205 303 193 274 160 155 65 175 123 76 129 4 307 197 86 300 242 : 3559.83
5 1 
1 32 92 155 38 135 228 126 144 272 131 137 308 258 175 212 165 113 245 244 139 40 210 313 218 16 274 246 124 213 111 260 203 239 73 99 170 279 23 154 87 190 168 194 284 163 28 15 44 188 106 199 134 223 299 292 152 233 157 47 128 162 159 277 301 119 145 121 270 133 54 181 150 62 267 37 217 140 208 115 108 109 263 230 254 285 303 214 250 173 158 161 83 56 105 12 103 101 160 21 237 120 174 206 94 318 296 114 242 172 251 264 182 195 300 34 18 36 59 104 100 33 72 312 81 35 286 269 316 287 268 80 167 147 49 198 241 187 2 6 10 11 58 236 127 222 65 77 61 273 27 314 256 132 231 39 248 179 235 96 204 184 185 90 63 4 177 311 107 125 51 17 176 53 43 281 197 8 219 306 136 186 252 193 278 178 227 298 255 290 220 202 84 26 117 293 262 247 211 283 289 229 253 164 55 294 243 112 98 93 143 224 266 156 29 30 276 310 141 52 146 14 48 60 69 91 240 291 271 288 257 234 192 189 20 3 221 57 86 282 309 74 205 78 24 102 22 67 200 297 130 169 148 89 50 209 249 46 9 138 31 68 317 41 95 71 97 207 265 261 226 225 307 76 183 216 123 85 45 42 302 129 153 166 275 295 305 180 215 201 66 13 5 304 70 88 259 232 191 75 196 315 122 118 64 82 171 7 116 151 280 110 142 149 238 25 79 19 : 4978.9
5 2 
1 82 313 214 288 289 110 263 233 290 199 111 128 189 68 28 187 126 206 163 146 276 312 81 177 18 25 135 216 306 198 16 56 22 67 280 59 101 65 260 113 301 193 224 35 139 5 115 150 179 232 245 300 284 186 138 149 66 173 87 314 228 227 268 122 38 161 120 26 33 317 69 91 153 315 250 240 119 40 182 148 192 254 310 255 73 137 71 42 209 130 20 12 215 62 125 90 190 108 279 292 45 112 14 17 243 230 249 223 304 237 133 165 8 100 121 208 197 74 51 210 261 285 217 286 273 266 246 109 55 44 265 278 144 258 247 152 123 235 23 46 102 105 43 160 185 305 70 117 242 295 298 151 4 172 293 283 259 239 54 24 48 213 191 136 75 236 32 37 299 175 3 225 195 84 61 183 78 31 107 272 164 58 262 171 296 204 52 30 29 11 10 7 211 6 93 303 318 251 159 157 64 57 212 92 281 291 116 94 200 49 129 9 114 205 34 311 77 86 154 221 248 256 238 234 127 72 21 231 143 270 184 103 269 178 218 267 60 88 166 297 220 145 50 162 282 271 316 104 15 226 63 36 27 2 181 274 19 201 96 307 124 176 168 158 156 13 41 79 196 222 85 264 147 80 95 169 99 253 275 106 287 257 97 131 140 207 53 180 141 83 155 134 39 229 202 132 89 167 118 170 308 203 277 98 47 142 309 244 252 194 188 302 219 76 294 174 241 : 5035.63
5 3 
1 2 6 7 10 11 15 21 22 29 103 20 23 28 30 31 32 33 36 37 104 44 47 51 54 45 40 316 317 49 48 50 55 56 59 105 57 62 63 58 53 52 46 43 41 42 35 34 14 13 106 4 5 107 116 132 208 126 127 219 227 217 222 215 220 213 256 249 147 135 133 234 212 223 285 269 273 265 218 118 125 124 110 144 152 253 130 214 262 263 164 60 61 65 169 188 176 191 187 178 179 278 286 290 295 297 315 267 205 66 172 81 76 73 69 74 70 78 71 68 67 64 79 77 72 86 97 91 92 96 101 99 203 98 75 90 88 207 184 177 201 100 276 244 303 197 202 204 192 181 199 193 296 288 246 229 251 247 235 245 139 158 143 149 180 166 260 299 282 196 307 156 151 145 150 280 261 240 119 131 270 306 300 312 94 102 93 80 82 83 84 85 95 89 87 189 206 194 291 258 308 302 168 175 161 153 155 159 160 154 255 272 283 231 230 129 257 109 239 141 146 165 281 289 298 311 279 274 284 268 252 264 142 122 237 221 113 108 114 120 140 134 137 254 136 128 211 226 301 195 190 185 198 182 186 174 259 148 228 313 233 209 210 167 310 304 157 250 314 309 266 238 271 173 275 277 200 292 293 294 248 183 241 123 163 121 39 38 170 216 162 224 117 138 243 236 242 318 305 171 287 225 112 111 115 232 9 8 3 12 26 25 18 17 16 19 24 27 : 2136.44
