0 0 
1 178 197 199 158 238 308 305 138 179 72 157 167 64 292 288 277 209 110 246 54 52 6 218 99 29 125 133 114 278 96 195 259 315 134 2 242 225 81 245 273 146 248 166 109 129 26 183 65 122 283 116 118 147 215 142 41 314 49 97 276 175 132 260 79 318 80 82 307 286 243 220 193 168 131 108 226 144 230 240 103 149 136 258 244 249 282 73 74 316 21 115 78 239 154 279 284 228 214 222 300 105 317 208 135 252 221 161 55 156 143 171 57 38 302 313 16 47 202 247 265 194 130 85 119 254 31 42 294 255 121 264 170 219 291 312 150 91 86 71 9 59 204 203 285 236 100 174 127 63 87 102 28 23 205 76 185 191 94 43 101 98 13 56 274 84 11 310 15 12 223 251 24 235 211 224 290 210 46 107 176 17 106 68 18 181 311 227 126 309 153 270 141 45 256 206 196 268 217 120 266 60 39 77 177 152 8 34 58 250 19 67 4 237 267 232 123 169 229 289 272 117 35 186 14 241 51 92 20 104 262 124 148 165 280 173 69 83 201 306 295 189 298 287 27 184 25 30 7 188 95 296 53 261 304 89 137 111 140 271 151 200 293 303 172 216 180 145 257 113 187 70 5 50 62 66 33 301 190 299 128 281 90 207 75 231 213 159 93 44 22 48 40 212 36 263 162 198 88 192 37 182 155 10 61 164 269 297 275 32 3 163 160 112 234 233 253 139 : 5124.7
0 1 
1 314 98 100 273 180 294 261 124 129 60 210 135 298 248 253 143 232 45 222 228 171 106 40 198 52 266 48 162 219 109 212 302 123 297 244 211 268 185 257 108 288 146 49 128 242 58 202 186 274 252 83 87 227 237 208 25 75 309 197 5 80 160 191 290 220 284 176 53 206 71 84 13 18 57 285 245 275 260 77 65 280 204 256 95 32 72 120 122 226 31 223 283 300 42 92 125 28 17 43 201 304 141 282 101 97 30 33 14 12 270 318 313 99 7 114 134 209 110 231 29 76 91 196 238 265 121 213 178 133 54 113 90 259 182 190 64 107 166 205 305 214 70 148 15 20 188 44 2 24 315 199 19 23 6 127 115 139 289 277 73 192 46 233 154 312 239 153 69 230 286 216 164 291 263 187 138 136 35 156 159 246 119 9 66 243 218 181 132 224 221 16 85 11 158 96 200 67 147 130 184 34 145 78 152 229 61 207 144 241 262 27 103 137 234 316 89 102 116 38 86 155 93 225 235 264 251 195 165 169 105 50 172 279 269 307 94 299 306 26 10 151 157 56 287 254 217 179 194 68 278 39 296 247 41 104 236 4 240 272 249 193 177 36 81 21 150 310 311 59 308 281 37 111 117 149 170 79 131 271 293 189 74 167 303 255 88 112 8 173 163 292 203 55 161 3 22 63 301 267 168 317 51 183 175 258 142 250 126 140 215 276 174 295 82 47 118 62 : 5124.8
0 2 
1 106 24 208 173 134 246 228 313 253 192 58 198 32 113 233 197 288 191 132 131 167 250 182 206 207 13 293 224 270 123 239 135 299 31 30 76 302 62 51 35 149 211 247 275 244 243 308 261 257 209 150 194 282 305 19 43 9 38 100 141 139 306 256 225 214 272 26 11 105 187 232 212 41 311 310 165 122 151 301 130 20 109 273 264 8 103 33 61 47 70 291 177 16 107 29 294 12 95 297 129 276 124 180 64 81 260 227 161 6 245 265 226 183 186 271 205 101 99 21 44 104 55 2 163 142 25 168 96 136 235 75 69 267 146 23 241 65 317 258 281 309 315 287 304 202 279 242 240 94 277 84 91 63 49 140 292 57 158 154 34 248 87 112 286 110 115 152 53 48 54 116 42 143 274 189 39 178 278 156 171 10 22 193 133 138 14 230 307 148 262 219 204 170 108 251 231 181 72 71 164 145 46 172 66 284 78 157 195 210 77 97 50 7 18 88 236 121 263 40 213 220 216 86 160 45 92 98 221 175 114 252 229 119 111 74 126 120 185 201 290 223 237 118 318 300 222 285 218 67 102 52 4 127 176 234 85 289 269 259 93 73 5 217 295 179 3 296 316 17 59 36 82 90 196 174 283 190 184 144 215 266 27 89 37 28 280 255 298 15 128 166 188 153 169 238 249 200 60 68 125 147 162 254 268 314 79 80 155 159 117 137 83 312 303 203 199 56 : 4919.62
0 3 
1 299 63 277 129 160 164 120 279 281 37 86 74 154 192 68 189 56 135 2 30 184 51 33 198 232 190 77 256 100 207 136 66 237 88 206 99 64 81 15 23 202 57 69 127 226 12 53 254 188 287 297 259 44 16 112 239 55 105 149 8 153 107 106 195 18 11 260 133 111 263 313 218 9 10 89 180 187 271 36 314 43 172 196 155 274 131 20 167 72 115 98 96 114 230 119 60 25 7 284 216 236 5 220 61 302 261 241 276 305 312 268 108 181 191 84 227 141 246 249 177 82 317 40 113 87 306 283 247 118 301 85 91 21 39 288 213 145 303 311 65 162 231 185 217 48 13 197 34 29 183 3 103 45 31 73 121 270 22 204 199 70 83 152 4 272 110 211 267 170 300 252 242 278 282 296 35 235 285 47 134 28 117 157 212 307 221 273 295 148 289 243 280 186 219 143 223 62 193 151 158 130 210 298 176 80 46 156 146 67 165 76 304 52 240 14 150 38 225 205 101 161 275 222 318 229 245 253 291 104 194 125 128 6 257 251 126 147 26 71 59 255 122 75 171 27 179 175 258 293 116 124 290 203 94 174 168 208 238 265 244 262 41 286 95 137 159 264 266 200 139 269 308 163 19 78 169 201 234 228 214 166 292 144 49 58 32 24 42 316 109 138 93 182 209 142 123 173 233 54 50 224 90 97 79 248 102 309 178 140 315 215 250 294 132 310 92 17 : 5133.35
1 0 
1 31 243 34 153 247 216 213 293 301 198 189 279 116 106 65 61 67 168 196 217 118 167 79 64 265 127 74 256 119 202 262 6 203 297 304 277 263 269 91 104 56 178 245 274 185 98 317 70 305 208 129 122 314 225 291 258 283 76 175 184 224 228 220 251 199 90 71 78 93 72 313 124 212 25 87 11 308 288 287 105 133 148 142 14 177 36 255 186 5 20 50 165 267 92 126 223 233 111 27 169 57 97 239 155 188 17 182 68 96 33 275 147 294 300 77 101 316 85 281 219 207 152 18 193 195 75 241 7 181 3 238 235 290 285 302 218 163 156 190 47 172 174 19 143 249 211 231 171 2 289 257 35 48 120 303 205 260 121 222 103 140 311 204 259 180 58 38 226 136 141 227 242 123 264 209 295 312 307 110 109 271 272 66 214 54 94 192 69 194 230 236 29 102 176 125 298 284 244 128 261 132 248 318 22 62 52 95 63 115 43 159 191 296 310 81 151 108 37 73 276 254 39 80 49 162 137 45 4 150 8 221 83 232 253 139 117 84 164 9 315 149 229 183 30 130 146 53 26 197 292 55 268 134 145 13 112 215 23 10 89 266 273 270 246 237 40 15 282 278 135 42 32 100 157 309 88 107 24 234 252 82 160 250 114 138 187 179 51 166 44 161 46 206 99 28 131 144 240 158 16 173 200 286 170 306 86 210 59 113 12 21 201 154 41 299 280 60 : 5079.79
1 1 
1 25 295 305 126 14 108 149 93 198 284 131 32 311 175 114 24 278 312 101 142 300 222 274 63 113 13 282 294 250 261 56 65 223 235 210 105 88 204 45 79 51 161 10 57 197 136 106 17 78 264 68 184 225 116 151 46 279 67 84 7 246 285 237 75 208 128 252 268 299 178 66 203 308 182 188 120 16 202 260 37 190 69 173 181 133 303 72 30 160 172 218 199 100 59 28 200 270 4 53 317 211 139 257 209 91 307 271 249 19 275 143 146 241 115 137 165 20 35 144 26 220 102 135 134 296 33 242 83 169 71 145 262 194 104 6 22 156 304 290 302 280 80 27 50 179 52 97 38 95 118 155 23 12 174 253 239 230 259 29 159 231 297 107 129 315 201 183 8 171 192 42 240 157 112 87 90 62 238 152 5 130 234 251 254 255 193 226 318 310 195 60 185 177 180 292 281 36 47 31 34 258 110 263 168 276 154 153 58 81 166 298 191 167 256 140 232 21 293 70 162 103 127 61 207 89 124 121 221 187 244 125 245 170 277 122 92 316 9 3 217 224 227 301 150 309 98 74 82 291 248 49 163 205 265 73 111 55 64 189 313 215 247 286 267 40 54 228 214 233 216 288 76 306 141 213 147 148 164 138 99 48 11 86 158 44 206 314 229 117 85 287 219 109 123 212 132 236 2 243 96 269 266 289 196 119 41 283 43 39 94 186 273 272 15 176 18 77 : 5170.37
1 2 
1 6 25 90 78 42 293 12 317 283 318 216 99 174 201 263 286 131 9 79 108 159 189 66 63 20 301 305 246 202 116 185 303 214 143 254 222 102 272 57 153 276 21 33 8 280 168 186 187 137 67 312 277 184 199 235 209 223 181 85 314 183 71 72 50 44 5 111 23 30 19 294 167 7 98 45 212 133 106 171 191 208 316 55 83 51 32 65 43 154 227 203 313 250 266 110 31 179 249 297 86 121 74 104 92 197 11 233 96 29 59 151 213 161 192 120 295 182 93 258 224 220 163 267 132 178 247 268 196 155 58 144 54 129 195 36 219 160 211 105 14 123 37 135 152 60 49 53 248 287 204 173 194 26 107 18 302 304 217 190 150 278 139 292 215 225 82 125 4 210 136 240 255 285 126 291 288 226 253 289 34 91 35 124 118 130 228 52 175 77 10 251 244 162 62 70 310 282 221 290 100 206 198 15 169 148 158 119 134 273 80 232 315 73 114 164 17 16 24 40 269 218 237 229 259 128 281 238 94 296 95 81 141 177 147 284 306 2 127 109 230 262 188 22 48 39 142 145 242 75 103 176 200 243 252 231 115 101 84 64 138 61 117 180 261 236 56 69 97 41 76 88 264 265 274 205 275 157 311 156 149 245 140 87 113 46 260 166 27 307 13 38 172 239 256 257 270 165 241 308 234 112 298 207 68 3 309 300 271 122 170 279 299 47 193 89 28 146 : 5152.08
1 3 
1 145 158 21 251 268 83 6 14 288 291 34 27 212 28 122 170 149 185 60 47 290 199 93 184 257 244 110 247 116 107 284 44 97 58 104 31 282 292 229 236 193 56 12 43 39 188 81 48 210 231 289 165 248 277 190 167 8 5 119 29 232 315 156 168 280 249 17 303 206 84 79 269 238 16 109 131 121 174 140 13 215 272 46 295 137 124 159 307 273 65 225 262 234 230 143 114 80 99 191 89 100 299 178 235 126 264 160 317 32 102 195 3 305 271 36 108 176 75 51 49 127 151 132 105 177 306 287 169 250 76 223 285 265 302 26 226 314 142 7 11 41 218 222 224 297 120 267 286 20 125 24 113 211 182 40 153 313 283 263 237 175 96 18 252 219 241 66 63 161 82 59 180 301 281 201 197 92 38 22 35 68 194 162 216 78 207 9 33 203 253 144 106 173 205 95 261 213 246 233 260 227 128 67 274 118 318 141 293 304 129 77 181 187 70 242 259 10 155 147 316 103 135 64 61 243 2 300 148 311 200 52 130 117 50 74 309 308 133 55 91 152 255 179 266 214 146 150 94 19 189 101 186 172 220 279 45 69 115 298 296 208 275 258 15 30 25 240 217 196 312 276 221 198 310 88 54 57 123 134 90 71 4 154 112 42 136 192 278 138 204 166 98 270 239 157 183 86 202 87 23 171 228 139 209 37 62 72 163 85 53 245 254 73 256 111 294 164 : 5064.36
2 0 
1 242 302 149 81 279 13 316 228 252 214 40 312 192 94 173 136 227 278 112 237 163 299 290 258 135 277 12 121 294 153 168 207 206 87 73 145 233 315 178 119 131 286 201 46 23 251 225 280 170 82 101 152 158 262 209 213 230 113 35 148 154 301 266 132 248 161 70 67 52 142 219 36 182 114 211 222 84 63 62 265 208 203 176 143 241 275 65 86 167 245 249 261 300 285 20 19 291 28 7 128 96 89 199 212 180 283 166 169 79 210 189 293 232 188 76 92 156 137 104 75 271 106 256 267 183 306 307 298 42 155 108 78 38 130 220 274 226 231 246 215 273 244 289 318 234 47 179 295 45 37 133 53 34 284 264 80 287 253 160 216 24 85 282 10 90 165 68 111 164 239 205 95 93 172 15 292 296 69 311 193 305 270 33 43 50 123 129 117 74 14 29 21 186 58 44 72 229 221 56 204 98 59 254 157 41 247 147 39 259 313 257 11 71 297 276 269 99 198 195 140 91 31 116 83 235 288 27 16 118 197 175 54 103 190 171 107 17 236 126 260 150 25 218 224 187 77 64 97 102 255 223 314 26 109 134 191 217 238 146 177 162 308 124 115 22 138 57 18 309 174 127 3 144 120 60 268 66 141 61 272 110 139 240 310 303 317 194 100 200 281 4 202 55 304 181 122 49 243 8 151 30 88 184 159 263 250 51 185 196 9 32 125 6 2 105 5 48 : 5100.88
2 1 
1 105 247 250 179 180 125 259 190 55 277 54 167 310 273 94 302 79 50 90 75 197 40 93 251 226 227 38 6 152 112 21 114 129 140 246 176 160 53 172 56 270 212 121 13 138 135 17 199 98 162 66 276 49 47 192 209 97 150 256 228 282 67 89 51 174 194 71 170 117 214 155 102 157 278 77 168 29 74 81 24 186 201 78 300 301 202 39 216 210 101 95 88 221 268 318 206 264 287 183 299 252 257 36 298 118 232 41 196 295 61 181 27 158 33 37 191 279 248 173 52 111 63 182 241 83 58 303 290 30 242 219 311 267 230 285 288 3 73 57 139 317 178 234 294 171 184 109 141 123 84 237 315 26 31 244 293 48 86 2 153 64 198 151 127 113 128 255 254 313 213 119 238 215 124 236 220 200 275 104 91 146 218 253 132 106 7 23 148 223 306 258 144 231 115 207 281 225 269 60 35 312 96 224 5 296 229 99 286 297 25 28 62 263 245 100 18 8 291 145 108 161 110 235 289 189 14 92 70 149 15 265 203 314 175 120 134 59 44 165 142 266 304 188 187 143 305 69 195 260 284 239 261 122 9 126 316 147 16 107 116 76 42 240 10 32 222 271 283 4 131 43 164 19 262 156 103 82 137 12 11 243 87 136 193 308 274 292 307 85 309 130 166 169 211 233 217 204 154 68 22 72 163 272 280 80 177 34 205 185 65 159 208 45 20 46 133 249 : 5223.74
2 2 
1 6 241 222 188 45 292 139 273 13 3 35 28 9 15 63 176 75 271 134 25 287 70 205 126 40 117 49 21 113 228 225 5 89 44 277 33 220 224 174 128 96 163 230 264 274 166 118 200 204 109 144 308 112 193 169 312 253 29 36 260 164 158 17 194 24 286 239 306 291 255 289 125 180 315 251 8 151 202 81 11 209 30 216 243 278 234 42 7 23 213 212 132 309 104 22 80 297 170 50 57 55 143 226 303 26 19 146 203 54 305 155 168 280 266 206 311 282 262 192 162 90 69 84 167 41 100 121 115 27 190 103 34 227 138 116 148 211 261 105 210 229 267 231 290 149 123 173 71 61 196 147 223 214 172 178 53 31 198 129 298 268 256 152 301 270 272 92 102 72 197 46 195 2 257 133 199 32 284 215 88 111 120 130 300 179 246 316 16 201 237 124 114 101 59 52 153 156 232 108 275 240 106 252 217 47 269 58 56 67 79 236 279 86 62 97 263 249 95 98 93 10 137 14 140 77 157 65 60 135 247 219 254 38 317 314 250 221 48 283 244 37 99 159 175 145 259 110 182 171 64 304 248 307 20 160 4 136 181 245 294 299 131 185 68 66 165 265 281 83 73 318 242 313 258 154 150 51 91 276 218 76 191 74 233 288 161 141 208 85 94 238 184 177 119 285 310 183 295 302 293 186 142 39 78 18 87 207 107 187 43 12 122 189 127 235 296 82 : 5218.19
2 3 
1 30 134 309 172 295 305 301 293 186 130 93 179 119 257 110 125 190 310 271 42 182 176 136 94 97 35 46 118 317 245 5 16 60 96 108 177 263 170 81 103 67 66 264 286 260 185 315 201 80 314 114 12 213 91 50 82 204 240 313 196 275 78 124 128 76 282 86 199 4 52 164 221 112 37 184 14 95 40 194 300 133 7 22 2 143 142 18 148 228 54 153 141 211 189 285 158 120 259 268 312 24 171 230 88 233 122 224 113 77 83 84 105 41 57 160 129 3 308 297 181 206 79 117 265 100 192 252 168 109 249 270 318 209 68 207 63 278 299 101 152 126 17 280 279 195 292 262 47 187 188 159 72 287 90 137 197 210 144 167 58 127 157 9 33 59 92 226 56 306 302 191 116 64 71 193 161 281 111 36 241 20 6 251 231 43 38 198 203 147 232 242 227 139 29 283 45 10 307 15 44 98 70 53 21 61 222 277 49 123 107 244 239 166 132 106 27 11 200 272 138 217 150 156 178 115 104 48 155 311 246 235 219 296 269 121 250 256 169 248 254 216 229 32 316 225 237 288 289 215 253 274 62 74 31 69 102 273 208 99 55 214 267 151 180 205 173 39 51 174 261 175 303 236 234 276 19 146 8 149 212 220 258 135 34 202 291 238 25 28 294 304 218 162 26 140 243 223 23 89 165 73 163 85 75 183 65 255 290 131 284 145 154 247 266 298 87 13 : 5084.27
3 0 
1 51 41 173 5 174 181 283 186 189 61 142 87 281 303 18 95 125 58 188 80 206 211 253 109 141 239 35 226 220 231 112 167 99 98 246 124 71 60 122 92 67 91 82 127 21 278 312 148 256 114 117 106 128 260 171 70 164 132 123 193 228 169 262 243 271 75 314 195 81 76 105 116 134 140 213 250 212 241 277 292 293 307 126 4 32 7 275 152 56 118 269 121 29 73 194 33 145 111 313 182 204 68 30 166 8 45 225 10 93 49 311 279 205 31 309 258 234 315 287 300 136 63 26 16 20 139 155 103 190 168 210 163 83 197 6 150 86 72 54 133 224 158 198 261 66 266 48 40 100 146 175 229 273 304 90 9 27 25 42 62 227 252 137 232 191 85 36 12 77 265 178 84 39 2 13 59 22 310 244 179 263 120 214 187 201 299 199 3 65 162 298 237 196 245 149 131 88 50 317 57 305 276 119 47 209 240 64 183 235 217 38 306 288 138 207 170 267 115 130 177 97 101 55 242 156 286 147 249 108 15 161 46 202 89 102 192 144 289 282 259 44 160 74 154 14 53 176 236 285 302 180 221 223 69 295 52 11 113 216 218 268 272 248 129 280 172 294 200 264 255 28 159 135 297 34 296 37 308 254 251 290 233 208 215 270 94 222 143 291 274 257 23 230 165 318 107 19 157 24 17 153 247 43 316 110 78 96 184 185 219 238 284 203 79 104 301 151 : 4991.45
3 1 
1 294 134 92 81 271 218 170 276 275 17 176 173 263 296 305 230 291 234 204 309 77 191 13 76 48 15 237 318 27 165 36 115 131 144 199 147 160 111 116 190 269 295 91 95 278 242 245 310 143 315 122 198 270 297 272 281 290 110 195 155 132 126 14 67 179 93 220 212 222 117 79 89 223 236 63 38 47 57 127 46 62 105 113 25 313 100 74 194 41 153 58 34 82 235 253 177 213 151 44 312 87 178 203 185 202 304 283 163 258 32 106 266 286 229 193 208 161 280 207 279 114 26 35 241 205 293 12 247 221 306 303 73 285 139 4 209 70 83 214 171 148 282 162 52 3 268 99 231 314 135 138 120 273 300 217 250 78 85 248 298 301 311 129 142 39 23 316 152 172 125 317 164 140 50 53 75 264 168 224 259 239 307 94 40 210 104 28 54 187 299 16 71 88 6 45 49 255 169 56 267 24 211 90 186 156 238 5 146 61 121 287 277 226 8 123 159 68 96 130 254 256 86 228 232 262 284 257 252 175 66 261 19 292 101 274 196 119 308 55 200 103 243 244 289 51 29 33 11 84 37 215 118 22 158 302 145 60 108 10 20 260 166 240 184 249 18 154 246 2 30 201 128 80 182 251 157 189 141 107 192 65 227 225 69 7 149 206 180 124 183 197 181 288 9 112 133 219 137 150 21 216 42 188 72 136 59 31 43 98 167 102 109 233 265 174 97 64 : 5211.37
3 2 
1 212 161 179 270 284 312 11 165 160 248 274 264 199 129 180 92 51 36 294 9 97 88 297 172 187 159 280 272 137 64 24 111 139 181 191 176 178 173 48 62 167 254 142 121 253 292 8 135 23 47 267 77 164 102 186 20 85 22 315 110 149 223 247 182 75 120 218 3 256 290 117 86 133 14 74 316 15 303 275 295 302 309 132 189 114 103 116 19 305 252 237 166 194 271 213 34 286 202 151 41 291 112 222 268 128 175 299 72 18 162 68 145 197 273 260 208 188 261 67 98 184 66 287 79 82 169 69 154 31 104 157 33 118 250 50 318 109 235 310 84 134 209 56 219 282 228 21 30 229 108 244 239 296 262 259 53 225 13 150 155 207 61 119 174 204 242 10 170 240 314 300 227 158 124 246 144 171 285 210 40 89 81 306 42 289 136 7 214 190 58 201 45 49 123 236 143 27 95 39 96 16 233 288 113 55 35 37 163 177 200 301 90 44 52 25 205 195 122 211 43 4 60 147 283 125 130 94 221 263 313 234 115 127 87 251 224 152 156 215 198 216 276 100 99 83 192 78 203 146 231 232 126 73 220 265 266 298 238 258 29 26 76 131 107 106 2 278 54 308 148 38 140 317 70 57 293 63 206 196 101 93 304 193 277 249 217 255 141 105 168 153 281 245 183 185 138 80 32 71 17 59 307 311 230 91 269 12 6 5 28 241 243 226 65 46 257 279 : 5223.07
3 3 
1 182 283 150 18 6 123 87 38 56 33 152 7 59 64 301 188 46 190 206 193 287 169 73 255 249 142 308 274 209 183 72 92 264 315 138 34 178 233 304 232 239 29 76 54 60 25 163 151 312 160 288 229 281 201 168 99 12 309 139 179 125 107 88 145 254 113 20 8 9 313 110 214 197 81 105 100 133 44 83 228 218 86 108 111 11 235 310 69 259 120 36 314 273 39 141 261 247 200 93 299 275 270 149 116 298 74 115 258 242 13 131 22 248 78 284 156 157 43 67 137 222 154 32 135 19 70 172 85 260 42 79 94 136 230 219 252 238 272 180 225 155 297 66 189 90 75 208 55 51 16 68 52 316 65 184 41 223 305 57 277 211 215 285 199 147 109 245 296 21 71 303 294 27 289 290 162 3 14 104 140 165 234 45 292 177 185 306 307 300 203 153 175 49 26 210 244 227 251 224 268 148 130 53 97 80 279 181 196 295 253 212 194 278 114 121 186 192 96 101 84 286 291 35 204 231 213 176 262 144 77 106 243 226 31 82 161 170 263 102 15 17 173 191 122 241 89 216 256 58 48 171 174 167 205 158 47 132 134 166 128 276 318 50 143 159 187 220 28 146 317 221 198 302 127 24 117 129 282 280 266 37 112 4 124 164 240 311 237 202 236 195 265 267 207 119 257 91 271 103 30 118 246 250 269 23 63 98 61 62 40 293 10 2 126 217 95 5 : 5109.07
4 0 
1 59 201 65 88 161 47 68 160 154 153 258 212 146 118 220 238 170 225 132 177 2 149 197 191 268 199 29 108 7 205 76 77 138 196 202 289 20 36 213 217 272 14 115 12 43 126 232 248 89 172 60 162 22 229 13 5 141 287 283 128 266 176 209 80 101 233 295 290 259 274 216 109 264 271 106 155 97 156 169 174 62 167 78 260 37 122 41 86 159 150 125 66 308 292 277 69 27 42 256 193 223 21 10 67 164 185 234 30 227 203 173 87 302 195 124 117 55 74 61 219 314 208 187 214 9 92 85 247 254 49 104 96 315 143 310 200 175 241 184 44 183 246 242 25 144 127 129 105 116 182 24 163 236 120 250 192 284 313 16 276 249 3 270 305 6 179 306 311 304 288 166 255 279 297 237 119 136 188 81 317 112 98 263 269 165 207 257 178 38 194 35 34 64 71 53 189 252 316 281 282 307 171 228 312 293 186 204 91 75 33 40 26 72 226 157 275 139 148 231 28 31 261 15 52 45 286 114 147 253 135 93 121 151 218 262 211 23 99 285 245 57 107 145 239 56 90 113 110 158 111 152 100 299 95 84 240 140 278 280 224 301 296 244 318 133 8 142 180 46 134 123 63 51 137 221 82 206 300 251 230 79 131 54 17 215 168 83 11 198 58 18 130 19 190 73 298 222 291 94 273 181 235 243 32 50 103 39 267 4 70 102 294 303 210 265 309 48 : 5057.89
4 1 
1 223 227 200 182 158 214 169 309 272 239 301 274 175 143 206 275 90 231 190 125 19 87 281 81 76 150 255 196 117 313 305 268 120 148 296 178 147 236 245 157 73 74 279 194 261 252 164 315 134 246 198 91 184 17 129 38 40 16 83 28 67 316 288 276 68 42 314 201 79 317 307 302 172 45 170 212 109 107 78 284 58 99 100 156 285 66 55 258 106 154 92 84 23 47 216 88 122 133 282 248 180 137 163 210 189 303 290 280 103 273 110 188 165 234 244 116 149 102 199 174 235 233 181 243 286 241 287 254 271 15 155 34 141 54 57 265 228 21 135 304 168 22 36 75 166 167 225 146 93 5 128 145 226 269 264 113 230 195 65 187 173 30 253 105 112 151 31 27 50 20 291 119 29 247 300 12 263 152 82 97 123 121 177 4 209 18 89 257 80 69 70 306 283 215 6 32 160 278 295 71 238 294 311 176 186 267 77 205 11 127 33 95 219 266 270 277 250 9 218 56 308 138 101 86 94 51 312 53 204 293 63 104 240 211 41 61 217 259 162 52 289 171 108 124 260 25 24 46 98 62 161 221 139 249 232 213 131 220 7 111 26 48 192 191 298 2 39 153 224 144 132 208 114 10 8 60 43 297 203 292 207 202 96 318 130 193 197 179 183 35 37 256 242 140 13 142 126 115 85 136 229 118 159 3 237 222 185 310 262 251 299 14 72 49 44 59 64 : 5146.16
4 2 
1 103 59 42 171 28 65 255 48 297 71 183 296 161 129 136 256 243 316 93 15 147 152 221 102 47 44 54 302 268 274 265 273 186 300 92 51 228 184 67 77 215 72 290 309 95 64 84 41 118 202 192 269 151 55 29 281 295 315 275 283 105 32 75 85 116 219 76 225 178 113 94 305 264 164 120 14 216 241 311 150 213 166 26 37 242 214 284 237 250 157 235 3 50 288 17 6 45 25 4 68 87 159 286 56 245 146 276 197 114 35 16 224 217 138 220 31 30 18 10 125 247 248 291 195 270 170 267 149 200 7 198 289 2 249 280 310 163 115 210 167 124 143 168 196 266 260 277 287 185 175 90 33 97 100 272 80 262 89 79 231 254 234 119 66 135 229 139 227 226 74 78 81 261 236 38 98 253 181 101 306 9 69 223 99 40 182 88 155 131 21 156 122 239 19 238 121 127 299 137 173 206 292 278 218 144 204 193 172 110 154 180 279 148 57 251 126 117 106 5 153 145 201 165 82 174 207 240 205 312 108 11 104 259 244 61 132 318 314 203 208 13 246 294 23 49 8 107 123 12 298 271 140 317 52 62 313 20 36 293 24 141 179 187 73 112 70 162 177 91 46 212 128 158 96 133 22 109 232 191 209 258 233 86 252 160 301 188 190 53 142 43 308 222 230 199 194 303 211 83 63 285 257 263 282 27 130 189 111 176 34 307 39 134 58 169 304 60 : 5246.21
4 3 
1 5 207 200 301 70 201 31 66 182 113 275 263 256 191 80 155 232 225 139 254 250 264 50 309 7 101 53 64 260 138 27 8 46 97 92 281 235 248 52 147 302 258 11 125 24 298 297 226 277 274 261 89 172 307 299 288 257 141 122 77 105 126 34 4 234 210 233 81 293 211 247 268 278 280 40 69 121 29 36 2 112 213 174 180 205 133 159 202 313 21 316 17 47 63 115 271 266 58 282 291 267 26 78 103 165 10 169 269 148 48 135 317 149 292 100 33 285 187 175 6 74 160 208 9 108 212 28 130 42 30 154 311 193 286 83 110 215 129 118 223 90 57 203 107 22 131 99 183 238 41 221 220 71 56 194 51 189 59 199 94 136 283 312 150 224 214 184 204 76 163 128 14 111 216 55 35 134 137 12 49 304 230 146 114 43 158 38 32 85 65 143 296 276 206 295 209 236 60 102 140 25 152 96 185 117 314 294 259 198 178 306 310 173 192 127 45 95 75 19 179 79 217 305 88 195 87 68 67 54 242 240 168 161 284 13 116 241 144 196 98 186 86 44 166 93 265 289 132 162 20 3 73 227 151 255 218 237 251 243 119 190 157 249 244 219 124 23 270 273 318 279 222 167 253 142 106 145 120 229 245 239 104 177 231 170 164 123 181 82 246 153 262 188 197 156 16 252 315 272 62 72 303 290 300 91 61 18 39 171 84 176 308 109 37 287 228 15 : 4971.78
5 0 
1 160 116 131 290 288 289 230 102 186 202 293 306 291 169 206 47 33 13 231 249 254 108 15 115 145 295 71 5 40 301 210 174 23 222 310 32 58 294 55 97 81 27 264 309 34 158 143 235 286 198 209 98 228 62 304 311 124 213 218 215 267 181 43 76 278 51 281 262 65 164 277 275 182 152 259 272 74 87 60 172 38 110 39 70 203 299 14 36 244 284 280 227 140 19 54 194 251 269 239 135 112 225 126 303 138 214 53 66 41 159 148 287 177 9 153 205 185 100 179 117 12 184 263 223 175 26 24 52 308 149 16 103 297 298 238 150 252 155 8 315 69 90 118 258 241 11 188 111 166 134 255 221 128 132 44 63 245 307 45 211 314 317 29 83 233 57 64 86 183 200 237 171 178 92 190 313 137 84 197 28 21 133 73 125 96 77 316 248 219 199 232 246 46 282 107 253 68 2 220 266 257 113 212 189 7 250 4 271 305 229 243 121 147 35 285 283 78 123 156 49 94 99 25 302 3 216 67 20 127 88 141 247 296 256 72 93 119 261 168 176 95 268 139 120 136 104 80 191 207 101 42 109 146 122 312 151 91 56 273 217 242 130 157 167 170 193 18 224 300 236 270 274 89 195 204 279 37 10 196 208 260 234 165 163 129 154 142 85 187 106 226 82 79 144 240 162 173 192 50 31 48 17 114 161 22 265 276 75 201 318 105 6 180 292 61 59 30 : 5213.37
5 1 
1 149 139 283 96 86 277 35 5 312 44 36 45 8 17 194 223 310 241 303 79 98 269 106 136 67 10 101 51 69 266 295 225 72 258 246 135 19 171 14 289 46 260 75 253 281 70 300 169 265 147 34 73 117 251 52 24 131 141 183 91 74 249 122 298 244 199 221 94 127 95 193 33 198 56 210 271 236 158 50 90 304 140 165 292 180 302 100 239 233 219 216 209 235 262 242 22 154 87 185 129 112 107 261 37 15 317 49 168 270 43 2 220 296 133 160 111 41 55 62 13 280 286 204 66 134 245 267 224 299 172 202 182 82 179 48 203 102 153 148 113 61 301 290 146 155 76 92 230 29 114 226 115 187 268 192 60 176 218 272 99 81 89 142 20 208 120 318 287 65 42 93 150 7 54 313 238 285 161 188 103 212 9 59 53 315 137 248 85 175 47 257 276 243 116 309 252 195 162 279 197 200 186 63 3 250 167 232 263 32 213 84 191 229 274 227 18 27 105 128 121 38 174 294 307 31 68 23 25 316 144 184 166 308 222 231 125 39 108 64 104 143 118 228 282 201 305 306 288 12 58 291 217 275 178 314 164 124 247 189 181 145 156 177 237 4 83 80 211 109 284 40 6 196 215 278 190 240 119 78 71 11 293 159 152 130 173 163 214 110 264 57 97 256 26 28 21 30 138 297 151 255 254 259 311 88 207 123 132 16 157 126 234 170 205 206 273 77 : 5232.38
5 2 
1 284 54 36 111 112 173 78 8 119 14 152 116 174 35 43 104 51 58 169 170 145 263 32 249 283 129 85 143 171 40 151 165 92 62 219 142 15 7 317 25 189 209 281 123 257 154 3 159 297 167 195 67 74 244 17 225 106 299 47 271 108 114 221 226 315 289 265 236 126 296 183 84 103 72 121 118 136 4 239 270 61 163 128 245 30 10 214 82 190 2 191 264 141 124 247 268 24 224 310 228 147 187 318 175 262 179 286 161 59 178 155 266 223 31 99 87 45 237 231 261 254 75 172 282 227 12 91 64 20 138 137 134 132 208 311 298 256 309 177 96 232 279 150 186 248 95 22 294 276 253 180 192 307 218 71 222 69 156 38 206 98 56 120 89 280 122 105 203 70 60 235 133 13 34 193 109 6 107 273 184 55 88 135 102 115 234 211 216 146 139 267 278 198 220 243 313 53 197 302 229 240 213 301 304 182 305 26 194 79 157 176 86 97 49 204 19 181 148 68 100 63 259 65 207 90 153 21 200 288 80 312 238 140 230 251 293 16 41 242 57 205 252 277 215 314 113 48 33 44 50 39 241 52 149 27 76 316 46 110 125 131 258 275 160 5 212 210 28 73 199 303 272 246 166 233 196 287 130 42 83 77 117 168 185 217 285 292 295 101 144 66 260 162 188 81 11 255 269 300 250 290 201 37 164 29 94 291 202 93 306 127 18 158 9 274 308 23 : 5254.49
5 3 
1 153 247 250 70 99 167 195 135 46 129 187 212 216 165 264 8 232 281 200 159 249 188 207 122 201 210 186 257 30 18 310 184 199 298 169 288 29 52 156 189 73 198 231 142 21 134 12 140 256 317 151 104 177 172 291 92 67 130 106 22 32 236 311 23 124 115 3 97 95 35 10 146 86 154 174 226 170 294 38 105 2 103 192 315 112 295 127 202 224 243 292 147 211 282 222 227 100 25 36 215 266 157 309 299 280 228 43 6 56 239 285 37 34 118 114 109 9 141 240 4 48 45 214 39 19 150 49 13 229 223 220 128 51 221 191 302 5 93 111 47 173 78 206 123 120 193 75 163 233 283 137 241 253 136 7 41 125 218 213 278 262 208 297 279 238 235 77 83 272 54 217 61 102 71 87 185 96 88 94 274 252 293 287 273 276 271 27 314 58 175 190 98 68 24 74 268 296 152 263 304 168 131 44 301 194 65 40 50 144 90 265 148 91 162 176 277 62 89 117 205 255 132 245 219 63 181 80 164 133 306 258 305 230 313 17 16 72 161 108 110 308 244 101 300 155 284 267 307 113 139 66 82 138 316 81 116 76 182 251 254 119 55 121 126 28 14 204 209 286 143 179 85 33 60 158 259 171 234 269 270 303 261 203 11 180 149 69 237 79 15 53 166 248 31 20 225 275 178 183 196 246 318 242 59 64 160 145 26 289 312 290 260 107 84 42 197 57 : 5163.44
