0 0 
1 178 249 70 37 160 163 200 172 3 32 238 291 55 162 277 209 221 23 219 235 211 224 290 217 114 29 314 210 138 46 267 232 303 228 187 257 195 272 107 111 222 176 278 17 215 106 214 250 120 130 145 68 18 20 316 74 220 181 315 306 252 134 135 103 240 2 144 242 112 225 168 193 205 311 76 10 48 293 268 274 283 132 152 276 127 49 294 95 282 301 38 21 309 93 266 182 271 188 67 110 310 298 198 179 159 117 161 192 190 189 11 275 148 128 154 234 13 92 51 27 14 72 63 94 254 79 35 125 7 42 25 105 191 213 147 318 143 157 265 69 100 82 167 239 85 253 137 123 287 78 98 197 91 71 43 84 65 203 90 52 101 22 133 264 300 297 15 12 202 223 251 262 295 24 177 30 180 109 87 142 259 165 196 97 292 61 312 304 212 53 199 50 86 75 286 56 186 169 164 284 263 40 28 230 288 289 256 241 9 119 226 313 236 317 285 121 174 62 183 59 246 260 185 269 229 305 33 58 66 44 296 57 156 6 302 233 158 73 31 102 88 171 149 237 153 47 104 270 280 116 83 204 118 245 39 81 201 299 273 124 258 146 248 166 19 308 131 26 129 206 151 89 108 54 208 122 41 155 34 99 170 175 279 126 184 194 80 243 281 8 173 64 140 207 227 36 247 115 216 113 16 231 244 261 218 45 96 139 136 255 4 307 77 5 60 150 141 : 5424.69
0 1 
1 21 304 183 282 142 81 279 200 35 270 258 303 99 169 209 105 111 130 251 313 195 264 139 318 145 317 140 215 34 62 119 261 9 294 158 229 210 236 66 221 255 152 137 305 214 17 12 149 14 33 240 272 30 97 71 249 193 177 36 85 217 104 41 247 296 238 265 39 121 278 168 213 11 178 194 133 27 241 54 144 113 90 207 259 231 16 61 55 203 292 163 173 8 112 235 225 224 93 191 160 80 5 197 309 75 114 103 25 208 237 227 219 109 212 302 123 297 211 126 250 280 204 257 108 288 146 49 151 128 242 58 202 186 274 252 83 87 164 162 48 266 52 286 198 230 40 106 171 222 45 232 143 253 239 267 248 298 64 107 166 205 312 154 246 159 233 156 84 13 285 245 275 18 170 57 132 46 118 244 73 192 228 74 189 293 271 44 2 24 181 199 19 23 6 127 115 216 289 277 218 135 167 60 129 124 136 26 47 82 295 174 276 243 120 122 226 31 223 283 300 37 281 42 92 291 315 308 10 59 138 311 310 268 185 51 7 150 179 263 287 56 157 234 316 89 68 102 116 38 86 180 273 78 100 98 314 254 187 50 172 269 206 53 79 176 284 220 307 94 299 306 72 32 95 117 256 131 188 20 15 148 70 43 147 201 141 196 153 301 63 22 3 182 65 190 69 88 91 76 29 161 110 28 125 134 290 175 262 155 184 165 260 4 96 77 101 67 : 5309.16
0 2 
1 106 24 208 173 134 246 228 313 253 192 58 198 32 103 40 263 291 236 88 259 7 177 50 97 219 210 195 257 209 114 37 28 280 255 305 15 128 166 188 153 314 79 80 155 41 212 310 296 3 179 295 217 165 119 229 252 202 264 120 185 184 204 304 144 215 266 243 122 111 274 189 231 181 72 71 282 272 26 46 172 66 284 78 157 11 105 77 187 232 33 70 47 10 8 171 107 156 126 74 275 247 211 149 35 51 62 302 76 30 31 299 135 239 123 270 224 293 13 207 206 182 250 167 131 143 297 294 100 203 303 42 312 83 137 117 159 130 141 139 306 256 225 234 287 309 281 258 317 65 241 23 146 267 69 315 75 235 54 96 168 25 142 163 2 55 104 132 191 288 197 233 311 89 150 194 145 164 216 180 64 81 260 227 161 6 86 160 245 265 45 226 92 98 183 221 175 186 113 129 271 205 101 19 298 99 21 44 22 193 133 138 14 230 307 148 262 109 20 276 124 220 43 9 38 316 17 59 36 82 90 196 174 283 190 201 290 223 237 118 318 300 222 268 254 162 147 125 68 60 200 213 249 279 121 242 240 18 238 169 285 218 67 102 52 170 4 127 176 214 108 308 261 251 39 178 95 12 269 278 289 85 16 29 61 273 27 244 56 199 93 73 5 151 94 301 277 84 91 63 49 140 292 57 34 158 154 248 87 112 286 110 115 152 53 48 136 116 : 5230.62
0 3 
1 245 147 141 125 52 104 128 264 193 28 265 133 143 116 89 123 302 145 171 279 297 126 138 49 183 277 243 281 99 280 314 129 202 318 305 223 98 23 186 96 148 150 88 236 67 21 304 248 247 60 307 169 47 64 179 158 55 69 110 180 139 205 272 240 294 135 134 269 168 122 195 112 276 238 41 130 54 50 17 107 316 83 82 200 217 181 15 293 275 285 93 32 290 111 268 127 211 66 4 25 56 208 114 225 144 165 149 108 16 72 91 299 309 224 80 253 34 13 262 317 313 218 166 120 9 311 175 151 164 152 146 140 241 10 263 124 185 159 19 132 219 46 289 267 298 184 210 161 103 26 260 216 73 106 58 33 85 233 257 255 303 167 142 87 131 213 172 176 174 6 244 246 119 101 259 163 81 203 115 94 65 271 71 310 68 31 306 250 8 215 227 157 45 182 14 191 170 160 220 20 24 7 109 79 37 42 300 5 235 237 261 228 40 63 194 239 229 97 62 59 249 206 70 121 242 136 295 173 252 315 95 308 177 197 39 189 44 27 18 153 78 201 312 278 230 296 35 3 48 57 209 226 221 287 29 12 266 86 76 254 90 100 199 162 36 187 288 192 154 74 22 137 274 270 155 43 11 234 53 61 284 2 30 51 286 282 204 198 232 207 190 77 196 156 84 256 231 105 92 178 102 273 283 292 214 301 118 38 188 117 113 75 251 291 258 222 212 : 5377.13
1 0 
1 310 211 213 163 37 2 180 56 312 233 308 280 305 295 302 87 153 126 143 9 6 287 128 104 203 115 84 5 105 114 7 174 193 130 27 223 214 249 154 165 94 60 146 54 228 298 304 227 11 235 205 112 255 288 291 257 289 62 117 265 73 297 224 192 186 120 58 43 36 20 132 97 244 31 250 243 218 220 41 239 290 141 98 46 267 95 80 22 195 161 259 156 303 136 314 184 216 109 34 247 307 317 81 79 110 50 226 261 225 28 256 248 318 299 35 274 284 75 277 262 108 242 264 69 190 315 142 99 272 91 194 164 230 119 231 111 57 63 176 122 300 77 101 316 85 281 219 207 152 19 18 25 212 124 313 72 178 93 245 78 90 199 251 172 149 201 21 12 51 179 187 138 144 240 158 16 102 29 129 76 139 167 118 217 196 168 67 30 61 65 258 106 116 53 26 197 292 55 268 134 13 215 23 10 89 266 4 45 137 162 49 83 221 8 150 273 254 39 270 246 237 40 15 282 278 135 42 32 183 100 157 309 88 232 107 86 234 252 82 185 160 208 159 191 296 113 59 210 24 306 170 286 200 175 293 301 198 189 276 279 238 3 181 241 294 147 275 283 253 33 96 68 182 260 121 222 103 140 311 204 52 38 148 64 92 173 74 17 151 269 263 171 145 155 271 44 177 285 14 229 206 48 131 236 47 71 70 127 133 123 188 125 66 169 166 202 209 : 5345.4
1 1 
1 88 294 305 126 193 152 281 36 47 31 34 238 110 263 63 282 154 56 58 65 166 298 191 167 171 140 232 250 293 70 162 103 127 61 261 89 124 121 221 187 244 125 106 45 90 235 92 316 290 9 105 265 224 227 301 150 202 98 16 82 120 318 310 188 53 5 211 182 257 308 66 307 51 249 17 112 143 146 241 178 299 268 20 128 208 26 237 102 135 169 285 296 255 7 84 67 279 46 73 151 104 87 22 116 304 234 142 184 264 251 240 52 111 78 95 118 155 23 12 174 253 239 49 259 29 159 231 297 107 129 315 254 183 283 226 130 6 179 77 210 42 60 157 223 163 317 18 302 50 204 33 291 248 175 311 185 177 180 108 149 93 198 277 284 131 32 270 200 28 59 100 199 218 172 160 30 72 303 133 181 247 286 267 40 15 54 228 214 233 289 216 288 76 306 141 213 147 148 164 138 99 48 11 86 158 44 206 314 229 117 173 69 190 37 309 74 114 4 139 209 97 91 115 137 165 212 35 144 262 220 134 313 242 83 71 145 194 156 85 80 217 27 38 19 245 295 21 153 81 258 271 122 275 3 25 280 292 276 43 168 256 300 222 136 197 207 57 10 161 79 278 312 101 201 170 24 14 113 230 13 273 68 75 203 260 243 2 246 215 225 287 219 109 123 252 132 236 189 64 96 269 266 55 196 119 41 8 274 39 94 186 205 272 195 176 192 62 : 5420.75
1 2 
1 302 167 184 131 66 55 25 278 127 2 306 284 147 177 141 81 95 296 146 94 238 281 128 259 229 237 218 269 315 232 33 21 84 28 101 115 231 252 243 200 176 89 103 75 242 145 204 189 287 248 99 216 125 82 225 215 292 64 138 61 117 257 180 261 236 69 97 41 76 88 264 265 274 275 193 47 299 279 170 122 271 300 309 3 68 207 298 112 234 308 241 165 270 46 260 202 27 307 13 118 15 169 148 113 190 73 114 250 110 297 102 109 83 129 233 72 71 183 314 85 181 223 149 209 235 199 49 158 119 134 273 80 221 318 283 18 107 26 4 38 172 239 256 211 105 14 123 37 52 135 152 60 210 136 240 285 126 8 280 168 186 187 137 194 175 77 10 251 173 244 162 62 70 310 282 290 100 206 198 23 35 124 140 50 19 53 106 63 316 317 9 159 20 133 191 12 45 56 121 304 230 227 266 58 130 34 22 11 116 214 195 150 253 32 36 7 166 174 120 132 31 249 305 93 86 96 192 303 217 277 254 312 205 245 39 219 262 294 226 288 29 246 301 44 92 160 185 30 78 90 79 161 224 188 289 222 111 212 91 163 171 139 178 48 293 291 258 142 182 255 74 42 268 67 5 228 197 98 203 54 108 51 295 220 43 143 267 59 151 272 57 213 155 313 65 179 196 144 104 87 247 276 153 164 17 16 24 263 40 157 286 311 201 156 208 154 6 : 5360.26
1 3 
1 258 158 30 25 21 240 79 91 208 134 55 200 87 148 65 289 145 275 54 268 176 57 228 215 195 90 311 251 230 267 219 154 15 143 75 152 66 132 63 224 271 161 82 59 180 72 163 281 201 51 197 92 38 22 35 68 194 250 162 216 129 28 293 174 46 272 140 141 120 118 155 10 259 124 242 70 187 7 181 168 13 49 235 126 264 286 121 20 125 24 113 211 182 77 153 313 283 263 237 175 96 18 252 302 26 226 2 243 61 76 64 135 103 316 169 36 108 167 8 5 119 202 29 32 315 229 265 278 280 296 318 17 303 206 84 304 269 238 159 307 273 123 139 225 262 234 160 301 297 270 239 157 183 222 209 37 62 106 249 85 71 205 105 173 114 80 99 191 306 89 100 279 292 282 31 104 58 97 44 284 6 14 288 295 291 34 156 190 27 212 218 4 256 73 231 142 137 151 210 254 245 177 53 95 136 314 45 192 127 88 299 138 204 166 236 193 56 317 12 43 39 188 81 48 285 3 98 130 144 253 42 203 112 33 9 207 78 232 261 287 213 220 246 233 172 260 227 128 41 67 274 298 86 115 69 102 178 23 133 308 309 74 50 117 131 109 16 83 52 40 164 294 111 122 47 170 149 185 60 257 290 199 93 184 300 244 110 247 116 107 146 214 266 179 255 277 217 196 312 276 221 198 310 186 101 189 19 94 150 248 241 11 171 165 305 147 223 : 5287.32
2 0 
1 201 257 289 225 171 255 81 16 287 254 167 160 298 280 286 90 141 246 51 203 152 45 235 2 55 150 17 4 44 229 276 189 278 95 256 57 318 102 67 260 218 38 231 187 71 18 295 188 299 114 274 192 154 130 240 170 65 247 156 23 82 228 157 248 126 291 198 43 109 125 237 221 174 241 211 220 76 20 85 227 15 207 182 292 290 271 217 313 209 70 75 307 92 183 311 39 136 13 230 88 63 93 316 26 159 162 46 104 11 47 309 293 107 78 202 270 133 54 155 9 272 273 34 297 245 310 40 137 315 242 185 143 258 267 79 32 49 175 264 304 123 212 25 21 72 135 281 306 210 296 317 86 146 115 236 277 214 244 179 87 94 206 31 64 68 190 215 251 36 216 140 269 259 98 74 200 239 101 243 222 266 35 58 122 138 10 213 166 113 69 118 283 233 110 275 305 53 6 83 177 301 184 33 116 238 103 106 284 197 91 282 163 176 99 262 84 12 253 303 196 59 302 288 100 66 52 105 173 108 172 149 124 161 199 120 132 121 27 97 208 119 134 268 29 148 223 129 252 261 308 193 263 147 131 5 285 178 194 96 300 80 60 37 224 186 50 279 77 30 48 56 3 28 204 145 181 169 139 112 117 7 191 180 312 151 111 165 195 19 127 73 61 62 168 42 142 144 250 14 89 153 158 41 22 128 226 164 314 265 234 205 294 8 24 249 232 219 : 5275.1
2 1 
1 105 247 250 179 180 125 259 190 55 277 54 167 310 273 94 302 79 50 90 75 197 40 93 251 226 227 38 6 152 112 21 114 129 140 246 176 160 53 172 56 270 212 121 13 138 135 17 199 98 162 66 276 49 47 192 209 97 150 256 228 282 67 89 51 174 194 71 170 117 214 155 102 157 278 77 168 29 74 81 24 186 201 78 300 301 202 39 216 210 101 95 88 221 268 318 206 264 287 183 299 252 257 36 298 118 232 41 196 295 61 181 27 158 33 37 191 279 248 173 52 111 63 182 241 83 58 303 290 30 242 219 311 267 230 285 288 3 73 57 139 317 178 234 294 171 184 109 141 123 84 237 315 26 31 244 293 48 86 2 153 64 198 151 127 113 128 255 254 313 213 119 238 215 124 236 220 200 275 104 91 146 218 253 132 106 7 23 148 223 306 258 144 231 115 207 281 225 269 60 35 312 96 224 5 296 229 99 286 297 25 28 62 263 245 100 18 8 291 145 108 161 110 235 289 189 14 92 70 149 15 265 203 314 175 120 134 59 44 165 142 266 304 188 187 143 305 69 195 260 284 239 261 122 9 126 316 147 16 107 116 76 42 240 10 32 222 271 283 4 131 43 164 19 262 156 103 82 137 12 11 243 87 136 193 308 274 292 307 85 309 130 166 169 211 233 217 204 154 68 22 72 163 272 280 80 177 34 205 185 65 159 208 45 20 46 133 249 : 5223.74
2 2 
1 209 212 110 229 228 39 50 11 186 152 9 303 165 219 173 245 113 16 132 108 166 251 119 272 310 51 125 250 81 55 117 199 21 31 154 91 283 63 197 61 97 180 151 220 90 207 183 122 92 317 123 25 75 76 121 315 267 279 217 42 6 223 271 172 164 118 168 203 255 247 167 73 162 263 308 171 36 10 3 200 312 35 299 133 149 301 232 95 20 83 159 32 236 249 111 289 269 225 231 163 150 145 259 204 58 67 69 300 12 246 5 242 268 131 302 260 109 235 214 158 205 281 265 134 216 316 70 309 226 19 314 86 80 266 17 175 96 47 218 185 195 306 261 288 290 155 211 193 196 59 293 210 192 101 94 224 146 241 88 85 206 258 213 257 114 230 22 33 105 194 160 65 227 221 23 276 48 68 182 66 7 98 189 169 181 286 253 29 49 8 256 106 201 15 87 102 40 57 104 107 77 74 294 243 239 136 280 116 141 135 307 248 129 28 34 237 27 24 318 174 38 284 287 130 238 45 184 244 153 41 64 178 305 99 71 147 170 278 191 296 285 13 297 234 14 78 18 157 139 252 82 177 53 2 26 54 142 143 138 140 275 313 128 222 202 215 112 127 233 262 46 124 56 52 84 44 187 295 291 115 79 292 62 277 311 179 89 100 188 144 270 161 240 37 156 137 30 273 126 176 282 264 60 4 208 254 120 43 72 93 103 190 274 298 198 148 304 : 5270.45
2 3 
1 70 246 122 187 159 58 144 125 174 61 29 228 236 275 282 208 4 30 92 273 128 153 54 99 212 214 113 151 227 139 180 205 173 318 224 39 51 44 182 255 108 55 175 303 148 234 276 289 183 280 299 101 310 315 200 274 185 260 286 285 264 155 67 103 40 194 219 300 133 7 98 22 2 143 150 142 24 302 193 176 136 94 97 281 313 35 110 46 118 317 5 242 190 16 60 306 96 36 10 93 270 249 109 168 252 293 301 152 126 17 130 186 191 90 203 241 20 210 137 64 111 56 15 25 167 188 195 292 38 37 184 312 95 76 81 170 283 263 196 290 204 66 42 197 73 107 26 165 89 23 272 13 83 267 75 84 105 41 82 57 160 91 129 3 8 308 106 163 297 181 206 316 225 79 117 145 265 18 100 192 209 68 207 154 63 162 284 298 218 266 245 244 239 166 288 237 157 127 247 32 65 229 216 131 254 248 59 132 14 169 307 189 124 256 250 121 304 294 19 28 221 238 102 71 116 226 220 258 6 202 291 199 231 9 171 201 77 49 78 277 269 87 177 287 34 149 215 138 86 261 112 161 164 243 146 268 217 119 257 52 213 12 114 314 80 230 85 198 88 253 123 305 278 47 178 179 172 251 134 222 31 115 11 271 141 21 259 223 45 240 156 262 211 235 296 309 104 27 279 62 233 158 53 48 120 33 295 43 50 69 72 232 147 135 74 140 311 : 5281.54
3 0 
1 104 67 190 48 203 210 92 123 218 230 83 198 53 107 122 60 275 257 71 173 79 238 284 212 23 132 165 86 100 164 248 125 6 72 146 66 301 246 124 14 154 74 269 160 44 259 282 289 144 192 102 202 46 161 15 108 249 147 286 156 315 234 258 309 31 205 279 311 49 93 10 94 111 45 8 166 30 68 204 182 313 126 145 33 194 73 29 152 121 228 280 294 200 4 264 255 28 159 135 176 277 297 155 296 37 308 254 251 290 233 208 215 270 281 222 292 143 89 291 318 274 103 168 43 197 316 118 78 54 96 261 184 224 110 266 133 150 185 140 134 116 105 76 81 195 314 75 271 243 62 227 252 32 137 232 191 85 39 2 13 59 22 310 244 179 56 263 120 214 187 201 299 199 226 35 239 141 109 189 139 283 303 95 293 41 151 5 34 174 51 40 91 82 127 21 278 312 148 256 114 117 106 128 260 225 171 18 70 58 188 80 206 211 19 157 24 17 153 247 98 99 84 36 12 77 265 178 167 112 213 272 231 220 3 65 162 298 237 268 196 245 149 131 88 50 307 129 317 57 305 276 119 47 209 240 64 183 235 217 38 306 288 138 172 207 170 267 115 130 177 97 101 55 242 229 175 87 186 142 61 253 287 300 136 63 26 16 20 236 181 285 219 273 302 180 304 221 158 223 69 295 52 7 11 113 90 241 250 216 9 27 25 42 262 169 193 163 : 5239.75
3 1 
1 170 245 213 160 180 94 34 118 177 251 16 54 262 163 173 99 93 45 224 286 40 263 185 309 148 292 313 206 124 82 126 181 191 186 298 49 55 277 146 61 310 39 221 14 30 237 134 130 226 289 297 109 123 304 19 190 92 71 76 98 116 42 202 70 9 196 95 195 229 274 223 36 18 44 144 25 266 239 216 17 258 57 175 243 188 156 7 84 65 152 230 86 28 272 189 294 278 192 60 31 203 129 280 238 306 138 121 147 133 214 166 246 140 228 137 62 3 64 50 59 300 200 212 303 219 72 259 269 90 271 273 275 248 256 184 178 24 120 12 257 199 182 56 97 153 29 22 244 114 27 2 207 233 21 106 145 115 305 63 210 149 51 161 48 47 254 227 301 150 75 46 83 67 139 293 38 295 162 74 288 73 235 111 101 78 89 81 204 267 234 236 308 15 316 283 220 218 102 20 187 69 290 270 66 167 112 79 68 265 261 281 104 33 242 311 197 35 135 291 222 142 231 201 208 174 107 5 122 312 198 232 88 155 154 103 41 26 58 241 252 215 128 318 108 317 127 249 225 157 13 209 217 315 194 85 255 159 8 132 240 110 10 260 285 105 91 43 183 100 179 6 23 131 158 11 80 205 141 284 113 276 165 307 268 296 314 211 117 87 264 53 171 176 302 282 119 77 125 247 253 287 279 250 169 172 32 96 136 143 193 168 52 164 37 151 299 4 : 5302.29
3 2 
1 186 77 91 23 107 94 302 58 22 292 262 153 188 202 268 260 99 206 81 222 16 83 244 119 213 96 196 68 267 90 235 112 220 219 183 237 211 7 266 80 175 55 273 270 252 101 88 215 285 304 310 291 300 155 103 20 207 154 160 191 116 251 138 297 248 241 209 227 225 286 259 114 278 312 307 168 184 12 17 48 171 141 72 131 43 129 272 111 231 126 67 228 127 140 265 92 97 89 8 281 46 293 124 34 177 179 2 54 47 182 318 139 65 49 157 62 313 41 26 316 256 255 161 87 132 123 277 314 37 18 229 279 296 145 317 117 113 5 287 146 44 59 10 249 53 128 32 11 86 210 239 172 150 159 35 166 254 264 308 294 242 301 135 315 205 69 125 236 309 193 238 173 180 98 165 257 120 250 102 176 195 130 50 14 167 143 33 61 60 133 204 187 78 31 36 85 84 230 284 104 73 4 152 258 76 63 24 122 162 276 15 39 233 223 261 158 282 185 212 142 30 42 203 243 218 306 198 100 245 263 275 271 174 253 214 221 106 118 21 134 108 189 283 52 151 280 194 299 57 303 216 295 95 156 311 13 217 149 25 147 288 38 190 19 164 192 298 200 232 290 70 305 199 109 79 197 201 224 247 71 121 29 105 115 148 3 110 226 289 274 93 178 269 169 74 181 246 137 28 9 136 240 66 27 64 170 6 45 208 82 234 40 163 75 144 56 51 : 5249.38
3 3 
1 27 291 205 114 146 182 153 283 150 18 167 6 123 87 38 56 33 152 121 26 148 239 209 315 285 157 154 57 174 171 212 279 42 268 232 187 242 109 263 161 68 82 31 213 225 226 243 106 252 129 137 224 215 219 295 230 75 136 94 92 34 5 307 300 189 96 50 7 59 64 228 301 188 305 46 190 304 199 193 287 169 317 270 85 73 255 297 244 249 45 170 142 175 306 308 274 177 262 275 273 178 65 299 198 35 186 260 93 105 71 200 231 67 210 19 303 77 4 206 184 165 258 288 55 76 181 54 60 25 163 13 131 61 22 128 248 220 78 63 162 192 23 3 269 70 115 74 238 247 261 245 253 102 43 144 101 40 318 147 316 159 15 17 173 97 143 191 185 122 52 28 292 251 126 202 237 294 149 196 311 293 49 51 290 240 222 130 164 124 233 227 208 112 14 37 266 176 280 282 278 80 223 88 145 254 113 20 8 10 9 313 62 110 217 140 214 197 81 172 138 79 204 24 195 133 44 83 218 221 86 41 108 111 11 286 289 235 84 16 310 277 72 69 259 120 36 314 183 39 141 135 211 48 58 203 256 216 2 234 89 241 236 100 265 267 207 119 257 91 271 298 53 103 30 118 246 250 155 180 151 127 166 312 160 264 29 32 21 134 194 116 90 272 276 132 284 47 107 125 179 104 139 309 12 99 66 156 168 201 98 281 302 229 158 117 95 296 : 5297.63
4 0 
1 165 269 9 130 46 191 131 214 235 243 97 86 207 257 178 38 202 289 104 189 252 316 32 76 103 39 177 2 149 267 4 70 102 294 303 210 265 309 48 263 98 168 215 17 110 113 90 56 239 145 107 57 197 245 285 10 67 164 185 30 181 273 94 291 222 227 203 173 87 302 195 124 117 170 238 220 118 146 55 212 258 153 154 160 68 74 61 219 314 208 187 229 22 162 60 172 89 248 232 318 84 95 299 100 152 111 158 112 317 81 188 136 119 237 126 43 12 115 14 272 251 230 79 240 140 278 280 224 301 266 296 225 244 19 190 217 213 194 35 34 150 64 71 53 77 268 199 29 108 7 205 50 73 298 138 196 36 20 300 206 82 221 201 137 161 25 134 59 125 96 315 143 310 200 175 241 132 44 183 65 47 88 123 63 51 92 271 264 109 216 274 259 290 295 233 101 80 209 176 180 128 283 106 155 13 156 169 174 62 167 78 260 37 122 41 159 287 141 5 133 8 142 281 282 307 171 228 312 293 186 204 91 75 33 40 26 72 226 157 275 139 148 231 28 31 261 15 52 45 286 114 147 253 135 93 121 151 218 262 211 23 99 234 21 223 193 256 42 27 54 69 277 292 308 66 297 279 83 11 198 58 18 255 166 288 304 311 306 179 6 305 270 3 249 276 16 313 284 192 250 120 236 163 24 182 116 105 129 127 144 85 247 254 49 184 246 242 : 5298.37
4 1 
1 126 227 259 200 182 158 214 169 309 272 239 301 274 225 127 220 153 232 260 188 226 228 271 132 5 2 197 163 34 60 189 318 125 146 316 207 254 262 96 141 137 206 14 312 195 33 114 231 299 86 204 28 39 113 289 130 210 62 90 145 111 51 15 251 110 185 269 66 8 115 264 284 282 208 266 310 133 221 202 240 161 156 143 276 43 285 67 203 292 54 193 297 288 10 128 275 298 223 12 175 100 180 248 144 58 93 280 224 63 68 190 57 103 273 167 230 171 265 217 213 290 303 162 108 85 25 98 119 291 20 50 24 27 31 151 112 105 253 30 173 187 65 78 107 109 212 170 45 172 302 307 317 79 201 314 42 21 135 304 168 22 36 75 166 37 35 183 179 55 258 106 154 92 84 23 47 216 88 122 40 287 236 250 9 218 83 102 101 209 17 149 205 13 176 16 19 281 76 255 117 235 81 73 247 261 252 95 315 181 198 99 165 234 286 138 246 233 18 256 241 142 184 313 308 155 296 279 283 11 129 157 94 305 245 293 104 238 211 191 120 124 148 139 91 4 29 53 300 263 152 82 97 123 121 177 61 74 118 267 192 196 257 215 178 277 249 38 164 52 7 186 140 242 147 77 136 229 159 3 131 237 222 72 49 44 59 64 6 32 160 278 295 71 134 87 116 270 268 219 56 174 244 194 150 243 294 199 306 69 80 46 41 311 89 26 70 48 : 5274
4 2 
1 96 318 192 285 156 142 317 241 66 135 86 220 254 255 249 264 148 89 203 193 272 293 97 10 72 127 110 263 82 253 196 74 58 24 307 301 71 172 91 136 47 173 87 88 106 122 236 226 296 231 211 39 270 316 53 105 230 33 63 265 130 206 128 154 149 309 79 81 60 304 169 11 134 126 155 84 302 54 104 137 269 310 113 289 131 115 267 26 64 180 132 118 240 139 250 252 279 76 57 178 112 194 186 56 120 225 187 94 213 166 218 8 208 31 95 27 29 281 295 275 283 280 314 23 258 13 246 217 51 152 160 305 40 138 46 20 171 103 28 34 99 183 21 129 237 107 16 141 164 245 288 214 17 157 25 22 276 98 55 284 123 6 12 159 273 80 271 235 50 30 2 83 42 114 161 3 146 165 315 312 227 256 68 45 108 119 109 188 298 170 121 174 145 52 144 4 286 191 197 182 292 14 216 41 198 239 167 150 184 278 176 215 243 190 205 65 5 311 274 303 224 177 306 238 49 251 244 234 38 153 219 257 232 62 248 117 242 262 9 44 212 32 85 207 101 163 221 175 90 35 158 259 7 43 93 200 36 78 261 291 116 61 228 247 229 308 18 140 181 100 168 70 209 195 67 282 268 133 233 15 59 125 204 75 189 290 102 69 287 179 222 124 143 300 201 266 260 277 77 199 185 294 111 223 210 313 48 202 37 73 19 92 299 162 297 147 151 : 5422.83
4 3 
1 5 207 13 200 301 70 103 78 26 267 291 280 40 69 8 121 282 58 266 192 173 123 271 170 115 177 104 63 47 312 17 84 316 21 313 286 202 159 133 205 308 180 283 174 213 112 178 2 259 231 136 172 89 36 261 274 277 29 23 124 219 244 249 157 298 9 24 125 32 38 158 43 114 146 230 304 167 258 273 318 279 147 52 253 142 106 145 229 245 239 182 222 235 281 92 97 307 299 46 288 257 141 210 234 4 34 49 126 105 77 27 297 138 260 226 64 53 101 7 309 310 50 317 264 243 11 251 237 191 218 302 292 118 129 31 248 113 294 275 263 256 39 100 122 18 61 91 300 290 303 72 62 272 165 120 315 188 262 252 153 246 82 181 132 162 20 3 73 16 156 151 255 197 59 189 51 194 56 71 131 150 99 93 220 221 41 238 149 183 44 241 86 186 98 196 144 22 111 116 107 284 161 48 240 242 54 67 68 203 57 90 87 195 223 88 148 305 217 79 269 19 75 95 45 65 143 296 169 276 206 295 209 236 60 102 140 190 66 268 247 215 211 293 110 81 233 193 10 83 201 127 289 265 166 164 306 94 199 270 311 154 137 96 152 25 30 85 250 254 227 139 28 42 130 278 212 108 208 168 12 6 160 74 175 134 314 117 185 187 33 285 119 225 232 155 80 287 228 198 35 55 216 14 128 163 76 204 184 214 224 171 176 179 109 37 15 135 : 5217.19
5 0 
1 288 238 186 107 217 253 168 242 146 42 202 212 17 257 114 160 47 206 95 273 169 131 101 4 151 157 305 139 121 170 193 180 61 59 30 46 246 232 199 219 248 316 96 125 133 21 28 185 197 84 171 87 272 259 182 275 277 164 65 215 245 63 44 132 128 221 255 188 11 141 258 282 129 118 189 90 69 315 8 155 108 234 252 150 298 230 123 103 16 149 308 52 24 120 26 152 223 263 184 154 12 117 179 100 205 153 312 9 220 177 287 136 148 159 41 18 241 29 111 3 296 70 270 75 76 250 166 167 86 165 235 51 105 92 55 93 229 213 104 161 187 37 279 204 195 274 236 224 294 97 27 309 34 143 198 102 98 228 62 124 276 227 13 140 19 54 194 281 269 239 130 135 278 191 293 225 126 303 138 56 214 254 109 53 66 116 25 89 6 77 40 247 50 261 58 210 23 192 110 142 85 91 311 301 178 313 249 203 318 286 176 208 33 266 7 264 15 181 158 289 244 2 43 78 74 147 297 291 295 218 310 268 122 231 267 233 240 251 22 38 196 81 201 73 80 292 280 209 60 113 134 300 243 137 262 314 304 290 265 237 190 106 226 119 72 256 271 307 45 211 112 317 83 57 64 175 306 183 200 10 260 172 39 299 14 36 162 173 31 48 115 145 71 5 163 174 222 32 35 285 283 156 49 94 99 302 216 67 20 127 88 284 144 79 207 82 68 : 5262.6
5 1 
1 210 269 298 3 120 243 253 275 248 134 192 244 106 170 222 163 209 129 75 32 228 245 231 227 288 292 16 147 118 217 261 121 9 317 123 92 176 174 17 51 96 233 72 259 262 240 215 132 279 200 165 142 149 70 39 280 94 241 85 271 188 206 183 263 270 151 103 30 254 307 63 184 273 218 145 166 285 230 77 299 303 80 205 137 114 281 84 287 197 308 60 49 130 212 24 44 146 141 76 111 284 250 312 154 180 73 213 289 128 116 66 152 124 11 179 226 246 239 89 78 223 173 102 79 6 113 67 119 139 58 23 316 19 187 12 177 237 115 65 186 282 5 251 296 126 249 274 162 110 133 159 291 216 69 220 255 276 181 40 242 297 33 8 15 266 178 175 309 182 196 211 272 57 20 295 300 22 2 202 93 191 252 201 190 171 214 229 238 157 318 199 258 13 101 95 62 42 268 225 7 45 189 311 148 83 194 88 43 304 59 193 294 90 37 158 265 100 25 47 167 143 315 204 208 138 164 198 56 112 21 260 234 140 136 290 306 301 185 235 219 277 203 34 4 150 264 18 313 144 305 74 221 314 35 310 64 71 278 81 29 55 86 68 10 172 122 232 87 14 117 286 156 26 153 52 99 41 104 48 61 50 97 161 135 54 155 168 236 195 267 38 302 293 46 36 91 169 247 31 98 27 127 28 257 256 224 131 107 160 207 125 283 82 109 108 105 53 : 5324.98
5 2 
1 284 54 36 111 112 173 78 8 119 14 152 116 174 35 43 104 51 58 169 170 145 263 32 249 283 129 85 143 171 40 151 165 92 62 219 142 15 7 317 25 189 209 281 123 257 154 3 159 297 167 195 67 74 244 17 225 106 299 47 271 108 114 221 226 315 289 265 236 126 296 183 84 103 72 121 118 136 4 239 270 61 163 128 245 30 10 214 82 190 2 191 264 141 124 247 268 24 224 310 228 147 187 318 175 262 179 286 161 59 178 155 266 223 31 99 87 45 237 231 261 254 75 172 282 227 12 91 64 20 138 137 134 132 208 311 298 256 309 177 96 232 279 150 186 248 95 22 294 276 253 180 192 307 218 71 222 69 156 38 206 98 56 120 89 280 122 105 203 70 60 235 133 13 34 193 109 6 107 273 184 55 88 135 102 115 234 211 216 146 139 267 278 198 220 243 313 53 197 302 229 240 213 301 304 182 305 26 194 79 157 176 86 97 49 204 19 181 148 68 100 63 259 65 207 90 153 21 200 288 80 312 238 140 230 251 293 16 41 242 57 205 252 277 215 314 113 48 33 44 50 39 241 52 149 27 76 316 46 110 125 131 258 275 160 5 212 210 28 73 199 303 272 246 166 233 196 287 130 42 83 77 117 168 185 217 285 292 295 101 144 66 260 162 188 81 11 255 269 300 250 290 201 37 164 29 94 291 202 93 306 127 18 158 9 274 308 23 : 5254.49
5 3 
1 9 109 176 140 47 59 177 266 214 97 81 203 92 186 40 113 234 259 245 276 238 158 240 100 148 84 169 127 229 159 4 284 318 248 89 178 246 149 72 98 224 299 271 305 199 87 247 237 272 309 90 292 210 211 231 255 207 267 143 213 37 132 114 5 94 156 54 217 268 93 91 105 2 36 96 287 111 118 65 53 165 196 82 74 260 152 316 19 120 88 44 124 99 273 277 110 67 242 141 150 291 228 24 56 139 162 225 275 11 107 138 3 57 181 241 95 35 10 145 86 154 174 80 170 258 294 289 304 296 254 104 243 22 306 6 42 38 144 252 230 184 315 253 126 151 263 108 235 167 261 17 283 314 209 25 106 30 18 308 135 244 317 83 188 164 190 161 160 70 55 172 63 202 85 168 51 269 200 216 131 34 175 232 7 14 257 179 189 198 288 301 290 249 122 219 293 220 52 250 49 48 21 20 32 193 62 282 147 233 256 197 103 29 8 79 298 41 31 102 69 194 182 265 303 12 43 23 262 310 192 212 280 278 137 239 133 307 264 101 134 313 274 61 222 171 204 46 60 221 66 285 50 281 117 227 76 297 115 77 173 136 121 208 16 13 116 215 205 302 28 166 311 33 153 119 295 75 270 180 187 279 78 206 157 27 64 226 312 236 146 195 218 191 185 39 163 112 123 251 183 223 155 129 68 201 286 128 26 15 45 142 130 125 300 71 58 73 : 5320.68
