0 0 
1 2 7 10 11 12 21 103 20 316 51 36 41 42 47 44 56 59 49 48 58 60 61 65 164 155 149 142 130 123 122 113 121 114 109 216 219 236 226 227 249 248 270 275 276 298 310 304 309 299 273 318 274 281 171 288 282 286 279 285 291 280 271 272 296 303 294 292 293 295 200 205 199 306 301 307 311 312 302 192 193 289 290 283 308 300 305 297 284 287 175 181 178 185 189 191 169 182 187 87 197 94 203 204 195 194 174 186 180 168 163 153 209 145 152 157 150 158 144 257 263 253 251 254 261 314 240 241 231 225 119 239 242 237 228 247 243 233 230 238 222 218 214 215 224 223 245 244 235 234 229 220 212 213 232 217 211 118 221 110 313 143 139 140 250 259 265 266 267 258 252 268 262 264 260 256 246 255 315 269 170 278 277 165 166 179 167 210 183 188 176 173 172 184 162 159 161 177 190 88 66 68 85 78 82 69 76 62 38 39 35 34 26 19 24 25 37 18 17 16 8 9 3 108 107 5 4 111 112 116 106 128 137 115 208 129 135 133 132 131 124 126 138 125 117 134 127 14 13 120 136 146 151 147 141 148 156 160 154 43 57 64 67 72 81 74 77 79 83 71 84 99 95 196 201 207 198 206 202 100 102 101 97 96 92 91 93 98 89 75 86 73 80 90 70 63 54 53 46 52 50 105 45 55 317 40 31 32 104 33 27 28 30 29 22 23 15 6 : 922.614
0 1 
1 10 11 6 32 31 28 23 29 22 33 34 134 120 128 133 135 136 127 126 208 125 124 121 119 220 221 222 233 234 227 237 229 226 243 314 254 261 264 265 315 269 166 165 168 157 158 147 151 164 160 154 145 150 39 38 35 5 4 117 130 129 131 132 149 152 162 210 175 180 186 204 205 301 199 200 312 311 307 306 302 192 294 193 295 292 281 278 282 289 274 275 271 270 297 304 310 305 309 293 296 303 308 300 299 290 283 287 288 277 170 171 272 286 285 284 291 279 280 298 276 248 244 245 224 235 246 252 249 318 257 267 260 258 259 266 255 139 239 225 231 232 241 242 240 313 238 230 236 218 219 211 212 216 110 109 217 213 215 214 223 228 247 253 263 262 256 268 273 251 250 143 144 163 174 195 198 191 194 203 206 95 87 88 189 183 184 172 65 61 60 66 94 202 197 98 101 102 97 96 93 89 90 73 86 79 92 91 82 83 71 64 75 69 70 63 58 55 54 43 52 40 44 21 16 25 17 36 104 20 15 12 19 24 103 30 45 57 105 56 53 46 41 42 47 51 48 317 50 49 316 59 62 77 78 72 84 68 76 80 74 81 67 85 99 207 100 201 196 188 169 177 173 181 178 176 187 190 182 179 185 167 156 159 161 155 153 209 148 146 142 140 118 114 113 107 116 112 111 115 14 13 106 108 123 122 141 138 137 27 26 37 18 8 9 3 7 2 : 859.897
0 2 
1 6 24 19 37 41 33 31 30 20 3 8 17 9 5 106 4 112 14 111 107 120 208 127 135 136 138 129 141 121 124 130 132 131 139 243 227 235 228 236 244 248 249 262 254 252 271 270 318 256 251 253 246 247 234 230 237 238 242 226 229 232 231 239 241 240 217 211 213 216 219 221 118 220 110 119 140 143 144 260 259 265 266 165 269 285 277 295 293 292 171 168 174 175 181 185 194 186 172 167 210 163 159 156 149 153 160 155 154 164 60 169 178 191 189 183 177 182 161 150 39 38 34 126 108 117 125 128 133 209 146 148 158 151 147 157 162 152 145 142 122 123 113 114 109 222 313 233 225 212 218 223 214 215 224 245 264 315 261 257 268 263 267 258 255 250 314 166 192 281 278 287 282 289 288 296 290 297 305 300 284 291 280 279 273 283 274 272 286 294 170 200 311 205 302 303 310 304 309 299 298 275 276 308 306 301 312 307 193 199 204 203 179 180 195 184 198 94 66 65 61 173 176 206 100 207 95 196 202 201 197 190 187 188 88 87 69 80 75 71 77 67 84 68 59 50 56 44 45 51 55 54 46 62 63 58 90 89 98 99 93 92 78 85 101 102 97 96 91 83 81 74 70 73 64 76 86 82 72 79 105 57 35 13 115 137 134 116 26 25 16 12 10 7 11 22 29 103 18 42 43 49 40 317 316 47 48 53 52 104 36 28 32 27 23 21 15 2 : 916.351
0 3 
1 6 7 3 12 8 9 17 19 25 27 24 26 18 16 37 41 42 58 51 46 45 40 59 69 74 81 70 75 80 73 76 84 68 86 97 91 92 101 102 96 98 93 85 83 72 79 82 78 71 77 67 62 63 61 159 163 158 162 153 155 150 149 146 209 138 129 132 130 131 123 121 141 137 135 128 125 117 124 136 134 126 127 133 142 157 156 147 148 168 165 170 295 192 180 177 191 190 182 184 169 164 176 187 87 189 172 173 183 198 195 203 204 194 186 179 181 185 178 167 174 175 200 199 302 311 312 307 306 205 293 290 279 285 282 283 288 289 287 277 281 274 286 278 292 294 296 299 300 308 309 305 298 297 304 310 303 301 193 171 166 253 251 257 268 263 264 265 260 258 266 315 267 269 259 255 250 143 144 140 139 238 242 233 222 219 218 212 211 216 217 213 215 214 223 224 244 245 248 275 276 270 318 249 246 237 234 229 230 313 226 235 236 228 227 247 261 256 262 252 271 273 284 291 280 272 254 314 243 231 240 241 232 239 119 220 221 225 118 110 109 122 114 113 107 111 106 4 5 14 13 208 108 112 116 115 120 34 39 38 35 145 154 161 152 151 160 210 60 66 65 188 197 196 94 88 90 206 202 201 207 100 95 99 89 64 105 56 50 54 57 52 53 48 49 316 317 55 44 47 104 43 36 33 28 23 20 103 21 22 32 31 29 15 30 11 10 2 : 754.27
1 0 
1 10 11 33 27 32 23 19 26 36 104 47 53 58 62 64 68 71 67 82 84 79 86 85 83 78 72 77 69 70 90 93 101 102 97 96 91 92 80 76 81 75 73 56 57 54 52 46 51 55 317 316 45 48 44 43 42 35 38 39 37 41 145 240 239 232 231 233 237 247 246 243 110 109 216 211 119 142 141 124 121 120 135 138 133 128 130 131 122 117 129 123 132 137 136 113 114 118 221 225 220 217 212 222 230 213 218 224 223 236 234 227 313 229 235 228 226 241 242 250 260 165 166 269 281 294 288 295 287 282 296 302 312 205 311 306 301 289 277 278 293 200 192 193 170 267 264 268 263 256 253 252 254 257 273 280 291 286 303 307 199 195 194 203 204 186 185 181 182 172 184 169 168 167 180 174 179 175 178 190 187 189 88 87 191 177 157 152 209 34 134 14 127 126 13 107 111 106 108 116 115 4 5 112 208 125 160 158 147 153 154 151 149 164 210 162 163 146 148 144 143 140 139 238 219 215 214 245 248 244 261 258 265 255 315 290 292 279 284 285 297 304 310 305 308 309 300 299 283 272 251 249 318 271 276 275 298 270 314 262 259 266 274 171 159 156 155 161 150 61 60 66 198 206 201 95 197 100 207 202 196 94 74 89 98 99 188 183 176 173 65 63 59 105 49 50 40 22 29 12 20 24 30 21 31 103 15 28 25 17 18 16 8 9 3 6 2 7 : 876.699
1 1 
1 3 9 16 26 104 28 22 21 20 23 19 103 32 31 33 45 46 52 43 41 63 105 54 57 44 42 47 51 58 53 64 317 316 40 50 48 49 55 56 59 67 71 68 85 91 92 77 81 79 82 83 78 84 72 86 75 74 80 76 73 97 101 102 96 93 69 62 70 94 196 201 206 95 90 89 98 99 87 172 190 191 184 65 176 182 183 188 187 189 177 178 181 175 180 168 165 171 170 293 294 288 292 283 300 305 304 310 298 297 272 282 287 286 279 291 285 274 277 281 302 306 199 307 308 299 309 303 296 289 295 278 290 284 280 273 275 276 318 270 271 249 244 245 224 215 247 252 246 235 236 230 222 213 212 217 110 216 225 119 239 240 118 139 143 144 158 163 157 151 152 150 156 160 164 148 142 140 242 241 232 231 237 226 228 234 229 227 223 214 218 219 211 109 221 220 313 238 233 243 314 255 265 269 315 267 264 253 262 263 268 254 256 248 251 261 257 266 258 259 250 260 166 301 193 192 311 312 205 200 195 186 194 198 207 100 202 204 203 197 88 61 60 66 173 179 174 185 169 159 155 153 146 149 145 154 161 210 167 162 147 135 137 138 132 133 125 113 114 124 121 123 131 129 208 209 141 122 130 117 120 136 128 115 13 14 116 107 108 111 4 112 5 106 127 126 134 34 35 38 39 37 36 18 25 17 8 30 29 24 27 12 7 6 10 15 11 2 : 814.664
1 2 
1 20 26 17 19 31 21 29 22 15 11 10 2 6 7 32 104 41 42 58 64 78 82 85 84 77 83 102 101 97 92 96 93 91 86 90 74 70 66 172 176 182 177 181 184 194 203 201 95 173 188 183 187 189 191 198 87 88 75 79 72 68 67 71 56 50 105 59 62 69 73 76 80 81 99 98 89 94 197 196 100 206 207 202 190 65 63 57 49 316 317 55 43 47 51 53 46 52 54 40 45 48 44 36 103 30 33 24 27 25 37 126 134 120 208 111 116 115 107 106 108 117 128 136 125 113 114 110 109 213 226 230 242 140 240 243 261 257 314 254 253 268 263 252 251 256 315 269 288 287 289 282 290 296 300 299 279 284 272 273 260 266 265 258 250 259 255 144 143 139 220 217 216 211 212 221 225 241 239 231 232 119 118 313 237 236 235 228 234 222 238 233 229 227 219 218 215 214 224 223 244 245 247 246 249 248 262 267 264 318 275 276 297 298 305 304 310 309 308 200 307 312 311 303 295 293 292 294 280 270 271 285 291 286 283 274 277 171 170 281 278 166 165 199 193 301 302 205 306 192 204 195 186 179 185 180 169 178 174 175 167 168 158 152 164 161 160 153 155 154 61 60 210 162 156 148 150 159 209 145 39 38 35 34 13 14 127 137 135 133 132 122 124 130 141 138 146 149 163 157 151 147 142 131 123 129 121 5 4 112 9 8 16 18 23 28 12 3 : 780.147
1 3 
1 7 2 15 30 103 29 21 32 31 22 23 20 28 19 25 17 16 24 26 44 40 59 55 46 52 42 36 37 134 127 107 106 108 117 124 121 122 231 313 225 118 119 140 139 241 239 233 246 243 240 234 237 229 218 213 212 114 113 111 4 112 115 116 13 5 9 18 14 126 138 132 123 130 129 131 133 125 128 208 120 135 136 141 142 35 39 38 41 47 51 57 53 63 69 72 76 74 75 81 80 90 102 101 91 97 92 96 98 99 95 94 207 206 202 197 198 100 201 196 189 187 184 182 183 173 65 176 177 172 180 174 179 186 175 292 277 166 167 169 185 195 204 203 307 200 199 302 301 192 193 194 171 170 295 306 205 312 311 309 305 310 308 303 293 288 278 294 287 282 274 281 165 144 143 254 268 315 280 285 284 297 298 300 299 291 286 290 289 296 283 279 272 273 271 304 275 276 270 318 249 248 245 244 261 257 255 269 267 266 256 262 263 252 247 224 214 215 223 219 226 235 236 238 242 232 220 221 110 109 216 211 230 217 222 228 227 250 258 314 251 253 264 265 260 259 168 181 178 191 188 190 87 88 89 93 86 77 79 82 85 84 83 78 73 64 67 71 68 105 317 316 50 56 54 33 27 104 48 49 45 43 58 62 70 66 61 60 164 210 163 151 159 162 152 145 154 161 160 155 153 150 149 156 158 157 147 146 148 209 137 34 8 3 12 11 10 6 : 806.087
2 0 
1 173 178 122 154 153 9 38 179 72 68 30 6 26 23 60 84 234 167 141 46 201 99 295 252 243 161 265 282 266 300 233 198 109 219 34 217 96 249 307 61 261 20 264 52 164 245 94 81 58 251 244 302 199 289 144 192 131 145 126 86 183 98 59 15 66 70 238 216 165 114 293 297 197 294 103 185 67 306 129 242 160 128 40 215 310 256 309 92 95 202 116 169 13 54 88 121 220 117 39 57 248 180 45 55 134 254 139 232 12 229 132 276 172 155 210 64 97 257 3 158 301 189 240 291 31 17 150 162 159 267 273 51 74 312 120 314 272 171 47 48 91 21 318 271 253 100 186 193 156 305 124 27 317 78 137 50 69 218 18 118 228 170 85 35 290 269 292 188 166 71 90 2 11 111 106 36 224 280 62 191 203 177 288 226 101 200 281 278 49 207 206 205 56 76 93 143 227 113 274 209 107 41 208 37 82 19 235 211 104 212 174 119 157 236 237 258 285 83 247 262 270 283 87 196 298 315 255 152 148 250 287 24 140 25 130 105 181 33 304 190 213 230 110 138 299 63 286 135 136 77 316 32 123 225 241 163 222 279 239 260 259 44 176 127 308 195 182 194 277 214 133 22 42 10 296 275 263 204 168 311 303 284 89 29 112 147 187 8 184 75 16 231 108 28 142 223 175 125 5 53 14 313 221 268 79 80 151 65 73 115 4 246 7 149 146 102 43 : 4999.31
2 1 
1 149 192 182 281 306 197 18 49 155 317 10 233 263 190 58 298 224 62 56 186 76 183 17 59 205 296 257 292 204 94 79 100 34 252 221 276 299 60 199 214 211 278 206 177 116 318 227 109 14 113 41 279 250 132 28 145 310 230 254 222 287 191 127 114 44 188 61 294 282 290 168 305 46 120 229 259 253 84 262 203 173 126 93 156 135 195 301 312 5 97 48 2 122 25 208 316 200 45 202 124 297 166 172 66 300 119 125 26 315 260 137 226 121 110 75 11 53 70 88 210 140 261 215 111 286 288 273 277 272 184 29 54 216 171 234 147 258 223 36 180 115 90 39 269 220 232 255 174 6 82 271 264 134 225 247 251 85 285 295 102 86 117 198 308 136 236 185 95 302 30 98 71 20 52 21 101 157 154 179 103 74 77 19 284 304 96 104 256 24 303 57 68 152 141 159 243 78 217 89 194 129 207 283 63 64 42 15 50 150 106 13 275 245 167 67 249 99 289 107 4 143 313 164 266 139 108 22 146 81 47 31 241 151 237 201 189 309 265 218 219 40 161 193 169 158 242 235 280 187 314 128 9 38 92 73 80 27 238 239 72 123 163 144 160 270 51 23 35 293 212 231 118 213 130 268 105 170 175 87 142 112 133 131 267 291 196 83 274 33 12 69 176 37 16 178 162 138 209 55 3 91 307 181 65 8 244 248 165 246 240 228 311 153 148 7 43 32 : 5053.13
2 2 
1 317 150 127 186 279 221 46 30 20 183 181 197 61 97 226 302 203 114 134 48 291 268 220 261 315 144 271 141 285 118 125 249 213 196 99 21 199 272 313 190 189 307 223 147 191 158 209 237 250 206 39 79 121 297 308 260 233 54 301 14 218 289 53 295 3 56 9 25 107 259 276 201 165 7 2 316 59 50 148 179 76 180 288 131 318 236 138 284 185 71 89 155 229 64 252 193 70 35 208 292 102 152 169 215 290 67 96 310 273 275 258 63 257 212 51 266 140 312 16 41 90 135 117 81 119 222 151 184 314 31 246 270 100 188 265 282 55 129 254 37 253 304 296 170 192 187 211 239 247 94 92 42 68 80 124 142 163 243 230 214 251 133 23 6 24 60 12 86 111 15 293 194 75 103 10 29 19 27 66 132 300 294 98 77 274 306 173 49 104 44 115 280 195 93 303 84 126 18 174 120 157 73 85 227 202 178 65 74 47 45 40 256 166 232 161 241 26 154 263 287 171 200 305 88 262 248 228 36 172 106 143 82 22 105 204 269 234 207 164 281 225 175 235 32 240 217 149 91 267 176 101 52 298 72 108 33 38 4 283 224 57 238 244 311 177 160 11 130 245 139 110 69 216 210 145 128 62 87 153 162 13 136 146 159 95 156 264 299 255 123 17 34 5 43 28 278 78 122 8 277 116 113 137 112 286 168 205 309 109 198 182 242 231 58 83 219 167 : 5110.29
2 3 
1 44 75 87 89 97 91 63 21 33 53 96 98 316 94 100 198 99 67 39 104 161 179 168 277 295 118 183 34 116 235 289 88 127 147 143 210 38 70 49 80 68 81 232 288 208 125 108 131 40 28 2 31 209 117 187 155 132 121 292 113 239 214 222 318 310 282 284 311 272 65 56 5 22 6 92 62 164 51 76 169 193 252 248 213 259 290 302 306 95 29 72 79 317 55 254 267 253 156 313 293 298 219 223 227 244 216 114 220 141 262 119 165 130 15 86 106 217 280 194 256 249 275 234 225 258 200 206 82 46 17 36 19 24 111 123 251 233 238 218 294 228 242 271 291 186 171 301 285 175 257 261 315 77 60 137 115 11 30 18 101 74 45 37 245 145 190 184 266 247 224 236 13 50 202 201 287 23 144 150 159 180 152 166 279 312 192 243 139 126 135 160 153 90 58 283 162 157 158 133 163 16 43 231 270 240 140 286 246 230 41 26 4 211 9 3 25 20 84 102 64 151 195 263 167 27 59 35 61 149 138 129 8 103 12 112 7 78 307 174 71 32 52 197 304 278 177 105 85 73 260 109 215 269 128 146 142 120 229 250 265 226 268 299 309 264 148 48 122 308 203 83 182 191 178 181 66 207 189 173 172 154 241 276 305 281 273 314 124 136 110 212 221 255 297 296 274 170 199 134 47 188 196 69 93 10 237 57 54 14 107 42 176 185 303 205 204 300 : 3581.97
3 0 
1 11 129 87 259 315 262 6 8 124 244 112 50 4 215 233 272 300 196 290 123 105 70 145 180 281 277 45 104 260 131 175 168 172 197 152 39 221 222 202 273 88 130 223 73 30 139 314 258 293 84 89 134 219 176 85 264 115 5 51 63 19 248 95 171 297 251 166 135 301 318 227 242 116 232 15 212 241 61 55 79 266 163 302 249 186 252 32 101 40 200 228 159 230 54 246 309 69 316 263 294 160 313 304 44 42 117 220 270 162 237 247 66 149 208 216 317 308 278 305 276 91 47 209 240 312 310 192 194 156 187 255 279 72 151 41 65 96 265 164 231 13 284 299 280 153 157 211 188 206 97 58 225 100 74 102 311 257 201 177 286 289 94 167 193 250 77 12 36 99 98 261 191 17 111 86 31 190 52 29 64 37 90 169 154 56 185 283 76 236 137 59 75 298 60 33 108 120 214 268 68 195 148 24 43 254 271 205 303 48 114 203 199 226 267 138 256 245 26 136 181 287 253 165 238 295 9 178 234 140 34 150 22 23 306 133 179 224 49 161 82 71 80 2 10 18 25 184 53 182 81 143 125 35 46 122 282 16 204 155 144 141 113 158 78 132 142 269 92 121 217 239 218 109 67 243 174 307 285 126 110 118 189 210 213 103 21 127 147 93 198 173 106 128 291 274 28 20 27 275 292 183 235 3 38 146 288 207 170 62 229 296 14 107 83 57 119 7 : 5126.96
3 1 
1 57 73 266 95 31 201 170 229 308 318 259 80 59 210 61 93 121 129 124 193 120 23 21 302 6 25 134 163 272 268 146 204 12 53 176 168 299 3 111 205 88 194 81 33 5 17 79 165 47 317 106 63 161 130 26 151 56 46 171 114 8 149 110 241 215 119 86 153 69 42 37 9 36 273 275 251 185 182 159 239 144 116 112 214 133 125 131 172 257 238 256 309 62 167 232 213 107 132 118 310 169 123 200 233 179 158 289 44 211 139 235 314 246 166 35 27 20 242 208 230 19 173 97 92 291 67 198 143 183 18 32 247 219 270 226 298 313 60 192 188 135 231 71 187 304 265 141 30 75 100 126 78 98 164 209 108 14 39 10 49 96 218 55 76 54 128 287 99 306 140 223 122 145 180 127 11 77 24 288 277 282 250 138 245 264 195 197 66 28 152 184 103 316 155 154 249 278 203 89 190 29 244 234 286 276 297 303 186 45 295 217 240 85 65 162 70 269 260 41 94 84 102 160 222 236 307 224 38 115 311 305 58 189 292 271 91 15 301 285 72 51 50 157 293 261 181 267 253 283 227 243 74 156 83 274 216 177 2 113 4 150 279 290 280 252 199 191 228 296 34 147 225 300 284 212 178 136 142 43 22 13 175 52 137 255 258 263 248 315 40 64 101 7 16 148 262 104 294 281 312 117 90 48 206 207 105 82 196 68 174 254 221 220 109 202 237 87 : 4834.05
3 2 
1 68 266 238 169 253 152 6 36 14 277 285 293 12 178 146 292 213 91 308 51 61 80 265 261 222 241 232 117 53 108 212 13 116 234 109 199 306 310 283 147 50 69 105 162 295 288 297 87 301 76 298 158 29 183 192 137 34 98 194 45 104 159 196 129 242 240 63 75 206 144 208 209 289 255 309 291 198 93 103 73 254 205 4 257 217 186 39 40 150 121 2 275 226 271 251 250 311 88 223 218 157 110 22 44 189 214 231 47 294 33 31 200 314 252 155 268 139 267 221 224 123 215 86 67 15 25 128 27 246 166 219 154 180 100 173 32 151 64 83 318 170 211 256 172 99 57 262 290 118 120 204 122 190 201 28 203 210 81 315 153 113 46 140 216 133 24 191 312 175 243 279 269 259 303 276 307 79 92 94 193 207 168 43 164 274 132 18 58 165 258 90 11 163 134 125 227 239 176 248 260 302 71 161 197 42 149 237 263 236 272 16 112 126 195 70 30 131 316 184 174 3 281 89 20 96 97 95 78 8 54 38 148 145 160 278 225 188 282 59 182 114 228 127 130 167 202 37 115 7 72 304 229 138 313 187 26 119 177 317 247 9 41 23 85 106 82 74 235 300 280 270 284 60 21 185 19 49 66 245 135 171 141 77 181 65 55 84 264 286 156 56 305 143 35 142 10 124 48 17 111 249 5 220 244 52 287 230 179 299 296 273 102 101 233 136 62 107 : 5101.02
3 3 
1 2 186 208 185 268 182 62 18 25 13 22 28 217 111 116 31 7 79 43 103 17 19 176 284 297 309 314 315 178 144 179 162 204 193 199 267 257 305 299 207 237 272 143 310 114 125 141 142 170 225 45 32 105 122 81 84 145 113 9 117 211 5 108 160 47 240 39 36 190 87 161 167 44 57 80 48 316 11 29 102 104 150 195 289 286 287 292 99 101 21 16 95 64 59 50 183 91 69 120 306 308 262 275 261 249 250 246 52 139 282 66 41 68 77 293 121 244 269 247 242 126 82 35 231 88 164 280 228 273 171 212 260 256 216 218 109 243 173 130 151 159 270 285 234 226 283 224 258 232 153 112 14 37 94 127 223 131 124 233 12 110 140 222 235 263 215 219 295 26 4 75 92 188 169 180 307 300 294 276 241 221 138 128 255 168 277 85 73 203 196 93 71 154 209 252 236 245 115 200 304 210 133 214 129 107 106 40 30 147 230 313 227 118 119 163 174 158 301 281 265 290 271 298 192 198 311 296 278 149 65 189 187 8 3 20 51 49 76 100 89 157 10 24 197 72 251 181 302 201 98 67 53 46 27 78 83 86 97 96 55 165 264 152 239 279 291 253 274 177 42 60 54 63 135 58 317 134 23 61 191 56 184 206 132 136 15 6 220 194 303 205 266 288 254 229 213 248 318 172 38 175 155 166 312 148 90 70 238 259 137 34 156 202 123 146 74 33 : 3754.79
4 0 
1 7 11 20 23 29 32 31 41 42 43 57 317 50 55 56 316 45 51 61 183 188 190 187 182 203 204 205 307 193 274 283 273 280 272 162 156 152 159 150 155 154 39 145 133 135 137 34 38 149 153 210 164 60 65 66 94 206 95 87 70 74 73 64 72 69 81 90 89 98 99 93 96 97 101 102 83 76 86 75 80 71 85 78 82 79 84 91 92 68 67 77 172 176 186 174 179 195 194 185 184 178 180 175 191 88 100 202 207 196 197 201 177 198 189 181 169 173 161 168 167 163 141 130 121 122 110 119 225 313 242 233 238 243 246 236 231 140 139 241 118 220 222 219 213 211 212 218 314 263 262 256 251 253 249 270 318 271 275 304 310 305 297 298 285 284 276 291 279 290 286 278 281 294 296 299 300 309 308 199 306 295 192 165 269 277 287 170 292 282 289 293 303 311 200 312 301 302 288 171 166 264 265 260 268 261 259 144 143 215 214 223 224 229 237 228 239 240 232 216 217 109 221 230 234 235 247 250 255 248 245 244 227 226 252 257 254 315 266 267 258 148 157 147 158 160 134 138 127 115 112 14 117 108 116 107 4 106 126 35 125 111 5 13 136 209 146 151 142 124 114 123 129 128 132 131 113 208 120 17 26 49 59 105 62 63 47 58 54 52 53 46 44 40 104 37 36 25 28 30 21 22 15 103 12 48 33 19 24 27 18 16 9 8 10 3 6 2 : 946.844
4 1 
1 12 33 23 27 9 2 10 21 29 22 30 20 19 24 16 18 26 25 17 8 106 114 110 211 212 213 230 240 239 232 313 231 250 314 246 247 252 244 245 234 229 236 235 225 216 221 220 222 237 233 238 241 243 242 227 228 226 118 119 122 121 132 124 113 108 4 107 112 111 116 208 115 5 13 14 137 127 134 117 131 123 129 140 255 143 259 265 260 254 262 268 263 256 257 266 272 276 275 271 270 318 249 248 223 215 214 224 219 218 217 109 144 142 141 209 152 163 146 162 161 149 151 147 157 155 150 145 153 160 164 52 46 58 53 172 169 156 168 210 167 174 180 186 179 185 184 177 178 181 65 87 66 88 182 191 197 100 206 201 95 94 202 207 198 203 194 204 195 192 193 306 301 199 293 171 170 278 290 286 274 279 280 315 269 283 289 295 308 300 298 297 304 310 305 309 296 287 282 165 166 158 159 148 139 258 261 251 253 264 267 273 284 285 291 299 303 302 200 205 311 307 312 294 277 281 288 292 175 183 189 196 190 188 187 176 173 61 60 154 38 136 35 133 120 135 128 130 138 125 126 34 39 37 41 47 43 70 76 80 89 85 78 67 68 72 79 84 82 102 101 97 96 92 93 91 98 99 86 71 83 69 90 81 77 73 75 62 63 74 64 59 48 45 104 44 55 50 56 105 57 51 54 40 28 31 36 42 317 316 49 32 103 15 11 7 3 6 : 868.834
4 2 
1 6 11 7 10 22 15 20 30 31 21 103 25 37 36 24 33 19 17 18 27 104 47 46 43 44 45 49 40 48 54 51 52 41 42 50 57 58 53 66 183 177 178 181 180 179 174 163 149 148 157 158 167 65 176 173 185 186 175 168 171 165 170 293 288 292 294 308 309 305 304 310 298 297 276 275 318 270 253 252 262 256 251 237 234 229 236 235 228 226 227 219 222 218 213 215 214 223 224 244 245 248 249 271 263 267 257 261 314 246 247 268 264 254 266 255 260 265 269 166 277 290 291 300 299 303 312 307 200 306 311 205 199 302 301 193 192 295 286 287 282 281 278 274 289 296 283 279 285 284 280 272 273 315 258 259 144 147 151 152 156 159 160 155 145 39 35 38 153 150 161 154 164 60 61 62 74 63 89 93 102 97 84 92 96 101 91 71 78 72 68 105 56 55 59 317 316 67 69 76 79 82 73 86 80 83 85 77 64 70 81 75 90 98 99 100 206 197 196 201 202 207 191 195 194 204 203 198 95 94 187 188 87 88 189 190 184 182 172 169 210 162 146 209 132 122 121 123 119 118 109 110 217 216 212 211 221 220 239 238 313 230 232 231 143 250 240 241 242 140 139 243 233 225 114 113 115 107 116 14 137 34 126 208 135 136 134 133 125 117 124 138 141 142 131 130 129 128 127 120 13 112 106 108 111 4 5 8 9 16 26 29 32 28 23 12 3 2 : 745.773
4 3 
1 2 6 10 7 11 19 18 25 26 33 103 29 24 30 31 22 20 12 21 50 48 51 62 55 56 44 43 53 41 49 40 47 45 104 37 23 27 15 32 28 316 317 59 54 57 52 46 42 39 145 154 135 115 4 107 106 111 112 126 138 133 208 128 125 123 113 108 117 120 127 35 34 136 137 38 191 194 204 203 179 175 180 186 163 150 209 149 152 159 162 160 153 161 210 148 147 144 167 168 195 200 307 306 295 289 303 309 305 300 308 310 304 297 298 283 274 165 166 269 171 292 296 290 291 279 284 275 276 285 280 299 287 286 277 282 281 278 170 294 293 288 302 301 192 199 312 311 205 193 181 178 169 182 190 188 198 189 185 174 172 173 187 177 183 87 176 65 66 74 70 64 67 72 77 83 84 76 73 81 69 90 89 99 94 95 88 196 197 201 206 207 100 202 184 164 60 155 156 146 157 151 158 61 75 86 85 82 71 68 79 93 98 101 102 97 96 91 92 78 80 105 63 58 36 16 17 9 13 14 114 211 212 222 236 226 228 235 234 229 247 245 214 215 224 223 219 218 221 119 118 220 110 109 216 217 213 313 230 233 240 231 225 139 140 143 250 260 315 259 266 265 254 251 257 261 253 252 248 244 249 318 270 271 273 272 267 264 263 268 262 256 314 255 258 242 241 243 237 246 227 238 232 239 122 121 124 131 130 129 132 142 141 134 116 5 8 3 : 848.431
5 0 
1 202 265 171 167 232 259 78 42 198 209 24 33 208 59 49 205 100 74 298 151 199 105 71 201 47 20 2 124 26 7 45 116 98 258 179 119 112 295 80 137 39 40 68 190 291 307 130 147 263 181 69 268 280 228 262 142 115 65 316 85 30 29 182 174 257 237 123 148 238 77 63 96 194 312 53 290 102 70 226 309 230 215 32 6 95 192 176 107 272 34 36 293 306 266 89 177 35 93 185 191 25 207 159 162 213 212 120 160 216 157 99 133 281 315 81 83 131 251 144 260 110 141 211 127 118 313 217 136 152 242 286 164 31 154 61 94 128 12 103 104 318 169 243 172 52 58 50 9 125 214 183 72 67 223 276 299 168 82 23 218 106 222 235 300 54 203 129 250 173 56 156 55 301 245 233 11 308 292 175 13 92 273 46 139 143 134 122 155 303 90 285 184 297 256 76 153 252 163 200 261 44 239 8 37 43 57 121 22 38 109 220 126 253 249 274 247 166 187 27 267 97 51 111 227 284 248 91 264 146 62 210 234 188 287 204 282 302 255 113 161 150 135 221 3 240 244 271 180 66 158 231 41 254 140 21 138 28 278 314 241 206 18 79 317 304 294 310 225 48 289 87 246 279 193 311 186 270 236 178 305 101 17 269 88 197 60 108 114 75 64 73 84 145 149 86 189 117 10 16 14 4 19 170 15 5 165 195 224 277 283 275 296 196 288 132 219 229 : 5028.3
5 1 
1 149 139 283 96 86 277 35 5 312 44 36 45 8 171 194 223 310 241 303 79 98 269 106 136 67 10 101 51 69 266 295 90 50 158 236 271 210 198 203 102 153 148 113 155 146 290 301 61 76 92 230 29 114 226 115 187 268 192 60 176 218 107 112 129 185 87 154 22 242 262 302 100 82 53 59 9 212 103 188 161 285 238 313 54 7 14 56 150 93 42 65 287 318 73 208 20 142 89 81 99 272 261 37 15 317 49 168 270 43 2 220 296 133 160 111 41 55 62 13 280 173 130 152 159 293 11 71 78 119 240 190 278 215 196 108 6 40 284 109 211 80 83 4 237 177 165 140 244 225 72 258 246 135 19 17 289 46 260 75 253 281 70 300 169 265 147 34 120 117 251 52 24 131 141 183 91 74 249 122 298 304 199 221 94 127 95 193 156 145 181 189 247 124 164 314 178 275 217 291 58 12 288 306 305 201 282 228 118 143 104 64 39 125 231 222 308 166 184 144 316 25 23 68 31 307 294 174 38 121 128 105 27 18 227 274 229 191 84 213 32 263 232 167 250 3 63 186 200 197 279 162 195 252 309 116 243 276 257 47 175 202 172 299 224 267 245 134 66 204 286 163 214 110 264 57 97 256 26 28 21 30 138 297 151 255 254 259 311 88 207 123 132 16 157 126 234 170 205 206 273 179 48 33 292 180 235 209 216 219 233 239 137 85 77 182 248 315 : 5037.82
5 2 
1 127 236 240 271 276 267 31 181 220 106 4 10 200 42 142 118 246 88 2 22 3 109 227 265 277 132 216 162 53 126 47 7 50 103 35 52 161 194 139 226 193 298 174 38 5 12 262 256 11 80 90 134 173 179 156 75 73 89 289 279 55 186 92 317 202 108 225 187 18 146 60 15 295 131 29 213 26 24 67 273 141 69 291 312 275 304 310 110 170 125 128 34 111 116 49 230 219 154 229 114 32 65 159 294 153 268 58 8 158 251 123 305 145 184 166 77 160 247 282 66 201 23 188 138 112 261 119 63 144 6 302 17 307 87 9 36 272 71 309 255 40 83 245 151 287 137 258 43 257 100 288 313 301 78 91 86 124 250 121 270 231 206 212 249 253 129 107 190 84 252 208 51 46 163 199 155 223 20 104 149 217 237 248 278 300 70 93 292 318 68 185 205 61 54 218 140 97 56 45 13 28 207 96 62 224 198 195 293 120 85 79 296 180 152 283 243 235 197 130 176 210 172 150 143 182 157 27 113 165 204 299 30 264 311 196 274 269 254 290 148 192 167 76 25 115 169 177 39 238 303 221 233 263 308 41 44 33 14 48 105 286 284 72 316 168 37 211 16 215 242 285 21 57 59 102 281 94 228 244 306 133 260 203 64 222 135 232 234 214 95 314 297 81 178 82 98 99 147 259 280 266 241 189 122 175 136 191 183 101 74 19 117 164 315 209 239 171 : 5157.13
5 3 
1 228 253 140 190 128 236 147 184 79 278 289 292 306 258 124 67 71 72 78 53 139 14 120 45 31 33 103 115 106 212 110 250 318 284 199 307 281 204 242 108 15 134 5 129 259 288 303 61 68 81 161 27 41 49 42 133 135 47 10 137 18 37 40 28 208 127 38 132 136 111 13 114 142 263 261 215 246 143 169 62 85 96 206 174 207 88 82 187 92 98 178 254 311 274 294 286 189 75 148 260 257 270 276 191 183 300 302 192 194 268 315 267 275 217 220 231 126 226 230 265 314 247 66 150 101 317 203 83 57 218 233 34 36 316 63 86 77 48 251 256 264 280 200 35 171 282 116 168 163 164 105 99 87 102 201 50 74 160 125 131 154 181 232 238 223 285 237 229 109 216 205 313 255 283 117 153 11 180 193 173 185 308 297 299 235 210 70 46 56 155 162 60 293 121 141 138 209 80 30 32 58 54 188 122 130 4 29 12 3 25 248 245 151 198 310 287 290 219 172 159 6 24 94 89 145 156 146 176 100 304 298 179 95 90 202 64 69 93 8 7 44 39 9 17 19 104 52 2 59 239 221 118 252 243 211 214 266 157 241 177 55 240 152 167 272 224 113 197 182 225 222 213 144 65 73 119 166 234 244 271 262 291 269 165 309 279 123 301 312 196 305 249 227 16 51 149 186 195 296 295 175 76 91 273 20 170 277 158 23 107 22 112 84 97 43 21 26 : 3540.68
