0 0 
1 6 7 15 20 28 104 25 46 55 43 19 26 17 13 251 244 224 214 123 128 117 108 153 161 61 60 100 197 187 87 66 99 96 101 81 74 75 69 162 169 301 293 292 286 311 179 173 92 86 73 65 63 72 67 84 83 91 89 184 198 194 193 312 303 296 284 248 285 274 276 283 297 259 272 199 291 266 258 265 144 146 152 155 185 204 174 192 306 205 302 171 178 210 159 181 191 183 164 203 88 24 12 103 30 31 32 49 105 154 156 196 190 93 77 102 78 71 98 97 207 95 62 201 206 94 90 188 182 189 157 255 271 270 275 304 299 263 262 257 240 234 238 243 211 217 113 278 245 247 249 215 260 267 280 281 165 166 168 195 186 160 150 145 39 316 317 68 56 57 44 54 41 52 51 48 50 58 59 82 80 76 163 141 142 232 139 143 282 175 177 167 180 172 308 298 254 314 223 216 268 290 170 237 219 227 241 118 130 122 253 256 288 289 307 277 158 151 261 229 222 109 119 269 230 318 252 121 208 127 135 149 147 148 236 242 233 226 264 315 309 200 294 300 295 176 47 36 37 134 133 38 53 132 129 115 124 138 120 137 18 16 27 42 35 136 34 209 125 126 111 106 107 8 2 10 11 21 22 29 23 33 40 45 79 64 85 70 202 305 279 287 310 246 235 228 221 212 231 218 213 131 110 313 114 140 273 250 239 225 220 4 112 14 116 5 9 3 : 1880.49
0 1 
1 10 11 21 22 29 30 23 31 44 80 172 295 292 175 60 183 90 93 105 83 48 57 40 33 27 19 26 36 37 52 38 145 197 196 168 108 121 133 160 164 35 154 153 210 167 234 251 230 237 225 232 119 252 246 247 249 318 280 250 256 248 214 218 236 215 238 242 243 313 221 143 144 258 115 116 3 16 24 25 18 17 14 13 134 138 113 125 141 152 162 177 187 180 169 77 78 72 67 59 50 32 28 103 20 8 4 112 111 114 128 208 140 241 269 274 272 304 297 300 285 284 305 303 302 307 309 291 286 275 278 282 288 171 299 298 271 192 293 263 220 216 222 229 259 231 130 34 126 122 150 161 155 157 158 296 301 206 94 159 39 46 49 56 55 54 75 174 195 194 181 88 100 86 96 98 102 84 69 64 73 97 101 79 76 198 184 178 186 312 310 273 268 131 118 211 109 5 106 107 117 124 240 212 139 127 135 120 151 148 156 142 146 209 136 137 132 147 165 287 199 170 185 190 173 61 66 89 316 317 202 92 91 203 204 179 311 193 308 294 166 253 245 266 315 265 227 228 270 281 276 267 223 224 123 217 289 244 213 219 110 226 233 235 239 260 262 254 261 255 257 314 279 264 290 277 306 205 200 191 182 189 65 188 43 41 45 71 82 68 74 207 95 201 62 81 85 70 87 99 63 53 58 47 104 51 42 176 283 149 163 129 9 12 15 7 6 2 : 1816.88
0 2 
1 7 6 10 11 15 22 29 103 21 31 104 43 52 58 64 84 101 196 187 182 195 186 180 198 204 203 193 294 301 308 309 286 273 287 314 259 284 269 315 275 276 299 253 267 258 245 254 250 171 278 165 260 261 252 215 237 239 109 117 221 222 228 248 249 218 243 265 266 163 162 168 158 173 94 201 183 188 189 194 207 75 86 93 97 102 184 289 279 302 256 295 281 277 280 292 288 257 226 247 122 134 157 246 230 242 217 107 4 236 241 213 200 199 306 177 87 95 99 90 96 98 197 92 68 89 74 210 154 137 136 25 26 17 18 16 8 106 115 112 111 13 14 120 116 108 231 118 119 274 291 296 166 146 151 161 132 123 113 220 216 212 225 232 34 139 147 209 142 60 191 69 37 39 61 179 148 131 129 130 235 219 224 233 240 313 214 223 227 238 143 283 293 285 303 71 317 316 48 78 57 50 40 49 45 70 46 41 30 33 23 20 32 28 56 38 35 150 156 152 149 135 42 47 51 54 44 24 36 53 85 63 83 79 62 19 27 12 3 9 5 208 234 229 144 263 298 270 272 170 300 268 311 205 178 175 192 145 153 66 206 100 88 202 190 176 65 172 160 169 185 155 159 271 318 255 141 121 125 126 128 138 167 164 181 174 262 140 127 133 124 114 110 211 244 251 264 282 290 305 297 310 304 312 307 73 59 72 80 76 81 105 67 82 91 77 55 2 : 1813.57
0 3 
1 7 6 20 23 24 25 17 316 317 47 61 169 183 275 287 298 301 166 158 238 132 114 109 211 229 262 260 255 267 273 269 289 284 296 293 195 204 307 312 288 193 290 279 171 175 200 198 194 174 306 311 302 292 146 210 150 149 178 190 182 188 202 206 95 66 164 314 218 118 113 129 33 22 11 104 27 49 55 62 73 72 101 78 71 80 63 46 53 160 154 87 69 105 56 48 45 40 32 216 217 222 227 236 246 250 153 147 60 77 82 96 59 64 81 74 75 86 79 52 51 145 156 186 199 88 39 291 300 308 179 157 163 161 155 151 148 152 168 176 201 196 184 177 90 54 58 34 127 136 131 137 35 126 37 41 36 50 57 15 10 12 16 5 123 230 225 212 119 110 117 121 133 130 243 141 120 108 220 213 242 143 232 221 239 226 240 231 313 233 235 228 167 65 180 294 297 309 205 192 278 277 282 276 270 245 318 272 283 303 271 285 266 237 128 124 115 116 106 4 18 21 103 28 30 31 97 99 91 197 100 203 185 181 94 67 102 207 191 241 248 224 215 234 139 122 112 111 13 14 19 26 43 173 189 98 93 89 44 42 70 172 165 261 253 254 265 170 281 295 280 315 162 159 187 92 76 68 84 83 85 38 135 142 144 140 259 244 219 223 214 256 258 252 249 247 251 268 257 264 263 274 304 286 299 310 305 209 134 125 208 107 138 9 8 3 29 2 : 1849.74
1 0 
1 31 30 32 33 28 23 20 15 12 41 42 98 94 92 194 198 308 282 166 307 286 302 294 298 171 190 95 196 207 69 185 169 61 154 161 153 149 168 100 201 88 206 188 184 173 47 44 46 58 71 83 70 60 210 62 74 80 77 68 67 76 96 81 90 75 72 57 56 99 204 200 175 167 148 36 17 14 121 123 208 117 112 111 106 107 4 9 8 3 120 135 209 157 147 146 38 181 178 172 65 162 151 255 160 163 145 136 114 113 128 108 39 37 5 13 34 35 132 130 115 116 137 127 129 138 158 142 256 251 272 257 244 229 225 124 152 150 64 73 89 91 101 97 93 87 189 174 186 301 295 309 299 290 192 312 287 285 280 279 253 284 305 303 311 310 304 300 289 223 214 245 228 246 270 297 276 267 183 63 59 317 43 27 24 19 18 25 26 16 22 29 104 40 48 105 78 84 82 51 50 45 49 55 316 86 79 102 202 182 306 291 275 296 205 159 164 155 140 243 261 315 318 273 143 170 277 193 195 203 179 144 264 236 218 222 220 217 110 122 126 125 141 265 252 271 274 199 269 292 258 313 139 230 221 219 211 109 216 213 237 314 266 259 165 283 293 260 250 263 249 239 247 248 240 238 215 224 234 232 241 119 118 134 53 52 54 85 180 176 262 227 233 231 242 254 212 226 235 268 288 281 278 187 66 21 103 7 6 10 11 197 191 177 156 131 133 2 : 1813.5
1 1 
1 7 6 10 28 25 137 147 233 236 230 220 217 240 121 39 38 286 304 215 232 239 242 243 222 245 223 214 226 228 244 227 252 275 276 273 274 289 287 284 296 285 291 283 310 256 295 293 205 184 176 183 66 59 74 79 83 84 86 78 71 57 104 30 8 3 106 107 37 209 46 54 42 33 62 68 67 91 92 97 76 101 98 95 90 69 72 55 51 27 26 24 19 16 9 17 18 20 103 21 31 15 11 5 4 133 117 124 132 110 216 211 218 234 181 65 189 190 173 172 200 311 193 170 144 210 164 127 125 150 160 155 156 139 119 112 115 111 13 14 116 114 219 213 238 224 235 254 250 255 268 249 261 262 269 294 299 279 292 297 305 277 179 174 180 175 307 301 204 203 196 94 206 207 88 87 187 169 188 198 142 141 145 140 199 195 264 271 318 298 280 308 166 161 130 126 154 153 148 266 165 302 185 77 50 49 317 316 45 44 58 56 36 32 22 29 23 52 60 61 197 157 163 177 281 253 246 267 315 263 247 237 229 231 313 109 212 208 34 35 120 136 134 149 290 159 151 178 123 131 113 122 135 128 129 138 108 118 241 225 221 257 248 270 251 158 162 152 167 182 194 288 192 186 191 265 143 259 314 258 260 146 168 171 278 282 303 306 312 309 300 272 100 202 201 99 93 102 96 89 81 70 82 64 85 63 75 80 73 47 43 41 53 105 48 40 12 2 : 1669.19
1 2 
1 6 7 36 33 30 20 46 316 102 99 90 51 55 56 73 175 174 302 289 203 250 265 210 206 207 286 298 315 151 150 209 181 177 201 189 164 74 87 182 183 81 146 26 24 27 19 49 82 93 89 66 196 85 97 92 101 96 197 180 188 173 307 312 291 283 295 166 167 162 138 123 225 221 230 238 213 239 117 217 220 216 234 229 237 227 224 226 215 218 228 243 254 248 249 245 223 251 143 292 273 271 280 255 147 152 145 179 53 153 61 160 163 269 253 232 240 118 242 287 260 236 252 235 241 233 314 275 263 246 247 267 294 171 261 109 38 127 34 35 37 57 159 185 94 91 98 86 105 54 47 84 64 288 192 193 200 204 169 5 4 107 106 108 111 120 124 128 134 15 29 32 40 317 95 68 67 78 80 88 190 187 194 178 202 52 41 14 112 25 23 11 28 31 17 18 8 12 16 3 9 70 69 195 186 301 306 300 296 278 277 276 305 308 311 199 72 104 103 21 22 44 130 141 139 148 13 136 137 135 126 39 43 42 58 59 63 161 256 282 259 257 140 219 214 244 313 222 212 110 211 113 114 231 119 122 121 129 132 142 116 115 208 133 149 157 158 154 125 131 144 258 268 279 272 284 281 205 170 165 264 266 303 309 293 262 299 270 318 310 304 290 285 297 274 176 198 191 168 184 172 100 76 79 77 83 75 62 65 60 156 155 71 50 48 45 10 2 : 1919.38
1 3 
1 3 9 17 18 35 146 252 249 227 225 221 148 136 208 142 213 211 109 218 212 224 234 240 231 274 285 298 318 214 248 223 246 243 238 259 239 118 220 216 217 110 219 222 122 123 121 120 155 160 156 23 28 21 11 20 24 27 37 164 61 63 64 77 92 71 79 78 58 41 19 29 55 50 112 106 108 34 134 117 113 4 5 8 119 254 258 171 286 287 306 299 280 279 38 210 76 59 104 269 257 268 260 163 158 151 317 316 10 48 68 67 40 99 70 62 73 86 84 188 87 98 75 90 101 96 102 97 83 89 74 81 105 57 49 51 44 47 43 56 45 126 13 138 16 103 39 157 66 159 182 167 278 199 197 162 139 228 255 241 215 272 283 270 273 261 250 276 297 290 307 194 176 175 186 302 289 301 293 191 189 177 173 174 179 168 315 284 267 271 304 295 296 282 165 192 180 292 294 309 205 203 207 206 201 100 95 195 312 310 143 277 264 265 262 135 125 114 115 116 130 140 242 232 313 145 161 169 183 204 94 190 69 80 54 52 46 42 202 196 198 181 154 233 230 131 129 133 128 127 141 144 244 245 314 236 226 229 235 237 247 251 253 256 275 291 193 200 178 88 166 266 281 311 305 288 308 300 303 170 152 209 147 263 187 72 53 85 82 91 93 33 32 30 31 22 12 107 149 153 172 184 185 65 60 132 111 14 150 124 137 36 25 26 15 7 6 2 : 1902.77
2 0 
1 92 99 77 74 102 54 85 84 94 306 100 314 216 219 224 254 147 194 283 244 39 17 107 20 150 294 260 189 191 158 247 131 129 221 313 243 126 63 14 36 37 177 149 210 307 246 259 197 165 57 316 143 116 169 5 134 133 164 68 65 128 152 112 108 287 261 265 292 239 90 317 49 91 311 145 290 144 97 66 96 192 81 75 174 154 34 302 35 80 297 56 141 157 41 279 153 98 120 8 4 124 170 167 289 22 24 26 13 234 257 86 201 198 61 237 118 42 204 208 62 50 114 211 253 271 256 312 273 206 30 300 272 180 282 231 12 6 89 119 155 47 136 245 123 156 226 305 281 293 318 3 205 298 103 19 207 295 241 255 46 2 29 70 69 190 264 40 11 10 15 179 178 182 44 214 135 139 43 173 106 111 183 33 27 213 315 79 142 64 138 151 277 28 122 222 187 202 87 137 127 88 95 83 7 252 21 105 229 196 161 93 225 270 310 72 284 195 67 32 276 31 251 269 132 238 23 217 162 125 9 38 258 184 16 78 203 275 55 209 185 227 232 301 266 200 223 250 249 242 71 113 188 82 25 117 140 104 285 296 263 176 172 218 166 299 101 304 73 146 51 18 52 181 236 228 262 163 280 48 274 58 53 308 186 121 220 233 175 215 171 212 193 240 267 235 110 45 59 303 115 230 278 309 109 130 268 286 160 76 199 248 291 168 159 148 288 60 : 5019.33
2 1 
1 52 58 102 295 300 236 230 117 134 112 137 229 180 269 76 92 56 29 239 35 310 87 7 110 175 278 221 85 301 50 83 99 305 207 108 143 267 250 206 280 59 86 283 234 294 94 232 20 213 251 193 233 223 253 164 312 178 91 215 93 100 98 28 246 82 10 89 12 149 125 45 124 81 24 70 272 67 31 255 126 48 218 165 307 263 163 176 257 202 95 220 211 34 18 303 289 187 188 22 158 157 155 72 168 228 226 210 46 299 311 36 241 288 25 150 154 231 306 184 256 30 13 156 160 284 194 113 177 138 259 174 290 120 2 261 139 53 209 183 39 130 145 136 19 14 123 265 237 111 274 185 77 74 122 38 216 116 115 109 128 44 42 23 291 281 262 96 75 6 49 135 21 17 40 190 119 189 11 78 296 318 60 57 101 63 79 254 304 268 144 314 153 167 142 195 27 159 90 146 68 182 201 9 105 51 205 302 199 132 84 73 133 208 258 252 88 222 271 287 270 245 235 219 279 315 298 212 243 3 47 297 238 292 276 240 316 33 55 104 248 61 247 148 196 65 118 106 114 5 4 8 41 103 161 293 179 172 203 69 214 260 121 129 170 242 151 26 225 286 264 275 192 181 127 308 282 152 147 317 62 244 54 43 64 16 285 277 273 166 15 197 309 249 217 227 71 97 169 171 200 141 131 107 224 37 32 66 266 162 80 186 173 204 313 198 191 140 : 5015.99
2 2 
1 111 132 123 255 98 249 95 241 221 92 138 174 175 137 313 302 213 278 295 89 45 97 64 78 317 67 53 76 52 44 37 3 180 167 58 159 30 130 134 29 120 140 115 192 212 74 261 201 81 68 70 164 209 4 244 77 79 144 214 59 119 311 148 146 287 133 75 65 139 223 259 243 239 186 245 22 72 227 208 229 177 189 218 162 127 299 20 294 114 107 268 310 183 211 35 305 28 87 104 154 155 33 219 267 47 269 230 217 191 102 222 42 82 263 40 39 187 131 275 264 288 233 105 199 300 304 32 51 55 93 228 168 184 158 169 256 265 149 301 196 125 194 206 152 109 8 260 136 142 315 173 197 147 94 195 112 49 43 193 101 216 88 122 113 36 34 237 296 170 17 160 38 188 116 23 135 163 11 124 252 226 254 257 283 258 271 277 18 9 182 46 248 5 126 200 205 41 99 100 176 90 141 121 235 220 274 316 57 25 12 96 50 215 118 166 273 318 282 178 185 71 31 190 6 7 117 62 225 165 307 262 309 297 247 143 242 276 171 150 10 210 285 303 73 172 292 314 15 48 26 251 207 85 24 272 60 238 224 308 179 61 157 181 232 279 231 289 298 253 246 128 108 281 204 91 54 27 266 129 83 202 306 198 63 270 280 66 293 151 250 103 80 84 153 14 161 203 56 110 16 106 234 290 240 236 286 145 21 312 156 291 86 13 69 284 19 2 : 5136.85
2 3 
1 313 141 92 88 172 190 62 69 67 41 16 25 314 255 183 268 76 310 304 215 229 106 114 9 139 318 301 75 104 149 86 216 281 290 263 254 212 220 187 292 160 146 259 121 123 243 240 120 108 307 208 133 260 245 283 275 170 286 271 38 42 54 50 59 27 19 28 20 32 26 34 180 166 109 127 118 161 176 194 197 248 226 72 162 47 45 30 21 29 15 201 168 103 63 152 156 274 205 164 73 51 8 111 131 267 184 247 253 136 97 269 276 46 167 143 140 116 13 239 155 70 80 223 264 224 181 300 82 71 96 64 74 296 186 171 214 192 289 144 282 250 159 200 169 154 251 210 117 14 17 18 37 147 277 279 235 231 222 270 302 203 228 142 138 262 257 145 177 163 150 107 225 119 294 285 309 195 258 173 35 55 24 33 237 130 132 4 230 315 151 157 125 291 126 49 122 94 83 89 93 165 293 61 219 297 174 137 284 87 265 303 202 78 81 40 68 98 66 36 148 158 188 90 189 110 23 7 2 39 115 232 112 11 179 298 227 175 100 306 6 10 22 31 58 57 52 91 206 204 95 198 256 249 244 273 128 196 44 102 79 101 316 56 53 317 65 185 124 84 12 5 113 278 252 288 272 308 246 213 236 238 242 60 191 295 77 105 85 207 153 129 218 287 241 233 178 305 182 299 311 199 209 193 280 135 43 217 134 261 99 211 221 234 266 3 48 312 : 4070.36
3 0 
1 128 125 147 259 282 299 224 178 271 275 257 230 117 216 239 288 35 187 255 279 254 139 191 296 173 202 86 72 45 15 30 199 140 207 281 13 108 9 172 160 113 293 197 32 29 28 25 154 276 94 53 298 220 315 209 193 272 318 267 138 135 261 312 297 81 188 206 292 283 236 240 121 258 110 8 104 23 44 211 37 204 246 223 90 208 18 78 168 249 112 54 192 132 93 58 106 61 145 46 100 306 143 77 120 155 263 42 127 26 265 212 97 294 309 179 217 60 316 101 79 75 307 34 180 137 39 116 303 291 301 200 95 43 24 166 176 205 148 274 170 69 66 237 264 219 287 4 221 310 300 280 290 98 64 181 51 119 114 235 50 144 164 222 256 59 12 27 150 157 186 225 313 158 198 251 244 68 74 277 248 55 165 245 229 250 247 31 109 227 96 189 85 102 57 76 184 311 153 151 314 243 289 40 67 70 210 36 284 226 238 146 118 305 304 122 134 71 152 241 203 163 195 231 62 20 21 10 2 16 103 234 308 124 5 232 133 6 7 82 99 201 126 161 171 278 286 182 167 56 73 19 14 215 175 242 80 87 3 111 183 162 194 149 196 266 156 105 38 218 131 52 89 129 130 92 22 17 115 88 317 83 48 91 269 63 142 123 11 47 185 174 268 169 252 253 49 159 107 270 228 41 262 141 273 190 65 285 302 33 260 84 136 233 213 295 177 214 : 4806.25
3 1 
1 49 56 45 169 255 267 24 211 90 186 156 238 5 146 61 121 287 277 226 8 123 159 68 96 130 254 256 86 228 232 262 284 257 252 175 66 261 19 292 207 280 161 208 193 229 286 266 106 32 258 163 283 304 202 185 203 178 87 312 44 151 213 177 253 235 82 34 58 153 41 194 74 100 313 25 113 105 62 46 127 57 47 38 63 236 223 89 79 117 222 212 220 93 179 67 14 126 132 155 195 110 290 281 272 297 270 198 122 315 143 310 242 278 95 91 295 269 190 116 111 160 147 199 144 131 115 36 165 27 318 237 17 134 294 218 275 276 170 271 81 92 176 173 263 296 305 230 291 234 204 309 77 191 13 76 48 15 88 71 16 299 187 54 28 104 210 40 94 307 239 259 224 168 264 75 53 50 140 164 317 125 172 152 316 23 39 142 129 245 311 301 298 248 85 78 250 217 300 273 120 138 135 314 231 99 268 3 52 162 282 148 171 214 83 70 209 4 139 285 73 303 306 221 247 12 293 205 241 35 26 114 279 101 274 196 119 308 55 200 103 243 244 289 51 29 33 108 118 215 84 37 60 145 302 158 22 11 6 10 20 260 166 240 184 249 18 154 246 2 30 201 128 80 182 251 157 189 141 107 192 65 227 225 69 7 149 206 180 124 183 197 181 288 9 112 133 219 137 150 21 216 42 188 72 136 59 31 43 98 167 102 109 233 265 174 97 64 : 5059.8
3 2 
1 134 113 155 187 81 183 171 175 268 256 111 108 106 135 34 43 61 26 269 219 107 64 216 223 249 240 272 279 263 169 127 50 23 297 152 88 59 12 280 85 133 244 123 27 83 251 275 214 226 24 101 197 63 237 104 209 247 180 65 150 193 58 103 194 94 28 53 21 15 48 292 75 105 116 151 264 190 313 238 55 168 86 294 276 298 274 98 157 77 179 278 138 95 69 109 227 122 246 254 139 253 290 177 228 195 258 265 78 159 307 4 288 41 143 212 314 236 164 270 205 174 147 47 32 66 57 33 54 260 261 243 121 14 188 285 309 206 293 161 9 96 248 145 311 203 170 224 3 8 225 271 306 181 153 182 90 97 67 117 146 277 136 45 91 70 262 295 71 16 126 252 242 49 317 37 208 42 25 52 303 229 31 140 132 239 142 165 154 267 56 84 35 68 137 112 144 172 120 255 46 211 230 20 92 36 304 232 124 160 185 99 318 148 158 163 189 233 283 299 296 218 316 305 199 291 234 141 257 273 289 201 87 200 178 128 259 74 166 10 6 7 5 118 315 38 115 250 281 300 196 82 40 282 89 39 119 44 198 11 76 100 220 149 60 131 19 2 266 162 192 13 30 93 207 221 62 222 176 17 231 287 215 241 129 110 114 310 204 80 284 210 72 51 213 184 186 102 79 191 202 312 286 308 173 29 167 301 302 73 235 217 245 130 156 125 22 18 : 4925.3
3 3 
1 19 27 166 100 177 71 93 59 74 102 202 196 311 153 164 288 251 87 174 171 80 86 207 88 258 282 54 101 90 187 277 285 276 266 219 215 236 129 119 278 186 205 137 145 155 14 36 37 79 76 67 91 139 230 198 197 204 172 214 140 138 313 50 316 295 82 68 62 157 154 273 194 263 242 232 268 249 179 33 195 83 125 77 75 3 248 296 110 229 309 289 103 30 65 168 228 15 12 152 38 51 191 256 302 159 287 199 190 305 301 188 46 41 64 235 243 224 226 200 279 156 260 312 161 142 66 106 42 213 212 245 47 173 300 292 158 114 265 225 117 252 24 99 32 23 18 43 78 283 162 13 5 116 34 176 275 262 315 209 170 180 181 299 165 231 192 290 294 240 131 127 148 239 254 8 134 107 109 241 255 272 304 250 293 98 97 72 203 286 189 53 210 35 95 178 55 84 182 167 211 306 308 274 26 69 44 244 297 291 130 112 216 120 128 318 4 147 193 169 144 261 270 85 73 222 111 9 264 143 133 25 115 58 108 122 146 126 123 220 238 185 57 113 317 31 10 7 2 6 11 22 21 29 20 160 136 94 92 175 237 227 280 223 218 221 121 150 28 49 52 61 206 96 163 259 135 105 303 307 298 269 149 208 271 267 217 246 124 257 118 132 234 314 141 56 104 60 310 184 89 40 81 201 151 233 281 284 253 247 70 45 16 183 48 39 63 17 : 4040.59
4 0 
1 6 7 10 25 18 222 231 232 273 310 305 279 290 303 292 171 277 205 203 198 207 201 95 183 159 148 34 134 141 240 217 260 272 304 282 263 265 266 253 149 156 209 132 113 138 210 39 37 27 24 28 11 40 21 30 41 42 74 67 46 51 92 96 188 185 296 299 308 293 264 271 275 291 257 241 118 243 212 109 114 111 112 124 38 145 154 155 163 166 286 298 270 170 172 60 169 164 153 162 158 288 274 258 259 239 213 110 221 216 238 234 254 228 237 143 142 146 151 152 58 59 83 80 84 86 32 20 12 26 17 5 9 8 3 56 105 63 62 173 176 190 99 187 189 65 53 50 49 45 316 317 82 78 89 87 191 88 195 307 179 178 204 295 130 127 136 116 129 121 122 261 251 214 211 230 215 218 224 223 244 318 276 165 269 200 52 23 103 16 31 15 29 22 48 43 167 161 168 180 193 311 199 300 256 246 242 219 229 247 287 186 306 309 312 181 197 202 184 177 252 250 314 267 255 140 147 160 174 100 93 61 81 77 72 69 70 90 196 194 302 301 297 315 262 278 285 157 249 280 248 245 227 226 233 313 225 220 192 283 284 294 289 281 175 98 73 91 97 79 68 76 85 71 75 102 101 66 206 94 182 144 268 139 236 235 119 108 107 125 14 13 115 137 35 117 135 126 128 133 131 123 106 4 208 120 150 55 64 104 44 54 47 57 36 33 19 2 : 1823.28
4 1 
1 106 107 108 110 213 220 235 257 151 156 150 210 178 195 199 174 294 170 204 293 226 224 271 255 243 253 267 262 270 166 258 259 292 278 301 311 287 318 214 218 219 118 250 246 238 313 227 247 265 251 314 260 171 241 119 237 142 112 5 4 111 14 117 208 120 122 114 217 212 215 249 252 244 275 254 144 168 179 296 297 302 203 186 181 161 145 123 121 135 125 113 221 225 240 229 211 228 140 131 128 127 139 163 38 39 148 222 216 109 236 149 154 83 92 102 73 70 64 80 91 101 196 95 87 88 81 183 61 207 169 176 187 180 194 312 299 298 300 165 285 280 289 197 164 160 172 159 157 146 136 137 132 133 115 134 126 17 19 45 48 55 85 152 167 37 32 33 29 23 31 30 104 49 59 105 15 153 155 147 283 290 284 273 310 309 308 303 306 200 182 202 93 84 90 74 89 99 63 65 58 46 43 41 209 232 177 198 206 100 94 86 189 60 185 191 158 130 261 141 138 35 34 68 50 316 40 52 54 47 44 56 72 79 98 97 71 82 78 96 188 190 173 175 162 276 304 286 184 201 51 42 116 3 8 9 13 129 124 242 266 282 274 205 307 143 264 269 277 315 268 248 263 231 245 223 230 239 233 234 256 305 291 272 279 281 295 193 192 288 66 76 67 69 57 317 77 75 62 53 25 26 18 16 28 20 12 22 21 103 24 36 11 10 2 6 7 27 : 1879.8
4 2 
1 12 9 24 53 79 52 103 33 22 29 15 47 58 49 40 30 23 21 20 104 45 67 72 82 85 84 86 77 97 62 19 27 32 25 18 17 131 154 38 35 255 281 283 285 290 282 293 199 302 278 204 169 186 179 180 168 225 151 136 128 127 133 132 268 259 314 144 279 298 301 200 277 292 170 166 239 243 235 213 242 135 134 145 209 61 42 36 26 16 8 108 122 113 114 118 140 258 254 257 303 310 305 291 177 174 141 152 160 203 95 88 178 307 299 309 311 297 304 295 192 205 253 256 227 313 212 220 109 217 211 110 221 216 229 262 263 130 231 236 247 286 273 300 276 153 155 147 264 251 228 222 230 232 125 126 137 13 116 208 143 244 261 252 246 271 308 296 288 284 267 265 315 171 183 74 64 105 56 43 46 41 44 50 48 76 68 59 55 54 51 69 66 98 83 78 91 89 138 167 100 206 63 70 198 202 193 191 194 60 156 149 65 121 5 4 106 111 112 115 120 146 210 158 159 238 249 219 215 214 218 226 224 233 272 260 270 248 280 289 175 185 165 266 269 275 318 237 223 245 234 119 240 241 162 163 157 150 187 172 182 197 312 274 34 164 173 189 139 250 287 306 294 207 201 195 188 87 181 161 81 73 71 92 101 102 96 93 80 196 94 184 176 190 75 90 99 39 129 123 142 124 148 14 107 117 37 317 316 31 57 28 11 10 2 3 6 7 : 1847.85
4 3 
1 3 8 5 106 112 111 117 115 140 139 236 219 212 247 256 264 267 192 193 205 292 290 274 294 311 308 298 302 306 191 201 102 97 61 164 157 151 162 154 148 158 38 129 147 67 55 47 52 54 85 99 174 146 303 309 296 293 266 273 257 315 199 88 94 202 190 65 301 269 250 216 109 215 122 142 278 281 203 100 185 176 184 161 159 156 152 150 209 189 187 181 175 178 312 300 310 304 282 168 169 177 173 186 87 51 134 135 124 141 144 143 251 265 270 214 223 244 249 218 119 242 132 123 125 108 107 126 13 14 208 20 10 11 15 103 26 17 18 16 12 30 25 27 24 316 317 58 32 105 60 197 207 155 153 34 149 163 133 138 35 131 130 220 222 114 121 128 136 120 116 43 28 63 59 93 72 101 53 46 41 37 39 4 9 19 183 188 182 180 195 95 194 283 288 200 248 271 268 263 252 165 254 234 238 232 221 118 239 225 313 243 213 227 295 285 279 291 259 272 284 179 307 166 277 289 287 241 127 137 113 110 211 231 233 240 229 246 235 280 297 299 275 276 318 253 262 258 260 237 255 228 226 245 224 217 230 314 261 170 145 98 42 36 31 33 44 50 62 48 104 40 57 45 49 71 82 74 198 206 196 204 305 286 171 210 160 167 172 66 75 70 69 81 89 90 86 84 77 76 56 64 92 68 83 73 91 80 78 96 79 22 29 21 23 7 2 6 : 1808.88
5 0 
1 6 7 83 206 288 254 313 232 169 134 148 26 269 270 25 126 104 63 123 40 202 129 204 256 215 308 231 306 17 8 98 152 21 36 298 311 247 191 69 121 245 44 193 214 115 4 112 185 203 197 27 29 23 223 309 310 198 248 187 66 82 12 68 19 24 312 5 116 110 299 153 147 318 183 221 100 290 43 194 181 196 18 57 73 105 32 55 81 77 91 284 76 52 317 64 80 37 41 75 72 97 201 303 304 277 260 39 251 163 119 133 35 242 132 108 219 157 265 136 278 272 130 111 216 208 286 291 146 190 145 150 170 283 244 250 261 14 235 213 113 85 92 273 34 138 114 224 287 151 143 127 118 207 220 139 53 210 79 117 46 176 297 109 276 90 315 31 61 30 11 307 48 15 135 59 103 184 101 217 282 168 264 279 167 58 86 237 275 239 268 274 252 20 107 174 88 99 296 142 316 125 281 162 218 84 89 65 149 253 246 179 226 295 236 225 289 241 233 54 28 199 209 106 161 96 175 16 160 285 93 195 271 33 200 305 159 301 141 266 67 156 259 234 300 182 166 13 3 128 144 243 255 51 50 188 280 131 140 263 189 180 38 71 211 314 165 171 172 56 10 45 78 227 47 212 257 164 222 294 94 87 9 137 238 192 95 102 49 249 186 177 70 124 229 267 240 173 292 154 122 60 258 293 230 205 262 158 228 42 302 120 178 62 74 155 22 2 : 4997.07
5 1 
1 4 106 35 25 79 47 103 21 119 180 303 290 243 65 110 188 283 220 174 45 144 280 29 51 299 57 95 217 238 279 259 229 298 295 49 206 130 13 182 66 219 150 40 15 22 227 215 14 250 138 41 30 193 162 105 210 53 55 240 32 223 3 208 96 94 254 216 64 146 306 225 195 153 286 204 135 108 212 235 222 258 294 274 171 281 296 237 104 134 121 54 251 159 125 318 266 310 297 190 184 37 28 177 23 149 197 314 264 289 302 265 18 112 5 142 239 252 233 132 224 113 163 43 26 114 89 99 137 285 145 90 186 17 140 214 244 278 158 148 60 69 102 165 139 292 126 161 88 75 38 77 253 256 291 166 154 50 76 36 10 11 33 199 288 179 203 68 164 169 181 268 267 276 7 6 313 301 194 287 16 85 100 261 236 200 248 255 123 192 187 136 185 309 31 129 257 209 198 101 116 20 9 127 46 87 92 98 80 262 62 81 191 273 213 275 155 293 19 307 241 111 317 246 152 234 277 58 48 78 91 71 97 245 201 231 34 311 143 308 196 226 170 83 59 205 284 175 316 315 117 122 271 312 131 160 24 183 115 72 128 211 260 74 70 86 63 93 270 305 156 133 52 242 167 176 282 27 73 263 232 157 12 67 44 42 147 61 120 2 228 124 141 304 109 84 8 39 107 221 230 82 218 207 300 202 269 178 189 173 247 249 56 172 168 272 118 151 : 5016.27
5 2 
1 307 186 60 41 101 267 266 277 287 293 245 241 118 261 139 192 246 235 163 125 14 30 178 296 268 180 255 204 50 303 151 120 32 121 251 167 21 159 73 66 188 289 274 109 284 8 149 112 294 238 38 181 199 62 190 70 207 271 130 160 189 140 275 221 111 216 134 98 68 201 288 48 7 27 88 63 304 306 205 81 309 158 95 311 214 37 318 269 133 316 96 59 231 40 54 314 310 276 278 233 260 239 83 55 115 57 220 281 299 16 222 72 172 209 292 183 33 67 179 184 51 175 171 211 273 224 227 317 143 259 35 193 197 114 249 263 283 91 168 157 200 79 85 195 308 257 182 104 194 285 92 225 20 153 17 150 265 280 28 2 45 203 198 64 208 34 254 4 132 206 12 117 89 223 82 152 155 75 74 97 6 10 297 248 142 148 3 128 240 244 71 19 24 305 291 258 236 213 217 36 286 11 52 138 290 110 243 29 105 80 135 42 58 145 147 210 232 156 162 47 99 164 90 126 165 31 312 94 177 137 87 166 18 108 9 61 252 313 295 302 250 102 77 196 170 176 298 185 127 253 215 230 46 44 103 43 65 300 76 84 279 212 131 256 234 187 202 226 242 218 93 154 69 39 26 113 219 264 282 123 173 237 272 15 53 100 86 169 119 22 56 136 146 49 141 270 174 78 191 247 144 13 301 161 262 124 116 106 107 228 122 25 23 5 229 315 129 : 5049.26
5 3 
1 36 26 157 246 109 117 138 156 190 286 84 204 214 35 124 123 140 250 245 218 227 210 168 53 194 273 229 201 160 108 113 5 4 219 226 237 251 142 106 129 135 107 313 125 126 134 268 257 205 289 184 185 175 282 290 149 221 223 314 295 291 280 197 206 77 67 78 49 195 231 191 167 266 312 215 181 262 310 283 228 139 119 300 86 45 31 19 127 89 52 50 55 33 48 51 308 311 145 183 177 235 234 141 111 14 148 17 110 22 200 254 258 120 96 44 296 116 130 211 13 115 46 47 307 230 225 293 265 192 248 212 163 247 238 118 267 263 287 60 180 159 213 252 241 99 176 37 20 7 2 6 10 11 15 103 93 232 276 261 94 316 41 27 8 9 40 82 203 136 95 188 91 76 90 42 104 74 173 164 271 236 132 217 220 146 65 158 182 98 102 79 253 255 270 23 208 242 233 121 288 224 315 260 63 21 83 54 179 57 112 38 137 144 131 24 28 80 174 43 304 292 30 202 100 187 279 243 302 259 61 264 162 75 298 101 169 294 147 128 151 39 97 70 189 153 172 178 277 306 171 12 85 303 193 69 58 81 299 275 198 186 64 71 72 68 59 152 240 155 154 105 62 32 34 88 122 87 56 256 73 29 318 222 239 216 297 165 143 272 170 285 305 150 207 92 278 274 133 16 3 114 209 161 301 249 196 317 18 25 66 199 309 244 166 269 284 281 : 4053.37
