0 0 
1 11 16 35 39 168 162 138 209 149 180 185 191 179 100 78 84 61 163 131 142 151 148 146 124 121 123 133 137 127 117 129 130 125 122 119 239 238 232 241 220 110 222 219 226 228 218 213 234 247 252 270 318 264 256 253 268 260 147 152 128 4 107 108 116 14 13 106 5 8 18 57 46 52 27 17 24 19 37 54 26 112 208 113 140 144 175 181 177 176 90 93 101 102 97 67 50 47 43 41 42 56 105 91 83 63 94 201 204 308 280 272 286 290 294 289 312 311 295 291 285 284 265 255 259 263 262 267 171 170 287 278 288 282 305 309 310 304 275 283 205 306 301 186 194 199 192 303 193 195 178 182 203 200 277 293 281 292 274 139 251 261 273 307 302 300 299 297 298 276 248 244 215 223 227 233 240 217 212 246 235 243 229 242 257 250 314 271 249 245 236 237 224 214 211 216 313 230 221 231 225 109 118 114 9 111 132 126 38 145 150 159 154 210 155 53 104 15 7 12 33 31 20 23 103 21 22 25 36 48 49 317 316 55 51 44 58 62 74 92 96 68 85 80 72 82 81 75 79 76 59 71 86 89 77 69 45 40 73 64 98 70 66 65 172 183 184 196 202 207 189 87 187 198 88 197 206 99 95 190 188 269 258 266 165 141 156 157 169 173 296 279 315 254 143 166 174 158 167 153 164 160 60 161 34 134 136 135 120 115 30 28 32 29 3 2 10 6 : 1362.22
0 1 
1 11 16 124 128 129 136 125 120 13 116 147 168 162 155 146 166 165 260 258 238 244 270 276 309 308 280 285 279 283 300 305 298 297 318 271 248 249 251 250 254 262 263 268 278 315 269 264 265 267 275 205 311 307 193 170 289 281 288 200 199 312 306 310 304 282 274 266 252 253 256 314 242 243 246 259 240 233 221 220 211 213 229 228 234 237 218 224 219 214 215 236 247 223 245 226 230 235 227 139 119 140 231 130 122 131 123 148 151 154 157 149 150 141 107 4 115 208 126 134 127 34 145 39 35 161 153 156 158 159 164 61 176 188 182 183 187 175 179 295 303 273 272 255 144 313 239 241 225 138 132 117 133 106 38 27 103 29 316 49 43 52 56 104 51 67 91 97 94 207 95 99 197 201 202 206 196 189 173 181 292 294 287 301 302 171 296 299 286 284 277 293 192 204 210 60 53 79 68 80 89 73 72 78 86 96 101 70 54 62 55 46 63 36 40 45 33 10 26 8 3 24 105 59 71 74 77 69 75 81 90 88 92 82 85 76 84 83 93 64 317 17 18 12 23 30 22 21 135 114 108 112 111 217 109 212 216 222 232 143 257 261 291 290 180 172 177 190 191 203 195 160 152 167 163 169 185 174 66 65 87 100 102 98 58 5 113 110 118 142 209 121 137 14 25 19 32 31 9 28 41 42 178 186 194 198 184 37 48 44 47 57 50 20 6 2 7 15 : 1367.84
0 2 
1 30 21 3 7 32 31 103 62 169 191 177 189 87 88 196 198 188 197 203 312 303 308 299 295 200 199 302 306 193 294 278 296 289 287 301 307 205 204 170 315 247 248 245 249 214 218 216 213 217 313 139 110 212 114 124 123 125 130 162 163 153 160 156 152 149 157 158 147 175 185 181 207 201 202 100 70 65 161 159 61 75 80 86 67 79 81 66 187 190 206 94 95 98 99 90 82 77 89 85 101 102 96 92 97 83 76 93 91 69 74 184 60 54 73 72 317 316 59 56 46 43 57 84 71 78 180 195 194 186 176 172 51 44 47 53 58 39 154 179 168 167 155 150 145 148 174 281 151 173 183 182 178 146 138 120 128 126 34 38 113 122 141 238 240 230 225 221 236 226 233 220 231 232 119 242 250 144 251 265 258 143 259 192 293 292 288 261 271 286 291 274 269 166 165 273 284 171 272 268 264 255 263 252 229 223 224 222 239 254 260 267 253 262 283 290 311 298 310 304 305 279 282 277 309 300 285 270 318 276 275 280 297 244 235 215 219 227 234 106 111 116 137 13 5 134 129 132 121 118 109 211 237 241 246 228 243 256 257 266 314 142 140 131 127 117 108 107 133 35 23 28 22 24 41 20 12 18 42 52 164 210 209 136 135 208 115 112 4 17 36 37 104 40 48 64 68 50 63 55 49 45 105 33 29 10 15 6 25 26 8 19 27 14 9 16 11 2 : 1342.86
0 3 
1 6 56 105 62 47 316 59 68 92 102 101 76 71 83 84 89 99 98 201 100 95 81 78 91 86 93 75 69 61 51 72 73 49 12 15 11 10 19 17 46 44 57 55 50 21 26 27 3 2 32 31 103 29 33 20 18 37 36 28 22 42 58 52 80 64 85 77 82 79 67 97 96 74 172 176 182 65 198 195 199 200 311 203 185 189 187 66 183 202 196 197 87 188 190 157 152 158 209 145 160 210 192 205 307 301 288 281 284 303 283 285 279 291 304 290 289 296 300 299 310 305 298 272 268 302 292 295 193 306 293 294 286 309 312 308 287 249 248 215 214 224 223 219 253 261 254 246 229 237 234 247 236 226 227 235 238 228 225 213 109 221 216 218 243 251 252 262 244 245 257 256 165 277 278 170 282 273 258 269 267 259 186 175 177 178 171 166 167 147 151 222 231 240 233 274 314 242 139 232 313 230 140 149 154 150 153 114 118 119 144 250 255 266 265 260 315 271 276 297 275 318 270 280 263 264 241 239 220 110 212 217 211 121 208 14 137 132 107 115 38 138 129 131 113 5 16 25 125 124 117 128 35 136 123 130 122 143 142 141 39 43 40 45 317 48 41 104 112 4 134 34 120 116 135 133 23 24 30 106 111 108 127 126 13 60 146 148 155 161 156 180 191 90 70 94 173 169 181 88 184 207 206 204 194 179 174 168 164 159 163 162 63 53 54 9 8 7 : 1336.77
1 0 
1 28 26 18 11 10 2 12 103 27 112 133 117 136 4 123 233 232 222 229 230 234 109 218 164 150 160 60 163 179 196 206 65 202 187 185 177 184 204 198 306 311 205 199 200 193 171 273 279 284 318 304 294 282 293 299 280 300 290 303 302 312 307 308 309 301 305 297 298 291 296 295 288 248 271 270 275 285 269 260 265 166 156 167 210 61 88 87 94 197 176 104 57 73 75 74 68 80 69 77 90 81 86 91 99 98 95 183 168 181 178 174 189 182 169 66 172 190 201 203 100 207 191 287 286 283 165 153 152 138 125 108 17 24 33 23 30 41 34 131 132 141 130 38 42 35 145 158 161 155 154 149 146 147 148 143 144 220 217 118 110 212 121 122 115 111 14 13 105 59 48 45 40 317 50 58 53 62 63 70 82 85 72 67 78 92 89 76 93 84 83 71 96 101 102 97 79 56 54 52 49 55 64 46 16 15 20 19 25 37 126 116 106 114 113 208 5 137 135 134 127 39 209 128 221 216 211 140 242 313 219 119 225 240 228 238 252 256 276 310 292 289 192 272 253 268 264 254 262 261 263 251 245 223 215 214 224 244 249 227 235 237 226 213 231 139 250 257 236 246 247 239 241 243 314 258 266 255 267 173 186 180 194 188 175 195 170 281 277 278 315 274 259 142 151 159 162 157 124 129 120 107 8 9 3 22 21 31 29 36 51 43 316 44 47 32 6 7 : 1350.93
1 1 
1 7 2 6 46 317 59 44 50 76 75 73 81 74 80 164 158 157 156 167 186 195 194 185 210 255 251 246 231 131 124 145 150 153 149 258 140 239 241 212 139 228 245 223 244 219 213 242 221 226 235 211 240 243 238 314 252 318 249 248 291 279 274 309 299 285 308 304 275 273 215 256 253 236 267 205 310 305 296 179 174 290 171 281 278 166 165 170 192 193 94 196 207 202 95 87 201 97 91 92 71 72 83 82 67 86 85 79 64 45 54 105 135 111 106 112 5 116 107 4 35 17 27 30 33 49 47 55 56 41 36 104 26 16 103 9 18 120 129 142 144 269 175 162 123 121 130 114 113 117 126 225 119 313 118 229 224 214 247 257 261 264 272 315 263 284 277 265 276 271 268 259 147 209 138 122 110 220 109 227 218 232 237 234 230 184 204 307 289 298 293 254 262 280 297 270 250 260 266 143 163 177 176 197 66 182 38 22 31 40 37 57 51 43 19 28 52 42 53 90 77 62 84 78 68 69 70 101 96 99 89 93 98 102 206 198 100 311 312 292 294 282 287 295 302 301 288 283 286 300 303 199 306 200 203 191 172 181 168 233 216 222 217 148 169 178 180 189 65 60 63 154 146 161 152 159 151 190 188 187 88 173 183 141 108 14 128 134 13 15 8 11 20 23 10 21 12 32 29 316 61 160 39 136 127 58 115 125 34 133 132 208 137 155 48 25 24 3 : 1576.58
1 2 
1 10 11 15 7 6 21 33 31 104 316 56 30 32 23 103 112 107 111 108 211 113 106 5 13 124 135 14 49 317 42 43 48 59 45 63 62 70 90 80 86 89 93 102 97 96 92 101 74 75 99 98 100 206 207 203 196 195 294 293 199 306 205 307 287 279 275 297 310 304 298 305 303 295 292 281 312 311 194 288 278 289 284 283 291 300 276 280 273 272 233 238 220 217 109 212 114 110 216 223 224 219 215 214 245 246 268 266 259 250 255 263 314 229 237 243 144 143 234 230 118 231 313 240 242 239 139 213 228 248 318 270 256 257 254 253 264 260 258 265 315 267 271 249 244 236 218 227 226 221 222 235 247 251 262 261 252 241 140 149 150 35 145 123 132 129 130 121 122 127 134 232 225 119 142 147 148 179 186 198 174 169 172 189 95 202 201 197 190 66 87 94 88 47 54 46 51 52 39 36 44 37 25 17 8 3 12 20 28 29 22 19 26 18 16 9 126 137 138 125 131 154 161 65 187 176 173 183 191 204 185 184 158 163 155 38 160 156 162 167 159 175 182 177 188 81 77 71 68 85 64 67 83 91 82 72 78 84 69 79 73 76 55 50 57 41 34 120 117 4 115 116 128 136 133 208 151 157 165 166 269 171 274 282 296 299 286 308 309 302 200 193 192 301 170 290 285 277 181 180 178 164 168 153 209 141 146 152 210 60 61 53 58 105 40 24 27 2 : 1154.15
1 3 
1 2 117 138 146 142 124 131 160 210 73 68 67 85 62 79 84 72 76 75 69 81 70 63 58 120 106 111 112 145 60 47 48 51 52 56 40 22 7 6 12 28 20 29 15 103 10 11 23 49 50 317 59 54 78 71 97 96 87 198 74 53 14 4 107 5 9 8 16 116 115 128 135 151 158 175 143 241 232 156 161 57 183 197 191 188 184 177 180 155 61 65 189 187 169 181 302 301 170 281 306 199 303 186 203 194 190 176 178 274 290 300 305 304 298 275 272 297 310 315 222 219 215 224 244 249 248 247 253 221 217 220 238 237 243 239 242 233 240 313 229 235 230 231 118 140 234 236 227 262 246 223 245 261 264 257 250 139 172 66 201 196 207 206 312 311 205 192 193 307 308 309 286 285 279 280 291 283 299 276 270 271 318 273 267 255 251 226 225 218 216 109 212 213 108 208 125 34 113 121 133 209 162 159 167 179 88 80 77 86 98 83 64 92 91 101 102 93 90 99 89 82 95 94 202 100 204 185 173 182 195 200 292 282 284 295 171 287 277 269 168 141 122 119 144 252 263 265 266 278 294 289 296 293 288 268 256 258 260 259 254 314 228 214 211 110 130 35 154 39 38 164 174 147 152 150 153 132 127 13 129 114 123 163 157 165 166 148 149 126 37 136 134 137 25 18 24 17 26 46 104 36 42 44 41 30 32 55 105 316 45 33 43 27 19 21 3 31 : 1386.99
2 0 
1 134 20 11 219 213 217 290 103 22 185 275 168 182 179 87 43 48 81 258 230 254 190 127 97 151 246 15 104 306 91 100 77 233 156 163 237 102 98 14 139 10 173 195 211 90 253 124 25 28 23 115 310 295 171 197 159 215 111 206 198 187 204 75 60 160 158 276 301 268 170 189 35 199 99 286 157 166 161 84 216 280 257 148 86 186 72 40 143 131 224 297 303 236 283 309 281 272 70 39 8 105 305 244 41 278 169 152 21 191 304 312 270 142 147 123 46 122 51 110 2 53 56 210 112 207 298 71 176 27 37 175 88 31 18 32 282 302 265 313 140 109 240 153 33 116 252 289 245 4 263 196 251 269 255 141 82 317 284 95 181 136 36 113 155 226 232 285 137 242 193 311 291 277 300 188 172 92 288 154 247 292 129 117 68 26 235 256 239 250 299 296 274 308 202 177 96 314 29 58 52 128 249 138 203 62 121 316 149 54 194 200 12 228 307 9 3 44 229 241 259 180 107 144 94 67 59 318 209 165 264 267 66 133 13 34 85 118 238 93 76 205 201 243 234 293 294 78 5 279 261 120 7 79 64 146 167 49 135 47 30 114 221 50 223 55 19 174 260 63 57 184 61 38 6 145 225 164 266 132 192 287 42 17 74 222 108 45 16 227 69 65 218 150 101 73 208 231 24 89 80 106 212 119 83 183 271 178 273 315 248 162 125 130 214 262 126 220 : 5046.03
2 1 
1 149 192 182 281 306 197 18 49 155 317 10 233 263 190 58 298 224 62 56 186 76 183 17 59 205 296 257 292 204 94 79 100 34 252 221 276 299 60 199 214 211 278 206 177 116 318 227 109 14 113 41 279 250 132 28 145 310 230 254 222 287 191 127 114 44 188 61 294 282 290 168 305 46 120 229 259 253 84 262 203 173 126 93 156 135 195 301 312 5 97 48 2 122 25 208 316 200 45 202 124 297 166 172 66 300 119 125 26 315 260 137 226 121 110 75 11 53 70 88 210 140 261 215 111 286 288 273 277 272 184 29 54 216 171 234 147 258 223 36 180 115 90 39 269 220 232 255 174 6 82 271 264 134 225 247 251 85 285 295 102 86 117 198 308 136 236 185 95 302 30 98 71 20 52 21 101 157 154 179 103 74 77 19 284 304 96 104 256 24 303 57 68 152 141 159 243 78 217 89 194 129 207 283 63 64 42 15 50 150 106 13 275 245 167 67 249 99 289 107 4 143 313 164 266 139 108 22 146 81 47 31 241 151 237 201 189 309 265 218 219 40 161 193 169 158 242 235 280 187 314 128 9 38 92 73 80 27 238 239 72 123 163 144 160 270 51 23 35 293 212 231 118 213 130 268 105 170 175 87 142 112 133 131 267 291 196 83 274 33 12 69 176 37 16 178 162 138 209 55 3 91 307 181 65 8 244 248 165 246 240 228 311 153 148 7 43 32 : 5053.13
2 2 
1 116 44 296 228 232 246 202 86 67 57 122 140 109 221 192 204 189 233 255 142 197 73 276 237 283 305 164 113 131 184 198 256 19 47 208 27 223 66 31 97 105 301 178 23 16 84 4 118 174 96 167 83 53 309 271 11 76 205 115 34 80 210 92 290 318 270 217 211 213 130 153 81 71 225 64 94 17 121 150 46 312 200 171 244 293 226 234 143 128 224 257 82 288 20 135 155 95 190 264 241 137 129 106 5 273 90 75 91 138 38 206 191 222 141 302 314 87 179 303 133 172 169 266 262 157 199 209 72 216 299 112 151 3 125 36 104 102 101 78 315 239 103 154 254 235 275 166 268 186 203 215 180 159 22 7 28 52 54 297 14 236 176 307 134 148 124 300 195 51 260 249 88 161 85 10 306 132 139 175 21 15 32 6 24 100 93 259 263 248 269 193 146 247 267 69 25 281 158 298 289 212 311 111 170 304 9 79 272 214 50 63 120 316 59 108 310 284 286 70 182 65 218 207 45 162 168 194 188 317 117 245 68 49 13 274 126 279 294 251 89 61 156 287 40 187 265 145 55 219 280 110 8 43 114 242 119 243 165 56 295 231 229 282 173 177 152 238 181 261 147 252 291 313 230 99 39 196 201 308 227 163 220 127 278 277 250 240 42 48 29 74 33 62 12 26 35 77 144 107 253 30 123 41 185 258 98 160 149 292 136 18 183 285 37 60 58 2 : 5021.63
2 3 
1 47 171 226 230 243 151 257 239 213 120 270 159 187 100 279 216 247 300 238 104 59 203 194 123 130 294 259 140 169 262 166 179 206 72 316 77 32 60 210 106 219 132 157 150 223 10 115 20 2 134 114 110 228 233 109 118 111 116 125 129 175 229 235 251 220 193 304 303 318 250 202 54 15 236 295 272 231 291 296 265 119 221 97 86 212 112 13 260 52 34 41 57 55 27 53 160 188 205 267 275 252 245 297 246 254 199 234 186 62 49 24 103 7 126 142 158 149 105 83 209 138 176 164 93 96 167 308 276 306 282 163 258 107 208 108 51 22 6 21 182 65 154 70 56 124 240 128 117 152 174 153 80 92 36 263 25 95 99 90 139 248 244 217 301 281 290 274 222 292 298 173 74 76 71 79 85 68 63 43 16 75 309 165 181 185 177 198 311 184 155 145 81 191 37 249 225 255 278 305 310 285 273 299 69 44 89 66 277 271 264 170 156 38 12 73 67 23 28 29 19 3 18 35 26 261 268 242 147 284 289 280 286 266 288 283 315 302 201 241 14 11 82 317 31 17 8 237 148 88 30 58 256 9 4 133 121 189 42 168 172 144 211 218 46 137 127 113 5 141 40 102 87 136 131 183 197 196 192 180 143 313 314 215 45 78 39 48 207 178 122 162 232 195 94 200 293 61 101 91 98 253 269 161 287 33 135 227 64 50 84 312 146 214 224 307 204 190 : 3777.2
3 0 
1 63 43 100 150 112 106 257 122 109 2 12 184 274 76 206 50 233 141 288 13 77 55 92 64 116 62 74 310 296 173 70 262 22 102 90 114 16 144 245 255 30 156 65 54 177 78 49 270 138 29 241 218 210 124 292 190 147 10 59 69 91 293 297 279 140 185 300 253 123 199 40 73 148 163 309 178 191 213 222 28 195 231 267 103 286 95 182 52 249 152 250 60 101 188 104 44 8 149 35 223 159 51 27 276 158 176 224 38 214 85 81 82 316 33 164 227 18 80 45 11 71 93 192 217 258 313 256 215 243 32 203 261 162 193 36 282 198 196 234 115 130 39 21 208 252 244 180 66 137 161 154 79 67 209 269 251 229 225 20 121 89 228 259 197 317 160 204 99 56 117 31 315 131 26 265 83 169 155 87 98 275 268 299 271 179 167 237 239 212 110 94 9 68 318 175 166 246 113 23 133 145 221 4 207 306 134 118 126 205 283 96 220 307 273 305 211 240 6 25 230 216 281 287 189 46 57 72 97 129 295 108 41 201 42 84 236 88 61 19 272 186 260 142 151 289 266 254 278 226 5 232 280 153 285 47 146 165 170 314 263 139 37 132 157 294 135 107 247 301 248 235 242 119 219 308 75 58 172 53 120 48 181 125 127 202 34 7 24 15 183 302 3 284 298 311 194 277 200 238 136 105 264 290 168 187 17 14 128 303 312 143 171 86 291 174 111 304 : 5109.91
3 1 
1 57 73 266 95 31 201 170 229 308 318 259 80 59 210 61 93 121 129 124 193 120 23 21 302 6 25 134 163 272 268 146 204 12 53 176 168 299 3 111 205 88 194 81 33 5 17 79 165 47 317 106 63 161 130 26 151 56 46 171 114 8 149 110 241 215 119 86 153 69 42 37 9 36 273 275 251 185 182 159 239 144 116 112 214 133 125 131 172 257 238 256 309 62 167 232 213 107 132 118 310 169 123 200 233 179 158 289 44 211 139 235 314 246 166 35 27 20 242 208 230 19 173 97 92 291 67 198 143 183 18 32 247 219 270 226 298 313 60 192 188 135 231 71 187 304 265 141 30 75 100 126 78 98 164 209 108 14 39 10 49 96 218 55 76 54 128 287 99 306 140 223 122 145 180 127 11 77 24 288 277 282 250 138 245 264 195 197 66 28 152 184 103 316 155 154 249 278 203 89 190 29 244 234 286 276 297 303 186 45 295 217 240 85 65 162 70 269 260 41 94 84 102 160 222 236 307 224 38 115 311 305 58 189 292 271 91 15 301 285 72 51 50 157 293 261 181 267 253 283 227 243 74 156 83 274 216 177 2 113 4 150 279 290 280 252 199 191 228 296 34 147 225 300 284 212 178 136 142 43 22 13 175 52 137 255 258 263 248 315 40 64 101 7 16 148 262 104 294 281 312 117 90 48 206 207 105 82 196 68 174 254 221 220 109 202 237 87 : 4834.05
3 2 
1 53 290 57 191 145 68 71 172 11 10 62 208 36 293 4 114 268 193 249 239 231 55 132 80 277 235 213 183 198 73 8 104 12 76 282 96 35 178 122 64 27 60 217 144 130 186 207 310 196 63 52 155 304 116 255 287 171 296 317 75 99 179 284 106 107 316 61 201 65 81 159 226 16 269 222 270 203 39 176 118 3 23 210 79 185 135 307 84 14 121 70 175 204 206 190 246 89 29 49 227 153 288 180 166 137 5 22 167 147 151 48 37 160 59 174 261 295 170 194 115 28 26 50 20 286 92 301 265 256 300 168 82 100 223 19 7 54 242 285 233 88 224 234 266 292 98 192 189 219 254 74 142 77 182 109 212 133 138 125 44 291 276 232 2 141 152 279 200 181 236 248 94 156 101 38 30 13 230 154 43 119 305 252 111 225 258 262 165 299 143 271 157 126 164 112 263 250 251 273 243 259 127 289 308 229 311 272 228 58 69 202 199 18 45 47 214 318 278 303 40 211 31 46 139 216 85 24 131 306 281 302 298 177 245 267 162 93 15 108 313 238 247 17 103 124 215 161 87 67 56 264 315 253 136 218 240 128 110 237 314 33 244 294 283 21 51 173 123 220 25 184 149 148 257 209 274 150 117 169 78 97 163 120 83 90 9 42 197 195 280 221 32 34 187 41 297 66 146 6 188 205 95 72 105 91 129 312 140 309 86 102 241 134 260 275 113 158 : 5022.7
3 3 
1 9 139 302 269 157 99 246 179 79 91 196 163 158 263 171 70 107 26 35 45 103 98 50 14 231 184 80 84 90 92 89 253 4 237 272 195 301 182 155 151 8 125 173 40 30 233 273 221 109 133 243 225 310 279 211 141 212 66 58 44 51 43 156 113 20 189 197 85 117 123 5 187 206 176 199 42 78 57 53 154 202 192 314 215 224 252 303 277 247 121 238 230 119 62 100 260 254 251 218 222 229 226 120 159 228 259 185 169 134 145 181 292 289 193 65 76 83 71 59 94 87 128 122 10 2 23 31 24 191 312 311 150 28 102 69 63 130 27 75 283 214 266 282 280 268 276 95 204 153 210 258 132 216 234 178 165 207 240 265 168 256 172 306 201 299 275 262 220 274 34 105 162 52 36 39 47 129 15 144 131 161 82 48 3 12 6 37 33 316 11 41 73 86 81 88 13 77 244 286 166 309 285 255 245 223 250 278 300 288 55 126 106 213 219 290 170 304 270 317 54 135 17 111 227 235 136 124 93 22 160 146 281 217 148 68 140 308 142 249 291 305 188 294 61 115 21 18 74 180 271 248 164 72 104 56 257 236 198 203 177 295 167 209 127 108 110 284 267 297 190 49 32 116 208 149 175 183 186 60 307 200 293 194 174 264 298 287 261 112 239 25 19 143 241 152 296 205 67 38 46 16 96 138 137 232 242 118 318 313 114 315 147 64 101 97 29 7 : 3884.95
4 0 
1 103 36 48 45 62 68 94 95 207 88 70 53 55 59 47 69 76 77 71 80 86 91 92 102 97 82 78 83 85 67 72 89 98 93 90 196 198 202 201 206 99 183 173 167 290 261 254 268 265 281 277 289 282 278 295 166 165 266 144 257 288 274 271 270 273 315 194 195 204 200 199 301 302 311 312 307 205 306 286 193 192 203 184 174 180 186 179 177 176 172 178 185 65 66 188 175 191 168 260 170 171 160 141 142 147 151 155 161 157 146 37 18 134 208 125 133 121 211 112 26 17 27 19 25 22 28 31 11 12 9 8 6 7 2 20 30 21 32 44 42 49 63 105 46 57 136 113 246 245 244 248 232 119 217 123 130 131 242 139 262 259 258 256 275 251 229 163 164 150 187 190 197 100 87 81 73 64 43 104 316 58 61 210 152 137 126 116 41 54 52 79 74 75 101 96 84 317 40 16 162 149 143 250 255 269 267 264 263 318 296 287 283 285 291 299 308 309 298 297 276 280 304 305 310 300 294 303 293 292 284 279 272 253 252 247 249 215 214 224 235 228 226 240 221 230 234 237 238 227 223 218 222 233 314 243 241 122 114 132 110 127 128 124 135 117 14 4 111 115 34 38 145 158 159 209 5 106 107 13 108 120 138 129 109 216 213 225 239 118 212 219 236 313 231 220 140 148 35 39 154 153 156 169 181 189 182 60 51 56 50 33 29 23 10 15 24 3 : 1329.57
4 1 
1 12 11 15 27 26 19 24 31 29 28 23 32 20 39 160 210 164 161 63 62 75 74 80 73 99 93 91 92 96 98 196 172 177 185 183 187 66 152 158 163 155 156 167 169 173 178 186 194 198 203 204 300 299 306 307 312 311 205 193 190 179 175 195 180 184 94 100 202 201 206 197 95 89 81 64 68 86 78 97 102 83 71 84 67 85 77 72 82 59 316 76 79 101 90 87 88 207 188 189 191 65 176 181 182 174 168 162 159 149 38 41 36 33 7 10 103 21 6 107 4 208 126 120 122 123 121 130 241 313 222 227 237 233 238 239 140 139 242 269 292 278 290 286 282 170 277 165 166 260 254 257 293 288 302 309 304 305 310 297 298 291 280 272 279 192 281 171 295 274 289 294 301 200 199 308 303 283 285 273 284 296 287 264 261 246 223 224 214 247 226 234 243 144 148 146 141 129 131 142 135 127 128 133 132 34 117 134 35 138 136 137 14 125 124 119 217 216 211 231 220 218 230 229 240 232 157 151 145 150 153 154 61 60 69 70 105 47 37 17 5 13 106 111 115 114 225 221 212 110 109 118 219 215 245 248 252 262 263 268 249 271 270 318 275 276 256 244 228 213 235 236 314 265 253 251 258 259 255 143 315 267 266 250 209 147 113 108 116 112 40 44 49 57 45 55 51 46 43 53 54 58 52 42 50 56 48 104 317 30 22 16 25 18 9 8 3 2 : 1108.11
4 2 
1 21 103 6 3 12 104 316 45 48 55 57 51 47 49 46 26 17 25 9 7 11 33 50 42 53 164 60 173 176 169 66 76 83 78 85 71 93 102 91 77 99 98 101 96 97 84 79 67 68 72 54 44 40 36 28 18 4 137 209 145 154 34 136 127 208 125 122 135 159 195 192 168 149 160 210 150 39 153 38 35 24 27 16 19 15 20 29 32 31 10 30 22 23 37 52 43 63 58 317 59 41 69 73 74 56 105 70 86 64 82 92 89 90 81 75 95 188 177 182 190 203 207 88 191 187 174 289 284 275 270 271 318 248 224 223 214 218 216 110 108 113 114 128 156 152 158 166 265 276 280 279 283 277 282 278 291 305 310 304 299 295 302 307 200 311 204 300 309 303 199 196 197 202 201 206 198 181 175 151 140 123 147 148 163 157 146 139 143 233 220 226 225 212 221 238 231 242 255 249 252 263 267 254 243 239 229 240 232 250 247 118 213 230 237 236 228 245 246 260 256 251 227 234 235 253 258 257 261 286 301 308 298 297 273 274 287 285 170 171 179 185 87 80 62 161 61 65 189 94 178 172 183 100 184 194 290 296 288 312 306 205 180 186 167 155 162 142 121 131 115 134 126 133 112 14 120 5 13 111 138 222 217 109 211 219 215 244 268 262 259 266 272 315 264 294 193 292 293 281 165 269 144 314 241 313 119 106 117 130 132 129 124 141 116 107 8 2 : 1310.2
4 3 
1 6 2 3 8 20 23 28 22 30 33 16 29 31 35 18 36 50 24 32 183 179 173 58 133 132 142 122 113 121 209 163 168 93 80 82 70 46 63 81 177 180 174 196 197 194 204 200 199 299 295 272 273 314 289 297 276 298 291 274 310 304 205 207 202 203 195 189 188 182 187 90 86 83 97 102 92 101 99 88 201 100 191 178 175 167 144 262 263 271 270 275 318 223 217 211 139 231 225 221 222 118 247 143 255 250 257 140 166 165 157 155 39 41 37 42 52 53 49 55 25 141 128 117 106 108 114 212 109 110 213 216 119 239 220 230 238 226 214 224 215 219 261 240 234 241 235 227 236 246 251 253 254 256 264 268 244 245 248 249 266 265 281 171 282 290 303 293 287 278 277 288 192 307 170 294 284 296 280 305 308 309 283 286 285 279 269 315 252 218 228 243 313 242 259 260 258 267 300 302 312 301 292 193 306 311 198 186 162 169 172 176 184 164 149 151 156 153 210 34 115 13 137 14 120 134 135 17 9 19 27 26 7 15 104 47 43 44 48 40 316 317 51 57 74 64 67 56 79 75 65 190 206 98 72 77 68 89 62 73 78 69 66 87 85 84 71 45 59 54 105 96 91 76 95 94 185 181 158 147 145 150 159 152 160 154 148 146 138 130 232 229 237 233 125 136 107 126 38 161 61 60 116 124 123 131 129 127 208 5 112 111 4 12 103 21 11 10 : 1390.09
5 0 
1 78 278 238 211 151 268 114 29 303 286 110 141 233 188 162 301 309 219 212 65 23 48 148 214 310 313 39 228 111 315 254 106 104 67 34 186 58 83 128 149 64 118 262 222 249 147 252 75 146 199 155 210 275 271 231 253 250 292 206 221 220 69 225 208 14 115 130 150 259 314 255 273 236 26 27 94 298 305 135 153 70 2 16 246 95 283 317 12 20 47 287 234 144 244 166 277 113 207 142 167 229 129 134 137 91 62 312 302 124 136 21 125 232 256 143 226 263 290 66 127 159 311 265 173 192 242 299 227 61 71 11 282 251 8 122 185 266 18 52 37 24 109 105 98 189 318 274 297 293 181 161 82 88 200 132 63 80 175 194 174 169 116 15 270 197 198 217 77 156 4 119 145 245 133 76 204 99 306 180 294 193 56 237 285 272 117 280 41 86 101 107 296 177 120 261 158 42 201 45 51 183 179 85 36 68 152 89 38 160 224 49 44 30 123 241 176 43 205 195 55 284 178 196 90 72 288 3 35 9 243 92 172 276 187 84 97 50 60 316 163 291 93 54 154 96 22 87 28 112 131 216 215 202 126 33 307 17 10 7 5 59 164 79 168 230 19 40 57 184 31 218 81 260 258 300 108 235 257 165 139 223 190 157 170 203 53 100 140 74 289 182 46 240 32 13 102 25 239 248 6 103 138 209 304 264 269 171 73 191 267 308 121 295 281 247 213 279 : 5088.37
5 1 
1 149 139 283 96 86 277 35 5 312 44 36 45 8 17 194 223 310 241 303 79 98 269 106 136 67 10 101 51 69 266 295 90 50 158 236 271 210 198 203 102 153 148 113 155 146 290 301 61 76 92 230 29 114 226 115 187 268 192 60 176 218 107 112 129 185 87 154 22 242 262 235 209 216 219 233 239 100 302 180 292 33 48 179 273 206 205 170 234 126 157 16 132 123 207 88 311 259 254 255 151 297 138 30 21 28 26 256 97 57 264 110 214 163 286 204 66 134 245 267 224 299 172 202 175 47 257 276 243 116 309 252 195 162 279 197 200 186 63 3 250 167 232 263 32 213 84 191 229 274 227 18 27 105 128 121 38 174 294 307 31 68 23 25 316 144 184 166 308 222 231 125 39 64 104 143 118 228 282 201 305 306 288 12 58 291 217 275 178 314 164 124 247 189 181 145 156 193 95 127 94 221 199 304 298 122 249 74 91 183 141 131 24 52 251 117 73 34 147 265 169 300 70 281 253 75 260 46 289 171 19 135 246 258 72 225 244 140 165 177 237 4 83 80 211 109 284 40 6 108 196 215 278 190 240 119 78 71 11 293 159 152 130 173 280 13 62 55 41 111 160 133 296 220 2 43 270 168 49 317 15 37 261 272 99 81 89 142 20 208 120 318 287 65 42 93 150 56 14 7 54 313 238 285 161 188 103 212 9 59 53 315 137 248 85 182 82 77 : 5061.77
5 2 
1 58 199 273 20 228 252 144 82 244 303 227 109 291 193 60 186 160 149 146 85 68 72 188 147 51 255 53 94 121 280 205 161 2 48 34 100 62 101 92 135 224 256 276 314 241 270 248 223 167 42 293 111 283 234 218 133 31 164 112 110 105 81 178 95 231 271 278 289 33 40 73 74 195 173 21 206 279 259 108 12 43 181 115 24 148 129 220 176 274 318 38 174 292 302 197 182 76 285 130 226 131 28 225 239 30 269 312 56 222 216 125 41 102 155 136 23 107 238 17 137 26 184 141 209 162 44 52 32 75 87 139 36 196 124 299 229 128 127 59 203 183 290 13 142 113 19 14 200 243 55 50 54 263 11 45 79 143 298 297 240 258 296 295 261 217 61 134 97 16 265 277 286 221 114 15 179 103 192 93 311 306 123 267 305 189 247 236 169 198 317 67 262 242 168 210 150 119 232 47 264 5 83 202 187 204 159 207 213 287 191 294 235 78 84 316 46 96 214 172 157 254 268 215 237 122 246 249 313 89 145 116 288 170 63 25 10 120 8 153 211 156 185 309 251 152 233 49 315 212 138 250 219 272 27 177 180 126 29 69 22 39 65 301 281 253 66 201 304 99 6 3 230 104 57 117 106 4 77 158 284 98 208 163 245 282 257 118 140 171 80 9 307 151 88 91 70 18 35 90 132 300 308 71 194 64 260 190 175 86 154 37 7 310 275 166 165 266 : 4943.58
5 3 
1 180 149 130 36 57 114 118 119 220 121 249 214 211 267 193 185 287 309 268 292 106 43 90 68 66 252 148 133 16 209 184 264 174 94 299 151 167 300 296 236 206 301 183 156 173 88 100 186 37 96 178 190 166 277 289 278 251 34 160 158 58 8 225 273 285 275 196 150 120 112 15 22 187 129 279 280 219 229 232 195 194 117 108 116 208 141 35 93 78 67 59 40 105 77 234 305 92 30 103 18 316 12 169 263 247 243 228 240 147 311 265 113 126 41 82 237 256 253 239 154 32 19 164 52 33 6 25 11 17 24 9 28 69 177 191 89 258 298 207 102 85 71 3 53 188 226 255 218 254 168 294 306 295 282 245 110 312 291 313 109 223 227 293 270 314 286 115 136 242 212 284 276 246 51 49 73 97 75 79 27 235 124 161 38 42 50 80 55 81 159 290 127 176 172 87 111 45 72 162 171 175 204 197 315 14 54 95 310 210 70 134 20 21 107 155 91 201 288 145 302 307 260 135 86 157 250 189 98 200 182 202 192 170 304 179 137 62 44 60 230 198 303 203 181 74 281 143 140 217 238 224 101 139 257 153 84 4 122 199 283 259 308 266 131 318 271 142 56 83 29 5 152 63 233 216 231 132 205 222 244 221 261 262 297 123 46 272 61 39 146 138 213 274 248 215 26 128 241 269 48 144 165 163 47 64 23 76 65 99 31 7 13 125 10 104 317 2 : 3975.39
