437.629,991.894,6236.23
437.629,721.915,6236.23
437.629,508.854,6236.23
437.629,455.861,6236.23
437.629,458.317,6236.23
437.629,459.169,6236.23
437.629,458.268,6236.23
437.629,458.502,6236.23
437.629,457.485,6236.23
437.629,457.215,6236.23
437.629,456.933,6236.23
437.629,456.344,6236.23
437.629,455.923,6236.23
437.629,455.818,6236.23
437.629,455.815,6236.23
437.629,455.896,6236.23
437.629,456.209,6236.23
437.629,456.352,6236.23
437.629,456.16,6236.23
437.629,456.065,6236.23
437.629,456.209,6236.23
437.629,456.603,6236.23
437.629,456.783,6236.23
437.629,456.818,6236.23
437.629,457.68,6236.23
437.629,457.249,6236.23
437.629,457.392,6236.23
437.629,457.201,6236.23
437.629,457.439,6236.23
437.629,457.967,6236.23
436.972,1050.66,6305.25
436.972,615.406,6305.25
436.972,457.25,6305.25
436.972,457.064,6305.25
436.972,458.183,6305.25
436.972,460.413,6305.25
436.972,461.254,6305.25
436.972,458.86,6305.25
436.972,458.374,6305.25
436.972,457.65,6305.25
436.972,458.572,6305.25
436.972,459.252,6305.25
436.972,459.707,6305.25
436.972,458.703,6305.25
436.972,457.942,6305.25
436.972,458.067,6305.25
436.972,457.897,6305.25
436.972,457.885,6305.25
436.972,458.984,6305.25
436.972,459.805,6305.25
436.972,459.01,6305.25
436.972,461.276,6305.25
436.972,461.909,6305.25
436.972,461.091,6305.25
436.972,460.723,6305.25
436.972,461.849,6305.25
436.972,459.26,6305.25
436.972,461.375,6305.25
436.972,460.273,6305.25
436.972,457.844,6305.25
436.972,457.489,6305.25
436.972,457.768,6305.25
436.972,458.429,6305.25
436.972,458.592,6305.25
436.972,458.293,6305.25
436.972,459.308,6305.25
436.972,459.188,6305.25
436.972,457.093,6305.25
436.972,455.212,6305.25
436.972,455.595,6305.25
436.972,455.71,6305.25
436.972,455.078,6305.25
436.972,456.556,6305.25
436.972,458.705,6305.25
436.972,460.316,6305.25
436.972,463.674,6305.25
436.972,460.048,6305.25
436.972,460.719,6305.25
436.972,461.122,6305.25
436.972,461.794,6305.25
436.972,463.271,6305.25
436.972,464.48,6305.25
436.972,462.17,6305.25
436.972,462.27,6305.25
436.972,462.435,6305.25
436.972,459.497,6305.25
436.972,457.57,6305.25
436.972,455.582,6305.25
436.972,453.654,6305.25
436.972,453.573,6305.25
436.972,452.911,6305.25
436.972,452.869,6305.25
436.972,452.588,6305.25
436.972,452.915,6305.25
436.972,2091.95,6305.25
436.972,724.217,6305.25
436.972,507.813,6305.25
436.972,453.27,6305.25
436.972,451.692,6305.25
436.972,449.734,6305.25
436.972,450.132,6305.25
436.972,450.442,6305.25
436.972,450.015,6305.25
436.972,448.975,6305.25
436.972,449.795,6305.25
436.972,448.942,6305.25
436.972,448.914,6305.25
436.972,449.171,6305.25
436.972,449.726,6305.25
436.972,451.311,6305.25
436.972,452.551,6305.25
436.972,452.391,6305.25
436.972,452.025,6305.25
436.972,451.895,6305.25
436.972,450.669,6305.25
436.972,450.208,6305.25
436.972,450.571,6305.25
436.972,451.47,6305.25
436.972,451.994,6305.25
436.972,452.069,6305.25
436.972,452.293,6305.25
436.972,452.518,6305.25
436.972,452.641,6305.25
436.972,452.428,6305.25
436.972,452.457,6305.25
436.972,452.234,6305.25
436.972,452.401,6305.25
436.972,452.128,6305.25
436.972,452.063,6305.25
436.972,452.202,6305.25
436.972,452.03,6305.25
436.972,451.574,6305.25
436.972,451.614,6305.25
436.972,450.253,6305.25
436.972,449.389,6305.25
436.972,450.171,6305.25
436.972,449.953,6305.25
436.972,450.298,6305.25
436.972,449.532,6305.25
436.972,450.305,6305.25
436.972,450.752,6305.25
436.972,450.554,6305.25
436.972,450.258,6305.25
436.972,449.897,6305.25
436.972,451.02,6305.25
436.972,451.32,6305.25
436.972,450.189,6305.25
436.972,450.646,6305.25
436.972,450.334,6305.25
436.972,450.772,6305.25
436.972,451.619,6305.25
436.972,450.421,6305.25
436.972,450.646,6305.25
436.972,450.721,6305.25
436.972,450.421,6305.25
436.972,451.544,6305.25
436.972,451.17,6305.25
436.972,450.347,6305.25
436.972,449.598,6305.25
436.972,449.897,6305.25
436.972,449.074,6305.25
436.972,447.277,6305.25
436.972,446.678,6305.25
436.972,447.501,6305.25
436.972,447.951,6305.25
436.972,448.25,6305.25
436.972,448.325,6305.25
436.972,448.774,6305.25
436.972,449.227,6305.25
436.972,448.451,6305.25
436.972,449.116,6305.25
436.972,448.879,6305.25
436.972,449.214,6305.25
436.972,448.475,6305.25
436.972,448.924,6305.25
436.972,450.272,6305.25
436.972,449.448,6305.25
436.972,449.223,6305.25
436.972,449.373,6305.25
436.972,449.298,6305.25
436.972,449.188,6305.25
436.972,448.951,6305.25
436.972,450.197,6305.25
436.972,448.849,6305.25
436.972,448.1,6305.25
436.972,448.1,6305.25
436.972,447.876,6305.25
436.972,449.405,6305.25
436.972,448.635,6305.25
436.972,448.1,6305.25
436.972,447.726,6305.25
436.972,447.648,6305.25
436.972,448.475,6305.25
436.972,448.699,6305.25
436.972,447.876,6305.25
436.972,447.801,6305.25
436.972,448.025,6305.25
436.972,447.576,6305.25
436.972,446.453,6305.25
436.972,3817.97,6305.25
436.972,995.617,6305.25
436.972,507.374,6305.25
436.972,451.523,6305.25
436.972,448.806,6305.25
436.972,449.023,6305.25
436.972,449.81,6305.25
436.972,448.559,6305.25
436.972,448.911,6305.25
436.972,447.929,6305.25
436.972,446.301,6305.25
436.972,447.104,6305.25
436.972,449.555,6305.25
436.972,449.382,6305.25
436.972,446.259,6305.25
436.972,444.418,6305.25
436.972,442.948,6305.25
436.972,442.728,6305.25
436.972,4904.77,6305.25
436.972,885.831,6305.25
436.972,506.489,6305.25
436.972,510.167,6305.25
436.972,456.866,6305.25
436.972,453.249,6305.25
436.972,454.298,6305.25
436.972,454.917,6305.25
436.972,453.621,6305.25
436.972,454.134,6305.25
436.972,454.631,6305.25
436.972,453.984,6305.25
436.972,453.804,6305.25
436.972,455.722,6305.25
436.972,455.608,6305.25
436.972,454.418,6305.25
436.972,454.498,6305.25
436.972,452.458,6305.25
436.972,450.171,6305.25
436.972,448.956,6305.25
436.972,449.053,6305.25
436.972,447.274,6305.25
436.972,447.713,6305.25
436.972,446.555,6305.25
436.972,446.76,6305.25
436.972,446.873,6305.25
436.972,447.557,6305.25
436.972,447.378,6305.25
436.972,446.954,6305.25
436.972,447.578,6305.25
436.972,449.443,6305.25
436.972,449.032,6305.25
436.972,447.77,6305.25
436.972,447.355,6305.25
436.972,447.294,6305.25
436.972,446.464,6305.25
436.972,447.225,6305.25
436.972,446.735,6305.25
436.972,448.468,6305.25
436.972,448.434,6305.25
436.972,449.668,6305.25
436.972,449.083,6305.25
436.972,449.349,6305.25
436.972,448.962,6305.25
436.972,450.235,6305.25
436.972,451.547,6305.25
436.972,453.032,6305.25
436.972,453.003,6305.25
436.972,453.953,6305.25
436.972,453.423,6305.25
436.972,453.235,6305.25
436.972,453.735,6305.25
436.972,454.489,6305.25
436.972,455.252,6305.25
436.972,455.888,6305.25
436.972,456.429,6305.25
436.972,456.571,6305.25
436.972,456.973,6305.25
436.972,456.781,6305.25
436.972,457.275,6305.25
436.972,1421.72,6305.25
436.972,614.595,6305.25
436.972,451.755,6305.25
436.972,453.485,6305.25
436.972,452.07,6305.25
436.972,452.875,6305.25
436.972,453.872,6305.25
436.972,453.667,6305.25
436.972,454.259,6305.25
436.972,454.315,6305.25
436.972,453.763,6305.25
436.972,454.056,6305.25
436.972,454.194,6305.25
436.972,454.456,6305.25
436.972,455.082,6305.25
436.972,454.979,6305.25
436.972,455.206,6305.25
436.972,455.356,6305.25
436.972,454.965,6305.25
436.972,454.497,6305.25
436.972,455.189,6305.25
436.972,2305.95,6305.25
436.972,620.59,6305.25
436.972,512.308,6305.25
436.972,457.009,6305.25
436.972,458.087,6305.25
436.972,458.425,6305.25
436.972,456.516,6305.25
436.972,457.488,6305.25
436.972,459.746,6305.25
436.972,459.358,6305.25
436.972,457.917,6305.25
436.972,458.947,6305.25
436.972,458.725,6305.25
436.972,458.448,6305.25
436.972,458.788,6305.25
436.972,458.884,6305.25
436.972,459.579,6305.25
436.972,461.617,6305.25
436.972,461.035,6305.25
436.972,462.215,6305.25
436.972,461.052,6305.25
436.972,461.016,6305.25
436.972,461.321,6305.25
436.972,461.556,6305.25
436.972,461.412,6305.25
436.972,461.459,6305.25
436.972,462.835,6305.25
436.972,462.013,6305.25
436.972,463.159,6305.25
436.972,462.818,6305.25
436.972,462.161,6305.25
436.972,462.579,6305.25
436.972,463.403,6305.25
436.972,464.425,6305.25
436.972,464.48,6305.25
436.972,464.31,6305.25
436.972,464.409,6305.25
436.972,464.557,6305.25
436.972,465.146,6305.25
436.972,1709.53,6305.25
436.972,730.097,6305.25
436.972,451.482,6305.25
436.972,452.263,6305.25
436.972,450.615,6305.25
436.972,450.15,6305.25
436.972,450.528,6305.25
436.972,449.052,6305.25
436.972,448.578,6305.25
436.972,447.063,6305.25
436.972,447.984,6305.25
436.972,448.164,6305.25
436.972,448.052,6305.25
436.972,448.85,6305.25
436.972,448.086,6305.25
436.972,446.673,6305.25
436.972,445.76,6305.25
436.972,446.517,6305.25
436.972,445.908,6305.25
436.972,445.006,6305.25
436.972,444.527,6305.25
436.972,445.279,6305.25
436.972,445.809,6305.25
436.972,445.665,6305.25
436.972,446.493,6305.25
436.972,447.184,6305.25
436.972,446.959,6305.25
436.972,447.464,6305.25
436.972,447.432,6305.25
436.972,446.766,6305.25
436.972,446.045,6305.25
436.972,445.497,6305.25
436.972,447.248,6305.25
436.972,447.114,6305.25
436.972,448.276,6305.25
436.972,447.639,6305.25
436.972,447.1,6305.25
436.972,449.025,6305.25
436.972,450.429,6305.25
436.972,450.142,6305.25
436.972,448.588,6305.25
436.972,446.555,6305.25
436.972,447.526,6305.25
436.972,447.436,6305.25
436.972,446.749,6305.25
436.972,447.163,6305.25
436.972,448.371,6305.25
436.972,449.29,6305.25
436.972,449.033,6305.25
436.972,448.83,6305.25
436.972,449.146,6305.25
436.972,450.332,6305.25
436.972,451.183,6305.25
436.972,450.876,6305.25
436.972,452.124,6305.25
436.972,453.585,6305.25
436.972,454.239,6305.25
436.972,453.829,6305.25
436.972,453.827,6305.25
436.972,454.088,6305.25
436.797,3581.55,6305.25
436.637,890.903,6305.25
436.637,453.77,6305.25
436.637,454.136,6305.25
436.637,454.911,6305.25
436.637,454.84,6305.25
436.637,455.249,6305.25
436.637,454.059,6305.25
436.637,454.165,6305.25
436.637,455.031,6305.25
436.637,454.651,6305.25
436.637,455.662,6305.25
436.637,455.643,6305.25
436.637,455.419,6305.25
436.637,456.5,6305.25
436.637,455.217,6305.25
436.637,455.539,6305.25
436.637,454.778,6305.25
436.637,453.613,6305.25
436.637,451.933,6305.25
436.637,453.053,6305.25
436.637,452.65,6305.25
436.637,454.216,6305.25
436.637,453.506,6305.25
436.637,453.578,6305.25
436.637,453.723,6305.25
436.637,454.888,6305.25
436.637,455.833,6305.25
436.637,456.247,6305.25
436.637,456.172,6305.25
436.637,455.309,6305.25
436.637,454.89,6305.25
436.637,455.111,6305.25
436.637,454.888,6305.25
436.637,455.183,6305.25
436.637,454.897,6305.25
436.637,453.185,6305.25
436.637,453.506,6305.25
436.637,452.971,6305.25
436.637,454.231,6305.25
436.637,453.696,6305.25
436.637,455.289,6305.25
436.637,456.392,6305.25
436.637,456.26,6305.25
436.637,455.86,6305.25
436.637,456.822,6305.25
436.637,457.143,6305.25
436.637,455.753,6305.25
436.637,456.288,6305.25
436.637,455.218,6305.25
436.637,454.469,6305.25
436.637,453.771,6305.25
436.637,454.79,6305.25
436.637,454.895,6305.25
436.637,455.428,6305.25
436.637,454.138,6305.25
436.637,455.524,6305.25
436.637,456.057,6305.25
436.637,456.478,6305.25
436.637,457.421,6305.25
436.637,457.096,6305.25
436.637,457.51,6305.25
436.637,457.611,6305.25
436.637,457.62,6305.25
436.637,3106.38,6305.25
436.637,668.303,6305.25
436.637,508.429,6305.25
436.637,456.621,6305.25
436.637,454.718,6305.25
436.637,455.515,6305.25
436.637,455.668,6305.25
436.637,454.891,6305.25
436.637,453.989,6305.25
436.637,452.343,6305.25
436.637,450.899,6305.25
436.637,450.323,6305.25
436.637,451.5,6305.25
436.637,453.337,6305.25
436.637,454.569,6305.25
436.637,455.415,6305.25
436.637,453.839,6305.25
436.637,454.076,6305.25
436.637,454.829,6305.25
436.637,456.732,6305.25
436.637,456.034,6305.25
436.637,454.496,6305.25
436.637,454.618,6305.25
436.637,455.736,6305.25
436.637,455.404,6305.25
436.637,456.622,6305.25
436.637,456.726,6305.25
436.637,456.01,6305.25
436.637,454.519,6305.25
436.637,452.858,6305.25
436.637,452.858,6305.25
436.637,452.969,6305.25
436.637,452.194,6305.25
436.637,451.862,6305.25
436.637,452.083,6305.25
436.637,451.973,6305.25
436.637,451.751,6305.25
436.637,453.522,6305.25
436.637,452.415,6305.25
436.637,452.637,6305.25
436.637,452.415,6305.25
436.637,452.083,6305.25
436.637,452.415,6305.25
436.637,452.637,6305.25
436.637,453.412,6305.25
436.637,453.744,6305.25
436.637,453.965,6305.25
436.637,452.526,6305.25
436.637,451.402,6305.25
436.637,453.517,6305.25
436.637,452.748,6305.25
436.637,452.299,6305.25
436.637,453.685,6305.25
436.637,454.408,6305.25
436.637,454.74,6305.25
436.637,455.02,6305.25
436.637,453.522,6305.25
436.637,454.076,6305.25
436.637,454.076,6305.25
436.637,453.412,6305.25
436.637,454.629,6305.25
436.637,455.072,6305.25
436.637,454.186,6305.25
436.637,452.911,6305.25
436.637,454.076,6305.25
436.637,454.408,6305.25
436.637,455.515,6305.25
436.637,456.724,6305.25
436.637,458.367,6305.25
436.637,458.784,6305.25
436.637,459.942,6305.25
436.637,460.014,6305.25
436.637,459.942,6305.25
436.637,2522.58,6305.25
436.637,666.964,6305.25
436.637,455.084,6305.25
436.637,454.904,6305.25
436.637,453.908,6305.25
436.637,456.495,6305.25
436.637,456.337,6305.25
436.637,456.527,6305.25
436.637,456.319,6305.25
436.637,455.909,6305.25
436.637,454.957,6305.25
436.637,454.416,6305.25
436.637,452.928,6305.25
436.637,453.258,6305.25
436.637,453.538,6305.25
436.637,453.465,6305.25
436.637,453.267,6305.25
436.637,454.33,6305.25
436.637,455.963,6305.25
436.637,456.211,6305.25
436.637,457.775,6305.25
436.637,458.921,6305.25
436.637,460.015,6305.25
436.637,461.177,6305.25
436.637,459.32,6305.25
436.637,460.476,6305.25
436.637,461.399,6305.25
436.637,461.125,6305.25
436.637,461.16,6305.25
436.637,462.091,6305.25
436.637,461.773,6305.25
436.637,458.449,6305.25
436.637,457.752,6305.25
436.637,458.932,6305.25
436.637,458.433,6305.25
436.637,459.388,6305.25
436.637,459.249,6305.25
436.637,461.082,6305.25
436.637,460.306,6305.25
436.637,460.816,6305.25
436.637,461.49,6305.25
436.637,460.94,6305.25
436.637,462.51,6305.25
436.637,463.64,6305.25
436.637,463.622,6305.25
436.637,463.903,6305.25
436.637,463.508,6305.25
436.637,463.903,6305.25
436.637,464.167,6305.25
436.637,3542.49,6305.25
436.637,949.183,6305.25
436.637,511.641,6305.25
436.637,511.079,6305.25
436.637,453.005,6305.25
436.637,451.31,6305.25
436.637,451.675,6305.25
436.637,452.295,6305.25
436.637,452.478,6305.25
436.637,452.15,6305.25
436.637,453.004,6305.25
436.637,452,6305.25
436.637,452.43,6305.25
436.637,454.013,6305.25
436.637,453.312,6305.25
436.637,454.537,6305.25
436.637,454.571,6305.25
436.637,454.229,6305.25
436.637,452.377,6305.25
436.637,452.125,6305.25
436.637,451.331,6305.25
436.637,450.779,6305.25
436.637,450.918,6305.25
436.637,451.905,6305.25
436.637,451.915,6305.25
436.637,453.489,6305.25
436.637,455.69,6305.25
436.637,454.097,6305.25
436.637,454.931,6305.25
436.637,455.037,6305.25
436.637,455.289,6305.25
436.637,456.201,6305.25
436.637,455.003,6305.25
436.637,457.014,6305.25
436.637,457.461,6305.25
436.637,458.33,6305.25
436.637,458.839,6305.25
436.637,457.678,6305.25
436.637,456.921,6305.25
436.637,457.572,6305.25
436.637,456.564,6305.25
436.637,455.873,6305.25
436.637,455.089,6305.25
436.637,455.678,6305.25
436.637,456.701,6305.25
436.637,458.444,6305.25
436.637,459.685,6305.25
436.637,459.873,6305.25
436.637,460.212,6305.25
436.637,460.94,6305.25
436.637,2838.32,6305.25
436.637,886.075,6305.25
436.637,558.749,6305.25
436.637,503.72,6305.25
436.637,449.824,6305.25
436.637,450.32,6305.25
436.637,450.645,6305.25
436.637,450.618,6305.25
436.637,453.019,6305.25
436.637,454.513,6305.25
436.637,456.498,6305.25
436.637,454.545,6305.25
436.637,454.518,6305.25
436.637,454.165,6305.25
436.637,452.8,6305.25
436.637,452.04,6305.25
436.637,452,6305.25
436.637,454.678,6305.25
436.637,453.696,6305.25
436.637,453.501,6305.25
436.637,453.159,6305.25
436.637,452.935,6305.25
436.637,453.169,6305.25
436.637,451.928,6305.25
436.637,451.671,6305.25
436.637,450.207,6305.25
436.637,448.496,6305.25
436.637,448.335,6305.25
436.637,447.169,6305.25
436.637,448.283,6305.25
436.637,448.54,6305.25
436.637,448.111,6305.25
436.637,448.026,6305.25
436.637,448.283,6305.25
436.637,448.283,6305.25
436.637,448.54,6305.25
436.637,446.998,6305.25
436.637,446.734,6305.25
436.637,446.998,6305.25
436.637,447.255,6305.25
436.637,448.026,6305.25
436.637,448.711,6305.25
436.637,449.996,6305.25
436.637,449.396,6305.25
436.637,448.197,6305.25
436.637,447.769,6305.25
436.637,446.569,6305.25
436.637,446.055,6305.25
436.637
